const double Mfrac_bar_200[30][30] = {
{ 0.128106530,   0.087204298,     0.062074190,     0.063879994,     0.053355427,     0.041945598,     0.026326865,     0.015934377, 0.005770635, 0.008443858, -0.004824451, 0.024581316, 0.028495534, 0.035259077, 0.022906609, 0.030314496, 0.020909014, 0.024448753, 0.012213506, 0.013889373, 0.020820276, 0.012976829, 0.043652724, 0.037408879, 0.026528949, 0.019832661, 0.013693482, 0.010740741, 0.006002858, 0.001253683, },
{ 0.087204298,   0.084197403,     0.054082213,     0.053545732,     0.048119277,     0.041451018,     0.029743609,     0.022664880, 0.013546834, 0.016571580, 0.006655513,  0.021847523, 0.023791735, 0.029353139, 0.020352419, 0.025873452, 0.021662266, 0.021921899, 0.016644984, 0.014229793, 0.020609057, 0.017157839, 0.038978070, 0.035143658, 0.027998707, 0.023775771, 0.020054328, 0.017944352, 0.014550204, 0.009986018, },
{ 0.062074190,   0.054082213,     0.052374727,     0.044758828,     0.043193043,     0.037042197,     0.032523243,     0.027930297, 0.024900684, 0.025335196, 0.021260279,  0.015528487, 0.019827642, 0.022867648, 0.021937029, 0.026757352, 0.024245591, 0.023061454, 0.024283318, 0.020019306, 0.024183840, 0.021335595, 0.035286618, 0.033329098, 0.029103338, 0.026802188, 0.024614911, 0.024227650, 0.022579367, 0.020604727, },
{ 0.063879994,   0.053545732,     0.044758828,     0.055859833,     0.044023651,     0.039780754,     0.032931166,     0.029356998, 0.024752540, 0.025218013, 0.019557150,  0.018422045, 0.019917611, 0.025261724, 0.019265166, 0.023748040, 0.023180822, 0.023780988, 0.023575777, 0.019121034, 0.024018058, 0.022326633, 0.034076587, 0.033558402, 0.029514272, 0.027369568, 0.025130439, 0.023327442, 0.020776476, 0.018821151, },
{ 0.053355427,   0.048119277,     0.043193043,     0.044023651,     0.047440398,     0.039687701,     0.035304613,     0.031692619, 0.028949086, 0.030386098, 0.024242588,  0.014052192, 0.016773327, 0.022164743, 0.018047498, 0.025811014, 0.025344815, 0.025895033, 0.025044915, 0.022032182, 0.029046623, 0.022803939, 0.032034347, 0.032277866, 0.029915304, 0.028918198, 0.028194113, 0.027188752, 0.025644918, 0.024959424, },
{ 0.041945598,   0.041451018,     0.037042197,     0.039780754,     0.039687701,     0.045372779,     0.036701391,     0.035908419, 0.034017995, 0.035556161, 0.030415523,  0.011766450, 0.015873082, 0.020486825, 0.018080507, 0.023853564, 0.023938674, 0.023570526, 0.023409877, 0.025274901, 0.029554326, 0.026039677, 0.028815297, 0.030571184, 0.030457216, 0.030763164, 0.031371755, 0.030202931, 0.029245256, 0.028239491, },
{ 0.026326865,   0.029743609,     0.032523243,     0.032931166,     0.035304613,     0.036701391,     0.043440201,     0.041388004, 0.041099736, 0.041742610, 0.044641708,  0.008865424, 0.012657088, 0.013874870, 0.020185631, 0.021279949, 0.023795135, 0.023900382, 0.028241968, 0.027923897, 0.031774048, 0.030782823, 0.027182018, 0.029878274, 0.031904616, 0.033706449, 0.035256235, 0.035958999, 0.037136848, 0.038132543, },
{ 0.015934377,   0.022664880,     0.027930297,     0.029356998,     0.031692619,     0.035908419,     0.041388004,     0.048427579, 0.046016488, 0.048500813, 0.054681296,  0.006151843, 0.009116677, 0.010852242, 0.019311763, 0.020366855, 0.025644150, 0.024258996, 0.030266304, 0.030170176, 0.033470097, 0.033472203, 0.024945842, 0.028711278, 0.032240394, 0.035691358, 0.038320406, 0.040212370, 0.042298276, 0.044454695, },
{ 0.005770635,   0.013546834,     0.024900684,     0.024752540,     0.028949086,     0.034017995,     0.041099736,     0.046016488, 0.060965102, 0.053205591, 0.063675822,  0.003371609, 0.006923938, 0.007590694, 0.020429528, 0.020815340, 0.025640936, 0.024582271, 0.031020615, 0.029656130, 0.034860299, 0.033646940, 0.022092301, 0.026854626, 0.032215087, 0.036862114, 0.042185599, 0.044809747, 0.047895360, 0.050659072, },
{ 0.008443858,   0.016571580,     0.025335196,     0.025218013,     0.030386098,     0.035556161,     0.041742610,     0.048500813, 0.053205591, 0.072751019, 0.071847564,  0.004282559, 0.009980848, 0.008398894, 0.016364338, 0.018967426, 0.027378713, 0.021613983, 0.031555268, 0.033320476, 0.038798525, 0.034705020, 0.022046576, 0.026520450, 0.031724685, 0.036426368, 0.042612308, 0.047183433, 0.051091410, 0.052532774, },
{ -0.004824451,  0.006655513,     0.021260279,     0.019557150,     0.024242588,     0.030415523,     0.044641708,     0.054681296, 0.063675822, 0.071847564, 0.110432100,  -0.001286748,            0.004054431, -0.002309215,            0.020213379, 0.018379019, 0.027500055, 0.021111640, 0.036174195, 0.034034913, 0.030981852, 0.038138360, 0.020468961, 0.025369199, 0.032714142, 0.039174908, 0.047500359, 0.056398813, 0.064342264, 0.068057615, },
{ 0.024581316,   0.021847523,     0.015528487,     0.018422045,     0.014052192,     0.011766450,     0.008865424,     0.006151843, 0.003371609, 0.004282559, -0.001286748, 0.046680230,             0.017967947, 0.015205658,             0.005127984, 0.003383615, 0.001232047, 0.000102463, 0.002028375, 0.001917801, 0.008245461, 0.008852249, 0.012538744, 0.011523770, 0.009409113, 0.008041961, 0.006109534, 0.003752929, 0.001119615, 0.001446198, },
{ 0.028495534,   0.023791735,     0.019827642,     0.019917611,     0.016773327,     0.015873082,     0.012657088,     0.009116677, 0.006923938, 0.009980848, 0.004054431,  0.017967947,             0.055880040, 0.017718424,             0.010309166, 0.008670205, 0.010254050, 0.009667140, 0.006368324, 0.002394242, 0.015596797, 0.010515220, 0.015443690, 0.014351533, 0.012227638, 0.010887459, 0.009263534, 0.007746749, 0.005862920, 0.004696811, },
{ 0.035259077,   0.029353139,     0.022867648,     0.025261724,     0.022164743,     0.020486825,     0.013874870,     0.010852242, 0.007590694, 0.008398894, -0.002309215, 0.015205658,             0.017718424, 0.058982810,             0.011350403, 0.018209450, 0.014508864, 0.011879133, 0.010211918, 0.008569946, 0.019862539, 0.011367544, 0.017054371, 0.016785603, 0.014493192, 0.012878980, 0.011570441, 0.008754391, 0.004993184, 0.003199901, },
{ 0.022906609,   0.020352419,     0.021937029,     0.019265166,     0.018047498,     0.018080507,     0.020185631,     0.019311763, 0.020429528, 0.016364338, 0.020213379,  0.005127984,             0.010309166, 0.011350403,             0.080772284, 0.020978604, 0.024042885, 0.023658295, 0.022653106, 0.023516164, 0.021920646, 0.023000864, 0.020107345, 0.019958261, 0.019088932, 0.018916535, 0.017661879, 0.017915339, 0.018460815, 0.019587313, },
{ 0.030314496,   0.025873452,     0.026757352,     0.023748040,     0.025811014,     0.023853564,     0.021279949,     0.020366855, 0.020815340, 0.018967426, 0.018379019,  0.003383615,             0.008670205, 0.018209450,             0.020978604, 0.076657018, 0.023964429, 0.026896920, 0.026289230, 0.025578146, 0.024827390, 0.022048928, 0.020589150, 0.020840365, 0.020055074, 0.019545546, 0.019536393, 0.018849451, 0.018368812, 0.018178785, },
{ 0.020909014,   0.021662266,     0.024245591,     0.023180822,     0.025344815,     0.023938674,     0.023795135,     0.025644150, 0.025640936, 0.027378713, 0.027500055,  0.001232047,             0.010254050, 0.014508864,             0.024042885, 0.023964429, 0.085155501, 0.028913016, 0.035285167, 0.026617134, 0.032008000, 0.026457293, 0.021628519, 0.022630580, 0.022745055, 0.023869906, 0.024022491, 0.024901410, 0.025945230, 0.026540645, },
{ 0.024448753,   0.021921899,     0.023061454,     0.023780988,     0.025895033,     0.023570526,     0.023900382,     0.024258996, 0.024582271, 0.021613983, 0.021111640,  0.000102463,             0.009667140, 0.011879133,             0.023658295, 0.026896920, 0.028913016, 0.085125767, 0.029921310, 0.031454848, 0.028911984, 0.029421176, 0.021381562, 0.022528542, 0.022833633, 0.023556080, 0.023850518, 0.024225694, 0.025441073, 0.026329854, },
{ 0.012213506,   0.016644984,     0.024283318,     0.023575777,     0.025044915,     0.023409877,     0.028241968,     0.030266304, 0.031020615, 0.031555268, 0.036174195,  0.002028375,             0.006368324, 0.010211918,             0.022653106, 0.026289230, 0.035285167, 0.029921310, 0.102655240, 0.032517256, 0.035587900, 0.041175839, 0.021482350, 0.023234547, 0.024530007, 0.026049890, 0.026928635, 0.028932800, 0.031305216, 0.034257384, },
{ 0.013889373,   0.014229793,     0.020019306,     0.019121034,     0.022032182,     0.025274901,     0.027923897,     0.030170176, 0.029656130, 0.033320476, 0.034034913,  0.001917801,             0.002394242, 0.008569946,             0.023516164, 0.025578146, 0.026617134, 0.031454848, 0.032517256, 0.107530280, 0.045556098, 0.043150504, 0.019993907, 0.021990638, 0.023841923, 0.025377029, 0.026430500, 0.027899567, 0.030618886, 0.033578442, },
{ 0.020820276,   0.020609057,     0.024183840,     0.024018058,     0.029046623,     0.029554326,     0.031774048,     0.033470097, 0.034860299, 0.038798525, 0.030981852,  0.008245461,             0.015596797, 0.019862539,             0.021920646, 0.024827390, 0.032008000, 0.028911984, 0.035587900, 0.045556098, 0.160643320, 0.051176260, 0.022507809, 0.025147533, 0.026882156, 0.028056052, 0.029491727, 0.029139323, 0.030708242, 0.032639785, },
{ 0.012976829,   0.017157839,     0.021335595,     0.022326633,     0.022803939,     0.026039677,     0.030782823,     0.033472203, 0.033646940, 0.034705020, 0.038138360,  0.008852249,             0.010515220, 0.011367544,             0.023000864, 0.022048928, 0.026457293, 0.029421176, 0.041175839, 0.043150504, 0.051176260, 0.102213410, 0.021885753, 0.024152222, 0.026628760, 0.028929853, 0.029808095, 0.032538701, 0.035194788, 0.039195599, },
{ 0.043652724,   0.038978070,     0.035286618,     0.034076587,     0.032034347,     0.028815297,     0.027182018,     0.024945842, 0.022092301, 0.022046576, 0.020468961,  0.012538744,             0.015443690, 0.017054371,             0.020107345, 0.020589150, 0.021628519, 0.021381562, 0.021482350, 0.019993907, 0.022507809, 0.021885753, 0.037624123, 0.031780181, 0.027259731, 0.024890116, 0.022746644, 0.022647027, 0.022082356, 0.022057235, },
{ 0.037408879,   0.035143658,     0.033329098,     0.033558402,     0.032277866,     0.030571184,     0.029878274,     0.028711278, 0.026854626, 0.026520450, 0.025369199,  0.011523770,             0.014351533, 0.016785603,             0.019958261, 0.020840365, 0.022630580, 0.022528542, 0.023234547, 0.021990638, 0.025147533, 0.024152222, 0.031780181, 0.030444108, 0.028306819, 0.027527979, 0.026614958, 0.026639414, 0.026474268, 0.026852874, },
{ 0.026528949,   0.027998707,     0.029103338,     0.029514272,     0.029915304,     0.030457216,     0.031904616,     0.032240394, 0.032215087, 0.031724685, 0.032714142,  0.009409113,             0.012227638, 0.014493192,             0.019088932, 0.020055074, 0.022745055, 0.022833633, 0.024530007, 0.023841923, 0.026882156, 0.026628760, 0.027259731, 0.028306819, 0.029289242, 0.030062810, 0.030758031, 0.031127615, 0.031872455, 0.033008812, },
{ 0.019832661,   0.023775771,     0.026802188,     0.027369568,     0.028918198,     0.030763164,     0.033706449,     0.035691358, 0.036862114, 0.036426368, 0.039174908,  0.008041961,             0.010887459, 0.012878980,             0.018916535, 0.019545546, 0.023869906, 0.023556080, 0.026049890, 0.025377029, 0.028056052, 0.028929853, 0.024890116, 0.027527979, 0.030062810, 0.032752154, 0.034470450, 0.035472759, 0.037123358, 0.038947771, },
{ 0.013693482,   0.020054328,     0.024614911,     0.025130439,     0.028194113,     0.031371755,     0.035256235,     0.038320406, 0.042185599, 0.042612308, 0.047500359,  0.006109534,             0.009263534, 0.011570441,             0.017661879, 0.019536393, 0.024022491, 0.023850518, 0.026928635, 0.026430500, 0.029491727, 0.029808095, 0.022746644, 0.026614958, 0.030758031, 0.034470450, 0.039375979, 0.041139532, 0.043955866, 0.046364269, },
{ 0.010740741,   0.017944352,     0.024227650,     0.023327442,     0.027188752,     0.030202931,     0.035958999,     0.040212370, 0.044809747, 0.047183433, 0.056398813,  0.003752929,             0.007746749, 0.008754391,             0.017915339, 0.018849451, 0.024901410, 0.024225694, 0.028932800, 0.027899567, 0.029139323, 0.032538701, 0.022647027, 0.026639414, 0.031127615, 0.035472759, 0.041139532, 0.047671697, 0.051718066, 0.055075030, },
{ 0.006002858,   0.014550204,     0.022579367,     0.020776476,     0.025644918,     0.029245256,     0.037136848,     0.042298276, 0.047895360, 0.051091410, 0.064342264,  0.001119615,             0.005862920, 0.004993184,             0.018460815, 0.018368812, 0.025945230, 0.025441073, 0.031305216, 0.030618886, 0.030708242, 0.035194788, 0.022082356, 0.026474268, 0.031872455, 0.037123358, 0.043955866, 0.051718066, 0.061323047, 0.064162346, },
{ 0.001253683,   0.009986018,     0.020604727,     0.018821151,     0.024959424,     0.028239491,     0.038132543,     0.044454695, 0.050659072, 0.052532774, 0.068057615,  0.001446198,             0.004696811, 0.003199901,             0.019587313, 0.018178785, 0.026540645, 0.026329854, 0.034257384, 0.033578442, 0.032639785, 0.039195599, 0.022057235, 0.026852874, 0.033008812, 0.038947771, 0.046364269, 0.055075030, 0.064162346, 0.078275339, }
};


const double Mfrac_bar_475[24][24] = {
{ 0.046850683,  0.038623669,  0.037403806,  0.033198862,  0.029718628,  0.025800505,  0.023916809,  0.021520325,  0.020294666,  0.023980126,  0.024057291 ,  0.02363426,  0.024246114,  0.021138579,  0.025697163,  0.023701831,  0.032524272,  0.032495413,  0.029557541,  0.028089907,  0.026263042,  0.024679191,  0.023007393,  0.022160636 },
{ 0.038623669,  0.041905282,  0.037867115,  0.034834212 ,  0.03265888,  0.029584137 ,  0.02905084,  0.025950815,  0.018676707,  0.025160692,  0.025648216 ,  0.02544783,  0.025452071,  0.023420506,  0.029323125,  0.024843973,  0.030645497,  0.031476932,  0.029948045,  0.029597112 ,  0.02926725,  0.029083776,  0.028452181,  0.028788549 },
{ 0.037403806,  0.037867115,  0.043304237,  0.035988796 ,  0.03452444,  0.032077122,  0.031107065,  0.026008401,  0.018600187,  0.024161438,  0.024128928,  0.023205277,  0.023594038,  0.025238428,  0.030194035,  0.026764878,  0.028446568,  0.030449758 ,  0.03038725,  0.030815222,  0.031586702,  0.030579424,  0.030095618  ,  0.0296637 },
{ 0.033198862,  0.034834212,  0.035988796,  0.040637625 ,  0.03826859,  0.037181227,  0.037463752 ,  0.03540997,  0.019608282 ,  0.02125863,  0.022729904,  0.023563828,  0.026577871,  0.028608328,  0.033024873,  0.030483115,  0.026808349,  0.029682453,  0.031530124,  0.033170729,  0.034863548,  0.035509472,  0.036832464,  0.038227929 },
{ 0.029718628 ,  0.03265888 ,  0.03452444 ,  0.03826859,  0.044780233,  0.042140942,  0.044350643,  0.044168788,  0.019076451,  0.022247561  ,  0.0261035,  0.024957577,  0.030173527,  0.030587659,  0.034243808,  0.032847794 ,  0.02480606  ,  0.0286368,  0.031919889,  0.035168631,  0.037993699,  0.040219696,  0.042734166 ,  0.04561767 },
{ 0.025800505,  0.029584137,  0.032077122,  0.037181227,  0.042140942,  0.052843254,  0.047367096,  0.050809801,  0.021090351,  0.021699334,  0.026797637,  0.025903145,  0.032460977,  0.030391009 ,  0.03445304,  0.032905532,  0.022707845 ,  0.02718533,  0.032028883,  0.036420649,  0.041427814,  0.044630159,  0.048463396 ,  0.05199348 },
{ 0.023916809 ,  0.02905084,  0.031107065,  0.037463752,  0.044350643,  0.047367096,  0.061504818,  0.057120968,  0.018496647,  0.020813903,  0.029319651,  0.025866279,  0.035430994,  0.034440393 ,  0.03618261 ,  0.03522682,  0.022224789,  0.026601353,  0.031631265,  0.036277982,  0.041947334,  0.047479188,  0.052404578,  0.055517199 },
{ 0.021520325,  0.025950815,  0.026008401 ,  0.03540997,  0.044168788,  0.050809801,  0.057120968,  0.076480554,  0.022873686,  0.022624784,  0.028886282 ,  0.02432415,  0.037345937,  0.032840578,  0.029090019 ,  0.03508207,  0.021683292,  0.025999216,  0.031910972,  0.037145139,  0.043534119,  0.051216068,  0.058233103 ,  0.06296295 },
{ 0.020294666,  0.018676707,  0.018600187,  0.019608282,  0.019076451,  0.021090351,  0.018496647,  0.022873686,  0.081356362,  0.020989021,  0.024042824,  0.023658295,  0.022653106,  0.023533932,  0.021920646,  0.023000356,  0.020107345,  0.019958261,  0.019088932,  0.018916536,  0.017661879,  0.017915339,  0.018460816,  0.019587313 },
{ 0.023980126,  0.025160692,  0.024161438 ,  0.02125863,  0.022247561,  0.021699334,  0.020813903,  0.022624784,  0.020989021,  0.076445306 ,  0.02397424,  0.026899849,  0.026295804,  0.025597709,  0.024832472 ,  0.02202609,  0.020582919,  0.020833966,  0.020053307,  0.019546412,  0.019541433,  0.018863704,  0.018391373,  0.018215984 },
{ 0.024057291,  0.025648216,  0.024128928,  0.022729904  ,  0.0261035,  0.026797637,  0.029319651,  0.028886282,  0.024042824 ,  0.02397424,  0.085887426,  0.028908502 ,  0.03528148,  0.026631881,  0.031997413,  0.026455594,  0.021627633,  0.022629205,  0.022742993,  0.023866198,  0.024018367,  0.024896663,  0.025939504,  0.026533796 },
 { 0.02363426 ,  0.02544783,  0.023205277,  0.023563828,  0.024957577,  0.025903145,  0.025866279 ,  0.02432415,  0.023658295,  0.026899849,  0.028908502,  0.084658638 ,  0.02992131,  0.031448657,  0.028911984,  0.029422615,  0.021381562,  0.022528542,  0.022833631 ,  0.02355608,  0.023850518,  0.024225695,  0.025441073,  0.026329855 },
{ 0.024246114,  0.025452071,  0.023594038,  0.026577871,  0.030173527,  0.032460977,  0.035430994,  0.037345937,  0.022653106,  0.026295804 ,  0.03528148 ,  0.02992131 ,  0.10303354,  0.032537039  ,  0.0355879,  0.041178519 ,  0.02148235,  0.023234547,  0.024530006,  0.026049889,  0.026928635  ,  0.0289328,  0.031305217,  0.034257383 },
{ 0.021138579,  0.023420506,  0.025238428,  0.028608328,  0.030587659,  0.030391009,  0.034440393,  0.032840578,  0.023533932,  0.025597709,  0.026631881,  0.031448657,  0.032537039 ,  0.10657314,  0.045514685,  0.043131572,  0.019998732,  0.021997527,  0.023849789,  0.025388993,  0.026441621  ,  0.0279094 ,  0.03063261,  0.033583491 },
{ 0.025697163,  0.029323125,  0.030194035,  0.033024873,  0.034243808 ,  0.03445304 ,  0.03618261,  0.029090019,  0.021920646,  0.024832472,  0.031997413,  0.028911984  ,  0.0355879,  0.045514685 ,  0.16021411,  0.051183295,  0.022507809,  0.025147532,  0.026882156,  0.028056051,  0.029491725,  0.029139324,  0.030708243,  0.032639785 },
{ 0.023701831,  0.024843973,  0.026764878,  0.030483115,  0.032847794,  0.032905532 ,  0.03522682 ,  0.03508207,  0.023000356 ,  0.02202609,  0.026455594,  0.029422615,  0.041178519,  0.043131572,  0.051183295 ,  0.10180252,  0.021885798,  0.024153132,  0.026630421,  0.028932452 ,  0.02981149,  0.032543132,  0.035200336,  0.039202089 },
{ 0.032524272,  0.030645497,  0.028446568,  0.026808349 ,  0.02480606,  0.022707845,  0.022224789,  0.021683292,  0.020107345,  0.020582919,  0.021627633,  0.021381562 ,  0.02148235,  0.019998732,  0.022507809,  0.021885798,  0.037624124,  0.031780182 ,  0.02725973,  0.024890118,  0.022746644,  0.022647026,  0.022082358,  0.022057236 },
{ 0.032495413,  0.031476932,  0.030449758,  0.029682453  ,  0.0286368 ,  0.02718533,  0.026601353,  0.025999216,  0.019958261,  0.020833966,  0.022629205,  0.022528542,  0.023234547,  0.021997527,  0.025147532,  0.024153132,  0.031780182,  0.030444109,  0.028306819 ,  0.02752798,  0.026614958,  0.026639414,  0.026474268,  0.026852874 },
{ 0.029557541,  0.029948045 ,  0.03038725,  0.031530124,  0.031919889,  0.032028883,  0.031631265,  0.031910972,  0.019088932,  0.020053307,  0.022742993,  0.022833631,  0.024530006,  0.023849789,  0.026882156,  0.026630421 ,  0.02725973,  0.028306819,  0.029289241,  0.030062808 ,  0.03075803,  0.031127615,  0.031872453,  0.033008811 },
{ 0.028089907,  0.029597112,  0.030815222,  0.033170729,  0.035168631,  0.036420649,  0.036277982,  0.037145139,  0.018916536,  0.019546412,  0.023866198 ,  0.02355608,  0.026049889,  0.025388993,  0.028056051,  0.028932452,  0.024890118 ,  0.02752798,  0.030062808,  0.032752151,  0.034470447,  0.035472759,  0.037123354,  0.038947766 },
{ 0.026263042 ,  0.02926725,  0.031586702,  0.034863548,  0.037993699,  0.041427814,  0.041947334,  0.043534119,  0.017661879,  0.019541433,  0.024018367,  0.023850518,  0.026928635,  0.026441621,  0.029491725 ,  0.02981149,  0.022746644,  0.026614958 ,  0.03075803,  0.034470447,  0.039375979,  0.041139535,  0.043955863,  0.046364267 },
{ 0.024679191,  0.029083776,  0.030579424,  0.035509472,  0.040219696,  0.044630159,  0.047479188,  0.051216068,  0.017915339,  0.018863704,  0.024896663,  0.024225695  ,  0.0289328  ,  0.0279094,  0.029139324,  0.032543132,  0.022647026,  0.026639414,  0.031127615,  0.035472759,  0.041139535,  0.047671703,  0.051718066,  0.055075032 },
{ 0.023007393,  0.028452181,  0.030095618,  0.036832464,  0.042734166,  0.048463396,  0.052404578,  0.058233103,  0.018460816,  0.018391373,  0.025939504,  0.025441073,  0.031305217 ,  0.03063261,  0.030708243,  0.035200336,  0.022082358,  0.026474268,  0.031872453,  0.037123354,  0.043955863,  0.051718066,  0.061323042 ,  0.06416234 },
{ 0.022160636,  0.028788549  ,  0.0296637,  0.038227929 ,  0.04561767 ,  0.05199348,  0.055517199 ,  0.06296295,  0.019587313,  0.018215984,  0.026533796,  0.026329855,  0.034257383,  0.033583491,  0.032639785,  0.039202089,  0.022057236,  0.026852874,  0.033008811,  0.038947766,  0.046364267,  0.055075032 ,  0.06416234,  0.078275336 }
};


