0.00277413     0.00233459     0.000878757     6.81837e-05     2.55893e-06     0.00125679     0.000933914     -9.84755e-05     -0.00123052     0.0020827     0.00133839     -0.00135054     -0.000423023     -0.00315301     -0.00170033     -0.00398541     0.000378561     0.00116195     -0.000507826     -0.000950987     -0.00181207     
0.00019955     -0.00190113     0.00483886     -0.000502225     0.000191489     0.00142485     0.00316814     -0.00161222     -0.00388022     0.00736319     0.00488425     -0.00259057     -0.00192843     -0.00696252     -0.00130062     -0.00155179     -0.005651     0.000148042     -0.00222888     -0.00375498     -0.00196074     
0.000686461     0.00794017     -0.00491479     0.00165021     0.000165839     -0.00333076     -0.00726236     0.00466562     0.00424347     -0.00775949     -0.00737599     0.00472938     0.00125064     0.00820096     -0.00166081     -0.00363082     0.00873144     0.00355514     0.000948881     0.0122692     -0.00132401     
-0.000439505     -0.00353371     0.00440105     -0.000909947     -0.000287667     0.0014081     0.00287959     -0.00253852     -0.00254543     0.00669341     0.00525046     -0.00135784     -0.00149407     -0.00741476     -0.00167841     -0.000138077     -0.00543592     0.000558009     -0.00393249     -0.00407829     0.00169037     
0.000473645     -0.00302613     0.00233788     -0.000161026     0.00105653     0.00190326     0.0024419     -0.00176404     -0.00211203     0.00411157     0.00454965     -0.00168921     -0.00216402     -0.00365662     0.000704796     0.000661121     -0.00510048     -0.00310179     -0.00115841     -0.00524047     0.00154951     
-0.000617886     -0.00365839     0.0045767     2.8635e-05     0.00199369     0.000804925     0.00324515     -0.00300153     -0.00417229     0.00524177     0.00574518     -0.00181883     -0.00121892     -0.0054239     0.00134911     0.00208326     -0.00541509     -0.00300927     -0.00315915     -0.000795075     -0.00169825     
0.000149065     0.00128174     -0.0011348     0.00120369     0.00125867     -0.00203055     -0.00206445     0.00082154     0.00173435     -0.00264379     -0.00168627     0.00327323     1.61635e-05     0.00253304     -6.2017e-05     -0.00196324     0.00440039     -0.000418699     0.00131927     0.00486235     -0.00339158     
0.000451915     -0.00194812     0.00276957     -0.000971567     0.00040573     0.00240319     0.00331834     -0.00130275     -0.00181767     0.00181035     0.00304775     -0.00333392     0.000177351     -0.00268133     0.00241212     0.00425263     -0.00450467     -0.00304367     -0.00186269     -0.00373158     0.00197321     
-0.000888588     0.00407009     -0.00371702     0.002493     0.000278093     -0.00672393     -0.00810666     0.00333532     0.00607314     -0.00556994     -0.00695698     0.00926641     0.00191702     0.00576276     -0.00316269     -0.00641328     0.00988921     0.00398145     0.00420628     0.0142807     -0.00495382     
-0.00157387     0.00679379     -0.0019309     0.00190487     0.00235989     -0.00590914     -0.0053388     0.00205731     0.00338248     -0.007211     -0.00538547     0.00620534     0.00361983     0.0048481     0.000596578     -0.0016567     0.00691503     -0.000674807     -0.0019916     0.0147969     -0.00369207     
0.00044825     -0.00421456     0.00257364     -4.66058e-05     0.000437571     0.00289887     0.00302684     -0.00223184     -0.00363034     0.00318778     0.00469951     -0.00210262     -0.00223257     -0.00268266     0.00145461     0.00410634     -0.00233128     -0.000974948     -0.000363847     -0.00502681     -0.000125834     
0.000748877     0.00316042     -0.00251537     0.000500559     0.000116323     -0.00151219     -0.00225517     0.00168902     0.00315926     -0.0054066     -0.00386768     0.00268718     0.00256241     0.00352341     0.00123487     0.000126483     0.0042443     -0.000665576     0.00124765     0.00518975     0.000680143     
0.000577291     0.00826839     -0.00659626     0.00173377     -0.000907677     -0.00421089     -0.00457318     0.0041204     0.00542926     -0.00970261     -0.00927484     0.00560365     0.00365165     0.0101608     0.000288725     -0.00336029     0.0120314     0.00327323     0.00257612     0.00733706     -0.00263256     
-0.000934321     0.00468921     -0.0021297     6.84268e-05     0.000188597     -0.00340796     -0.00435869     0.00200254     0.00418084     -0.00731986     -0.00465697     0.00393413     0.00327289     0.00452623     -0.00152865     -0.00100129     0.00635715     0.00281514     -0.00380798     0.00974687     0.00246436     
0.00100667     -0.00272907     0.000981193     -0.00186365     0.00102807     0.00612486     0.00395085     -0.00182825     -0.00362555     0.00159383     0.00257654     -0.00867359     -0.000827902     -6.17575e-05     0.00301678     0.00858009     -0.00328449     -0.00342671     -0.00125478     -0.00224993     0.000865698     
-0.000785942     0.0052608     -0.00406976     0.00336837     0.00322485     -0.00611093     -0.00797789     0.00305959     0.00620668     -0.0129334     -0.00878968     0.00838374     0.00533411     0.0114074     0.0030309     0.00351106     0.0102764     -0.00182549     0.00287571     0.0211638     -0.00411639     
0.000331845     0.000996478     -0.0019963     -0.000834969     0.000473372     -0.00145666     -0.00258094     0.0022881     0.00226884     -0.00400477     -0.00241004     0.00144872     0.00340238     0.0041534     0.00179436     0.000736394     0.0031202     -0.00482306     0.00017825     0.00657845     0.00361712     
0.00204579     -0.0139365     0.00586266     -0.00296562     -0.000964625     0.00986415     0.0106146     -0.00933593     -0.00610246     0.0151336     0.0200598     -0.00915279     -0.00971359     -0.0127499     0.000227976     0.00262069     -0.0144393     -0.003642     -0.0051825     -0.0331623     0.0115775     
-0.00154507     0.0339086     -0.0245413     0.0127822     0.00828185     -0.0317393     -0.039455     0.0203687     0.0266425     -0.0538849     -0.0455011     0.0420661     0.0152306     0.0521472     -0.00228744     -0.0132096     0.064485     0.00442392     0.0017063     0.0864648     -0.0156541     
0.00877895     0.0297108     -0.0225745     0.0057384     -0.00188082     -0.00926229     -0.00585857     0.0141984     0.0175232     -0.0438084     -0.0372695     0.0127929     0.0201752     0.0336073     0.00953548     -0.00574388     0.0339327     0.000779551     0.012047     0.0221713     -0.0103465     
-0.00314027     0.0277607     -0.0268528     0.00782062     -0.00243651     -0.0330757     -0.0408272     0.0260988     0.0375338     -0.0458888     -0.0484424     0.0416852     0.0115844     0.0526288     -0.0154076     -0.0262448     0.0564634     0.0268861     0.00953124     0.0705845     -0.00432835     
