-1.	10.	10.	10.	10.	10.	10.
-0.99	9.77237	9.77237	9.77237	9.77237	9.77237	9.77237
-0.98	9.54993	9.54993	9.54993	9.54993	9.54993	9.54993
-0.97	9.33254	9.33254	9.33254	9.33254	9.33254	9.33254
-0.96	9.12011	9.12011	9.12011	9.12011	9.12011	9.12011
-0.95	8.91251	8.91251	8.91251	8.91251	8.91251	8.91251
-0.94	8.70964	8.70964	8.70964	8.70964	8.70964	8.70964
-0.93	8.51138	8.51138	8.51138	8.51138	8.51138	8.51138
-0.92	8.31764	8.31764	8.31764	8.31764	8.31764	8.31764
-0.91	8.12831	8.12831	8.12831	8.12831	8.12831	8.12831
-0.9	7.94328	7.94328	7.94328	7.94328	7.94328	7.94328
-0.89	7.76247	7.76247	7.76247	7.76247	7.76247	7.76247
-0.88	7.58578	7.58578	7.58578	7.58578	7.58578	7.58578
-0.87	7.4131	7.4131	7.4131	7.4131	7.4131	7.4131
-0.86	7.24436	7.24436	7.24436	7.24436	7.24436	7.24436
-0.85	7.07946	7.07946	7.07946	7.07946	7.07946	7.07946
-0.84	6.91831	6.91831	6.91831	6.91831	6.91831	6.91831
-0.83	6.76083	6.76083	6.76083	6.76083	6.76083	6.76083
-0.82	6.60693	6.60693	6.60693	6.60693	6.60693	6.60693
-0.81	6.45654	6.45654	6.45654	6.45654	6.45654	6.45654
-0.8	6.30957	6.30957	6.30957	6.30957	6.30957	6.30957
-0.79	6.16595	6.16595	6.16595	6.16595	6.16595	6.16595
-0.78	6.0256	6.0256	6.0256	6.0256	6.0256	6.0256
-0.77	5.88844	5.88844	5.88844	5.88844	5.88844	5.88844
-0.76	5.7544	5.7544	5.7544	5.7544	5.7544	5.7544
-0.75	5.62341	5.62341	5.62341	5.62341	5.62341	5.62341
-0.74	5.49541	5.49541	5.49541	5.49541	5.49541	5.49541
-0.73	5.37032	5.37032	5.37032	5.37032	5.37032	5.37032
-0.72	5.24807	5.24807	5.24807	5.24807	5.24807	5.24807
-0.71	5.12861	5.12861	5.12861	5.12861	5.12861	5.12861
-0.7	5.01187	5.01187	5.01187	5.01187	5.01187	5.01187
-0.69	4.89779	4.89779	4.89779	4.89779	4.89779	4.89779
-0.68	4.7863	4.7863	4.7863	4.7863	4.7863	4.7863
-0.67	4.67735	4.67735	4.67735	4.67735	4.67735	4.67735
-0.66	4.57088	4.57088	4.57088	4.57088	4.57088	4.57088
-0.65	4.46684	4.46684	4.46684	4.46684	4.46684	4.46684
-0.64	4.36516	4.36516	4.36516	4.36516	4.36516	4.36516
-0.63	4.2658	4.2658	4.2658	4.2658	4.2658	4.2658
-0.62	4.16869	4.16869	4.16869	4.16869	4.16869	4.16869
-0.61	4.0738	4.0738	4.0738	4.0738	4.0738	4.0738
-0.6	3.98107	3.98107	3.98107	3.98107	3.98107	3.98107
-0.59	3.89045	3.89045	3.89045	3.89045	3.89045	3.89045
-0.58	3.80189	3.80189	3.80189	3.80189	3.80189	3.80189
-0.57	3.71535	3.71535	3.71535	3.71535	3.71535	3.71535
-0.56	3.63078	3.63078	3.63078	3.63078	3.63078	3.63078
-0.55	3.54813	3.54813	3.54813	3.54813	3.54813	3.54813
-0.54	3.46737	3.46737	3.46737	3.46737	3.46737	3.46737
-0.53	3.38844	3.38844	3.38844	3.38844	3.38844	3.38844
-0.52	3.31131	3.31131	3.31131	3.31131	3.31131	3.31131
-0.51	3.23594	3.23594	3.23594	3.23594	3.23594	3.23594
-0.5	3.16228	3.16228	3.16228	3.16228	3.16228	3.16228
-0.49	3.0903	3.0903	3.0903	3.0903	3.0903	3.0903
-0.48	3.01995	3.01995	3.01995	3.01995	3.01995	3.01995
-0.47	2.95121	2.95121	2.95121	2.95121	2.95121	2.95121
-0.46	2.88403	2.88403	2.88403	2.88403	2.88403	2.88403
-0.45	2.81838	2.81838	2.81838	2.81838	2.81838	2.81838
-0.44	2.75423	2.75423	2.75423	2.75423	2.75423	2.75423
-0.43	2.69153	2.69153	2.69153	2.69153	2.69153	2.69153
-0.42	2.63027	2.63027	2.63027	2.63027	2.63027	2.63027
-0.41	2.5704	2.5704	2.5704	2.5704	2.5704	2.5704
-0.4	2.51189	2.51189	2.51189	2.51189	2.51189	2.51189
-0.39	2.45471	2.45471	2.45471	2.45471	2.45471	2.45471
-0.38	2.39883	2.39883	2.39883	2.39883	2.39883	2.39883
-0.37	2.34423	2.34423	2.34423	2.34423	2.34423	2.34423
-0.36	2.29087	2.29087	2.29087	2.29087	2.29087	2.29087
-0.35	2.23872	2.23872	2.23872	2.23872	2.23872	2.23872
-0.34	2.18776	2.18776	2.18776	2.18776	2.18776	2.18776
-0.33	2.13796	2.13796	2.13796	2.13796	2.13796	2.13796
-0.32	2.0893	2.0893	2.0893	2.0893	2.0893	2.0893
-0.31	2.04174	2.04174	2.04174	2.04174	2.04174	2.04174
-0.3	1.99526	1.99526	1.99526	1.99526	1.99526	1.99526
-0.29	1.94984	1.94984	1.94984	1.94984	1.94984	1.94984
-0.28	1.90546	1.90546	1.90546	1.90546	1.90546	1.90546
-0.27	1.86209	1.86209	1.86209	1.86209	1.86209	1.86209
-0.26	1.8197	1.8197	1.8197	1.8197	1.8197	1.8197
-0.25	1.77828	1.77828	1.77828	1.77828	1.77828	1.77828
-0.24	1.7378	1.7378	1.7378	1.7378	1.7378	1.7378
-0.23	1.69824	1.69824	1.69824	1.69824	1.69824	1.69824
-0.22	1.65959	1.65959	1.65959	1.65959	1.65959	1.65959
-0.21	1.62181	1.62181	1.62181	1.62181	1.62181	1.62181
-0.2	1.58489	1.58489	1.58489	1.58489	1.58489	1.58489
-0.19	1.54882	1.54882	1.54882	1.54882	1.54882	1.54882
-0.18	1.51356	1.51356	1.51356	1.51356	1.51356	1.51356
-0.17	1.47911	1.47911	1.47911	1.47911	1.47911	1.47911
-0.16	1.44544	1.44544	1.44544	1.44544	1.44544	1.44544
-0.15	1.41254	1.41254	1.41254	1.41254	1.41254	1.41254
-0.14	1.38038	1.38038	1.38038	1.38038	1.38038	1.38038
-0.13	1.34896	1.34896	1.34896	1.34896	1.34896	1.34896
-0.12	1.31826	1.31826	1.31826	1.31826	1.31826	1.31826
-0.11	1.28825	1.28825	1.28825	1.28825	1.28825	1.28825
-0.1	1.25893	1.25893	1.25893	1.25893	1.25893	1.25893
-0.09	1.23027	1.23027	1.23027	1.23027	1.23027	1.23027
-0.08	1.20226	1.20226	1.20226	1.20226	1.20226	1.20226
-0.07	1.1749	1.1749	1.1749	1.1749	1.1749	1.1749
-0.06	1.14815	1.14815	1.14815	1.14815	1.14815	1.14815
-0.05	1.12202	1.12202	1.12202	1.12202	1.12202	1.12202
-0.04	1.09648	1.09648	1.09648	1.09648	1.09648	1.09648
-0.03	1.07152	1.07152	1.07152	1.07152	1.07152	1.07152
-0.02	1.04713	1.04713	1.04713	1.04713	1.04713	1.04713
-0.01	1.02329	1.02329	1.02329	1.02329	1.02329	1.02329
0.	1.	1.	1.	1.	1.	1.
0.01	0.97724	0.97724	0.97724	0.97724	0.97724	0.97724
0.02	0.95499	0.95499	0.95499	0.95499	0.95499	0.95499
0.03	0.93325	0.93325	0.93325	0.93325	0.93325	0.93325
0.04	0.91201	0.91201	0.91201	0.91201	0.91201	0.91201
0.05	0.89125	0.89125	0.89125	0.89125	0.89125	0.89125
0.06	0.87096	0.87096	0.87096	0.87096	0.87096	0.87096
0.07	0.85114	0.85114	0.85114	0.85114	0.85114	0.85114
0.08	0.83176	0.83176	0.83176	0.83176	0.83176	0.83176
0.09	0.81283	0.81283	0.81283	0.81283	0.81283	0.81283
0.1	0.79433	0.79433	0.79433	0.79433	0.79433	0.79433
0.11	0.77625	0.77625	0.77625	0.77625	0.77625	0.77625
0.12	0.75858	0.75858	0.75858	0.75858	0.75858	0.75858
0.13	0.74131	0.74131	0.74131	0.74131	0.74131	0.74131
0.14	0.72444	0.72444	0.72444	0.72444	0.72444	0.72444
0.15	0.70795	0.70795	0.70795	0.70795	0.70795	0.70795
0.16	0.69183	0.69183	0.69183	0.69183	0.69183	0.69183
0.17	0.67608	0.67608	0.67608	0.67608	0.67608	0.67608
0.18	0.66069	0.66069	0.66069	0.66069	0.66069	0.66069
0.19	0.64565	0.64565	0.64565	0.64565	0.64565	0.64565
0.2	0.63096	0.63096	0.63096	0.63096	0.63096	0.63096
0.21	0.6166	0.6166	0.6166	0.6166	0.6166	0.6166
0.22	0.60256	0.60256	0.60256	0.60256	0.60256	0.60256
0.23	0.58884	0.58884	0.58884	0.58884	0.58884	0.58884
0.24	0.57544	0.57544	0.57544	0.57544	0.57544	0.57544
0.25	0.56234	0.56234	0.56234	0.56234	0.56234	0.56234
0.26	0.54954	0.54954	0.54954	0.54954	0.54954	0.54954
0.27	0.53703	0.53703	0.53703	0.53703	0.53703	0.53703
0.28	0.52481	0.52481	0.52481	0.52481	0.52481	0.52481
0.29	0.51286	0.51286	0.51286	0.51286	0.51286	0.51286
0.3	0.50119	0.50119	0.50119	0.50119	0.50119	0.50119
0.31	0.48978	0.48978	0.48978	0.48978	0.48978	0.48978
0.32	0.47863	0.47863	0.47863	0.47863	0.47863	0.47863
0.33	0.46774	0.46774	0.46774	0.46774	0.46774	0.46774
0.34	0.45709	0.45709	0.45709	0.45709	0.45709	0.45709
0.35	0.44668	0.44668	0.44668	0.44668	0.44668	0.44668
0.36	0.43652	0.43652	0.43652	0.43652	0.43652	0.43652
0.37	0.42658	0.42658	0.42658	0.42658	0.42658	0.42658
0.38	0.41687	0.41687	0.41687	0.41687	0.41687	0.41687
0.39	0.40738	0.40738	0.40738	0.40738	0.40738	0.40738
0.4	0.39811	0.39811	0.39811	0.39811	0.39811	0.39811
0.41	0.38905	0.38905	0.38905	0.38905	0.38905	0.38905
0.42	0.38019	0.38019	0.38019	0.38019	0.38019	0.38019
0.43	0.37154	0.37154	0.37154	0.37154	0.37154	0.37154
0.44	0.36308	0.36308	0.36308	0.36308	0.36308	0.36308
0.45	0.35481	0.35481	0.35481	0.35481	0.35481	0.35481
0.46	0.34674	0.34674	0.34674	0.34674	0.34674	0.34674
0.47	0.33884	0.33884	0.33884	0.33884	0.33884	0.33884
0.48	0.33113	0.33113	0.33113	0.33113	0.33113	0.33113
0.49	0.32359	0.32359	0.32359	0.32359	0.32359	0.32359
0.5	0.31623	0.31623	0.31623	0.31623	0.31623	0.31623
0.51	0.30903	0.30903	0.30903	0.30903	0.30903	0.30903
0.52	0.302	0.302	0.302	0.302	0.302	0.302
0.53	0.29512	0.29512	0.29512	0.29512	0.29512	0.29512
0.54	0.2884	0.2884	0.2884	0.2884	0.2884	0.2884
0.55	0.28184	0.28184	0.28184	0.28184	0.28184	0.28184
0.56	0.27542	0.27542	0.27542	0.27542	0.27542	0.27542
0.57	0.26915	0.26915	0.26915	0.26915	0.26915	0.26915
0.58	0.26303	0.26303	0.26303	0.26303	0.26303	0.26303
0.59	0.25704	0.25704	0.25704	0.25704	0.25704	0.25704
0.6	0.25119	0.25119	0.25119	0.25119	0.25119	0.25119
0.61	0.24547	0.24547	0.24547	0.24547	0.24547	0.24547
0.62	0.23988	0.23988	0.23988	0.23988	0.23988	0.23988
0.63	0.23442	0.23442	0.23442	0.23442	0.23442	0.23442
0.64	0.22909	0.22909	0.22909	0.22909	0.22909	0.22909
0.65	0.22387	0.22387	0.22387	0.22387	0.22387	0.22387
0.66	0.21878	0.21878	0.21878	0.21878	0.21878	0.21878
0.67	0.2138	0.2138	0.2138	0.2138	0.2138	0.2138
0.68	0.20893	0.20893	0.20893	0.20893	0.20893	0.20893
0.69	0.20417	0.20417	0.20417	0.20417	0.20417	0.20417
0.7	0.19953	0.19953	0.19953	0.19953	0.19953	0.19953
0.71	0.19498	0.19498	0.19498	0.19498	0.19498	0.19498
0.72	0.19055	0.19055	0.19055	0.19055	0.19055	0.19055
0.73	0.18621	0.18621	0.18621	0.18621	0.18621	0.18621
0.74	0.18197	0.18197	0.18197	0.18197	0.18197	0.18197
0.75	0.17783	0.17783	0.17783	0.17783	0.17783	0.17783
0.76	0.17378	0.17378	0.17378	0.17378	0.17378	0.17378
0.77	0.16982	0.16982	0.16982	0.16982	0.16982	0.16982
0.78	0.16596	0.16596	0.16596	0.16596	0.16596	0.16596
0.79	0.16218	0.16218	0.16218	0.16218	0.16218	0.16218
0.8	0.15849	0.15849	0.15849	0.15849	0.15849	0.15849
0.81	0.15488	0.15488	0.15488	0.15488	0.15488	0.15488
0.82	0.15136	0.15136	0.15136	0.15136	0.15136	0.15136
0.83	0.14791	0.14791	0.14791	0.14791	0.14791	0.14791
0.84	0.14454	0.14454	0.14454	0.14454	0.14454	0.14454
0.85	0.14125	0.14125	0.14125	0.14125	0.14125	0.14125
0.86	0.13804	0.13804	0.13804	0.13804	0.13804	0.13804
0.87	0.1349	0.1349	0.1349	0.1349	0.1349	0.1349
0.88	0.13183	0.13183	0.13183	0.13183	0.13183	0.13183
0.89	0.12882	0.12882	0.12882	0.12882	0.12882	0.12882
0.9	0.12589	0.12589	0.12589	0.12589	0.12589	0.12589
0.91	0.12303	0.12303	0.12303	0.12303	0.12303	0.12303
0.92	0.12023	0.12023	0.12023	0.12023	0.12023	0.12023
0.93	0.11749	0.11749	0.11749	0.11749	0.11749	0.11749
0.94	0.11482	0.11482	0.11482	0.11482	0.11482	0.11482
0.95	0.1122	0.1122	0.1122	0.1122	0.1122	0.1122
0.96	0.10965	0.10965	0.10965	0.10965	0.10965	0.10965
0.97	0.10715	0.10715	0.10715	0.10715	0.10715	0.10715
0.98	0.10471	0.10471	0.10471	0.10471	0.10471	0.10471
0.99	0.10233	0.10233	0.10233	0.10233	0.10233	0.10233
1.	0.1	0.1	0.1	0.1	0.1	0.1
1.01	0.09772	0.09772	0.09772	0.09772	0.09772	0.09772
1.02	0.0955	0.0955	0.0955	0.0955	0.0955	0.0955
1.03	0.09333	0.09333	0.09333	0.09333	0.09333	0.09333
1.04	0.0912	0.0912	0.0912	0.0912	0.0912	0.0912
1.05	0.08913	0.08913	0.08913	0.08913	0.08913	0.08913
1.06	0.0871	0.0871	0.0871	0.0871	0.0871	0.0871
1.07	0.08511	0.08511	0.08511	0.08511	0.08511	0.08511
1.08	0.08318	0.08318	0.08318	0.08318	0.08318	0.08318
1.09	0.08128	0.08128	0.08128	0.08128	0.08128	0.08128
1.1	0.07943	0.07943	0.07943	0.07943	0.07943	0.07943
1.11	0.07762	0.07762	0.07762	0.07762	0.07762	0.07762
1.12	0.07586	0.07586	0.07586	0.07586	0.07586	0.07586
1.13	0.07413	0.07413	0.07413	0.07413	0.07413	0.07413
1.14	0.07244	0.07244	0.07244	0.07244	0.07244	0.07244
1.15	0.07079	0.07079	0.07079	0.07079	0.07079	0.07079
1.16	0.06918	0.06918	0.06918	0.06918	0.06918	0.06918
1.17	0.06761	0.06761	0.06761	0.06761	0.06761	0.06761
1.18	0.06607	0.06607	0.06607	0.06607	0.06607	0.06607
1.19	0.06457	0.06457	0.06457	0.06457	0.06457	0.06457
1.2	0.0631	0.0631	0.0631	0.0631	0.0631	0.0631
1.21	0.06166	0.06166	0.06166	0.06166	0.06166	0.06166
1.22	0.06026	0.06026	0.06026	0.06026	0.06026	0.06026
1.23	0.05888	0.05888	0.05888	0.05888	0.05888	0.05888
1.24	0.05754	0.05754	0.05754	0.05754	0.05754	0.05754
1.25	0.05623	0.05623	0.05623	0.05623	0.05623	0.05623
1.26	0.05495	0.05495	0.05495	0.05495	0.05495	0.05495
1.27	0.0537	0.0537	0.0537	0.0537	0.0537	0.0537
1.28	0.05248	0.05248	0.05248	0.05248	0.05248	0.05248
1.29	0.05129	0.05129	0.05129	0.05129	0.05129	0.05129
1.3	0.05012	0.05012	0.05012	0.05012	0.05012	0.05012
1.31	0.04898	0.04898	0.04898	0.04898	0.04898	0.04898
1.32	0.04786	0.04786	0.04786	0.04786	0.04786	0.04786
1.33	0.04677	0.04677	0.04677	0.04677	0.04677	0.04677
1.34	0.04571	0.04571	0.04571	0.04571	0.04571	0.04571
1.35	0.04467	0.04467	0.04467	0.04467	0.04467	0.04467
1.36	0.04365	0.04365	0.04365	0.04365	0.04365	0.04365
1.37	0.04266	0.04266	0.04266	0.04266	0.04266	0.04266
1.38	0.04169	0.04169	0.04169	0.04169	0.04169	0.04169
1.39	0.04074	0.04074	0.04074	0.04074	0.04074	0.04074
1.4	0.03981	0.03981	0.03981	0.03981	0.03981	0.03981
1.41	0.0389	0.0389	0.0389	0.0389	0.0389	0.0389
1.42	0.03802	0.03802	0.03802	0.03802	0.03802	0.03802
1.43	0.03715	0.03715	0.03715	0.03715	0.03715	0.03715
1.44	0.03631	0.03631	0.03631	0.03631	0.03631	0.03631
1.45	0.03548	0.03548	0.03548	0.03548	0.03548	0.03548
1.46	0.03467	0.03467	0.03467	0.03467	0.03467	0.03467
1.47	0.03388	0.03388	0.03388	0.03388	0.03388	0.03388
1.48	0.03311	0.03311	0.03311	0.03311	0.03311	0.03311
1.49	0.03236	0.03236	0.03236	0.03236	0.03236	0.03236
1.5	0.03162	0.03162	0.03162	0.03162	0.03162	0.03162
1.51	0.0309	0.0309	0.0309	0.0309	0.0309	0.0309
1.52	0.0302	0.0302	0.0302	0.0302	0.0302	0.0302
1.53	0.02951	0.02951	0.02951	0.02951	0.02951	0.02951
1.54	0.02884	0.02884	0.02884	0.02884	0.02884	0.02884
1.55	0.02818	0.02818	0.02818	0.02818	0.02818	0.02818
1.56	0.02754	0.02754	0.02754	0.02754	0.02754	0.02754
1.57	0.02692	0.02692	0.02692	0.02692	0.02692	0.02692
1.58	0.0263	0.0263	0.0263	0.0263	0.0263	0.0263
1.59	0.0257	0.0257	0.0257	0.0257	0.0257	0.0257
1.6	0.02512	0.02512	0.02512	0.02512	0.02512	0.02512
1.61	0.02455	0.02455	0.02455	0.02455	0.02455	0.02455
1.62	0.02399	0.02399	0.02399	0.02399	0.02399	0.02399
1.63	0.02344	0.02344	0.02344	0.02344	0.02344	0.02344
1.64	0.02291	0.02291	0.02291	0.02291	0.02291	0.02291
1.65	0.02239	0.02239	0.02239	0.02239	0.02239	0.02239
1.66	0.02188	0.02188	0.02188	0.02188	0.02188	0.02188
1.67	0.02138	0.02138	0.02138	0.02138	0.02138	0.02138
1.68	0.02089	0.02089	0.02089	0.02089	0.02089	0.02089
1.69	0.02042	0.02042	0.02042	0.02042	0.02042	0.02042
1.7	0.01995	0.01995	0.01995	0.01995	0.01995	0.01995
1.71	0.0195	0.0195	0.0195	0.0195	0.0195	0.0195
1.72	0.01905	0.01905	0.01905	0.01905	0.01905	0.01905
1.73	0.01862	0.01862	0.01862	0.01862	0.01862	0.01862
1.74	0.0182	0.0182	0.0182	0.0182	0.0182	0.0182
1.75	0.01778	0.01778	0.01778	0.01778	0.01778	0.01778
1.76	0.01738	0.01738	0.01738	0.01738	0.01738	0.01738
1.77	0.01698	0.01698	0.01698	0.01698	0.01698	0.01698
1.78	0.0166	0.0166	0.0166	0.0166	0.0166	0.0166
1.79	0.01622	0.01622	0.01622	0.01622	0.01622	0.01622
1.8	0.01585	0.01585	0.01585	0.01585	0.01585	0.01585
1.81	0.01549	0.01549	0.01549	0.01549	0.01549	0.01549
1.82	0.01514	0.01514	0.01514	0.01514	0.01514	0.01514
1.83	0.01479	0.01479	0.01479	0.01479	0.01479	0.01479
1.84	0.01445	0.01445	0.01445	0.01445	0.01445	0.01445
1.85	0.01413	0.01413	0.01413	0.01413	0.01413	0.01413
1.86	0.0138	0.0138	0.0138	0.0138	0.0138	0.0138
1.87	0.01349	0.01349	0.01349	0.01349	0.01349	0.01349
1.88	0.01318	0.01318	0.01318	0.01318	0.01318	0.01318
1.89	0.01288	0.01288	0.01288	0.01288	0.01288	0.01288
1.9	0.01259	0.01259	0.01259	0.01259	0.01259	0.01259
1.91	0.0123	0.0123	0.0123	0.0123	0.0123	0.0123
1.92	0.01202	0.01202	0.01202	0.01202	0.01202	0.01202
1.93	0.01175	0.01175	0.01175	0.01175	0.01175	0.01175
1.94	0.01148	0.01148	0.01148	0.01148	0.01148	0.01148
1.95	0.01122	0.01122	0.01122	0.01122	0.01122	0.01122
1.96	0.01096	0.01096	0.01096	0.01096	0.01096	0.01096
1.97	0.01072	0.01072	0.01072	0.01072	0.01072	0.01072
1.98	0.01047	0.01047	0.01047	0.01047	0.01047	0.01047
1.99	0.01023	0.01023	0.01023	0.01023	0.01023	0.01023
2.	0.01	0.01	0.01	0.01	0.01	0.01
2.01	0.00977	0.00977	0.00977	0.00977	0.00977	0.00977
2.02	0.00955	0.00955	0.00955	0.00955	0.00955	0.00955
2.03	0.00933	0.00933	0.00933	0.00933	0.00933	0.00933
2.04	0.00912	0.00912	0.00912	0.00912	0.00912	0.00912
2.05	0.00891	0.00891	0.00891	0.00891	0.00891	0.00891
2.06	0.00871	0.00871	0.00871	0.00871	0.00871	0.00871
2.07	0.00851	0.00851	0.00851	0.00851	0.00851	0.00851
2.08	0.00832	0.00832	0.00832	0.00832	0.00832	0.00832
2.09	0.00813	0.00813	0.00813	0.00813	0.00813	0.00813
2.1	0.00794	0.00794	0.00794	0.00794	0.00794	0.00794
2.11	0.00776	0.00776	0.00776	0.00776	0.00776	0.00776
2.12	0.00759	0.00759	0.00759	0.00759	0.00759	0.00759
2.13	0.00741	0.00741	0.00741	0.00741	0.00741	0.00741
2.14	0.00724	0.00724	0.00724	0.00724	0.00724	0.00724
2.15	0.00708	0.00708	0.00708	0.00708	0.00708	0.00708
2.16	0.00692	0.00692	0.00692	0.00692	0.00692	0.00692
2.17	0.00676	0.00676	0.00676	0.00676	0.00676	0.00676
2.18	0.00661	0.00661	0.00661	0.00661	0.00661	0.00661
2.19	0.00646	0.00646	0.00646	0.00646	0.00646	0.00646
2.2	0.00631	0.00631	0.00631	0.00631	0.00631	0.00631
2.21	0.00617	0.00617	0.00617	0.00617	0.00617	0.00617
2.22	0.00603	0.00603	0.00603	0.00603	0.00603	0.00603
2.23	0.00589	0.00589	0.00589	0.00589	0.00589	0.00589
2.24	0.00575	0.00575	0.00575	0.00575	0.00575	0.00575
2.25	0.00562	0.00562	0.00562	0.00562	0.00562	0.00562
2.26	0.0055	0.0055	0.0055	0.0055	0.0055	0.0055
2.27	0.00537	0.00537	0.00537	0.00537	0.00537	0.00537
2.28	0.00525	0.00525	0.00525	0.00525	0.00525	0.00525
2.29	0.00513	0.00513	0.00513	0.00513	0.00513	0.00513
2.3	0.00501	0.00501	0.00501	0.00501	0.00501	0.00501
2.31	0.0049	0.0049	0.0049	0.0049	0.0049	0.0049
2.32	0.00479	0.00479	0.00479	0.00479	0.00479	0.00479
2.33	0.00468	0.00468	0.00468	0.00468	0.00468	0.00468
2.34	0.00457	0.00457	0.00457	0.00457	0.00457	0.00457
2.35	0.00447	0.00447	0.00447	0.00447	0.00447	0.00447
2.36	0.00437	0.00437	0.00437	0.00437	0.00437	0.00437
2.37	0.00427	0.00427	0.00427	0.00427	0.00427	0.00427
2.38	0.00417	0.00417	0.00417	0.00417	0.00417	0.00417
2.39	0.00407	0.00407	0.00407	0.00407	0.00407	0.00407
2.4	0.00398	0.00398	0.00398	0.00398	0.00398	0.00398
2.41	0.00389	0.00389	0.00389	0.00389	0.00389	0.00389
2.42	0.0038	0.0038	0.0038	0.0038	0.0038	0.0038
2.43	0.00372	0.00372	0.00372	0.00372	0.00372	0.00372
2.44	0.00363	0.00363	0.00363	0.00363	0.00363	0.00363
2.45	0.00355	0.00355	0.00355	0.00355	0.00355	0.00355
2.46	0.00347	0.00347	0.00347	0.00347	0.00347	0.00347
2.47	0.00339	0.00339	0.00339	0.00339	0.00339	0.00339
2.48	0.00331	0.00331	0.00331	0.00331	0.00331	0.00331
2.49	0.00324	0.00324	0.00324	0.00324	0.00324	0.00324
2.5	0.00316	0.00316	0.00316	0.00316	0.00316	0.00316
2.51	0.00309	0.00309	0.00309	0.00309	0.00309	0.00309
2.52	0.00302	0.00302	0.00302	0.00302	0.00302	0.00302
2.53	0.00295	0.00295	0.00295	0.00295	0.00295	0.00295
2.54	0.00288	0.00288	0.00288	0.00288	0.00288	0.00288
2.55	0.00282	0.00282	0.00282	0.00282	0.00282	0.00282
2.56	0.00275	0.00275	0.00275	0.00275	0.00275	0.00275
2.57	0.00269	0.00269	0.00269	0.00269	0.00269	0.00269
2.58	0.00263	0.00263	0.00263	0.00263	0.00263	0.00263
2.59	0.00257	0.00257	0.00257	0.00257	0.00257	0.00257
2.6	0.00251	0.00251	0.00251	0.00251	0.00251	0.00251
2.61	0.00245	0.00245	0.00245	0.00245	0.00245	0.00245
2.62	0.0024	0.0024	0.0024	0.0024	0.0024	0.0024
2.63	0.00234	0.00234	0.00234	0.00234	0.00234	0.00234
2.64	0.00229	0.00229	0.00229	0.00229	0.00229	0.00229
2.65	0.00224	0.00224	0.00224	0.00224	0.00224	0.00224
2.66	0.00219	0.00219	0.00219	0.00219	0.00219	0.00219
2.67	0.00214	0.00214	0.00214	0.00214	0.00214	0.00214
2.68	0.00209	0.00209	0.00209	0.00209	0.00209	0.00209
2.69	0.00204	0.00204	0.00204	0.00204	0.00204	0.00204
2.7	0.002	0.002	0.002	0.002	0.002	0.002
2.71	0.00195	0.00195	0.00195	0.00195	0.00195	0.00195
2.72	0.00191	0.00191	0.00191	0.00191	0.00191	0.00191
2.73	0.00186	0.00186	0.00186	0.00186	0.00186	0.00186
2.74	0.00182	0.00182	0.00182	0.00182	0.00182	0.00182
2.75	0.00178	0.00178	0.00178	0.00178	0.00178	0.00178
2.76	0.00174	0.00174	0.00174	0.00174	0.00174	0.00174
2.77	0.0017	0.0017	0.0017	0.0017	0.0017	0.0017
2.78	0.00166	0.00166	0.00166	0.00166	0.00166	0.00166
2.79	0.00162	0.00162	0.00162	0.00162	0.00162	0.00162
2.8	0.00158	0.00158	0.00158	0.00158	0.00158	0.00158
2.81	0.00155	0.00155	0.00155	0.00155	0.00155	0.00155
2.82	0.00151	0.00151	0.00151	0.00151	0.00151	0.00151
2.83	0.00148	0.00148	0.00148	0.00148	0.00148	0.00148
2.84	0.00145	0.00145	0.00145	0.00145	0.00145	0.00145
2.85	0.00141	0.00141	0.00141	0.00141	0.00141	0.00141
2.86	0.00138	0.00138	0.00138	0.00138	0.00138	0.00138
2.87	0.00135	0.00135	0.00135	0.00135	0.00135	0.00135
2.88	0.00132	0.00132	0.00132	0.00132	0.00132	0.00132
2.89	0.00129	0.00129	0.00129	0.00129	0.00129	0.00129
2.9	0.00126	0.00126	0.00126	0.00126	0.00126	0.00126
2.91	0.00123	0.00123	0.00123	0.00123	0.00123	0.00123
2.92	0.0012	0.0012	0.0012	0.0012	0.0012	0.0012
2.93	0.00117	0.00117	0.00117	0.00117	0.00117	0.00117
2.94	0.00115	0.00115	0.00115	0.00115	0.00115	0.00115
2.95	0.00112	0.00112	0.00112	0.00112	0.00112	0.00112
2.96	0.0011	0.0011	0.0011	0.0011	0.0011	0.0011
2.97	0.00107	0.00107	0.00107	0.00107	0.00107	0.00107
2.98	0.00105	0.00105	0.00105	0.00105	0.00105	0.00105
2.99	0.00102	0.00102	0.00102	0.00102	0.00102	0.00102
3.	0.001	0.001	0.001	0.001	0.001	0.001