# ICARUS flux - generated by JK (devel.nb, using icarus-flux-1503.01876-nuXXX.dat)
0	366.28	8191.6	0	108.47	7877.9	0
0.1	366.25	9232.8	0	108.41	7804.3	0
0.2	366.22	10274.	0	108.36	7730.7	0
0.3	366.19	11315.	0	108.31	7657.	0
0.4	366.16	12356.	0	108.26	7583.4	0
0.5	366.13	15489.	0	108.21	7509.8	0
0.6	366.1	19008.	0	108.15	7586.7	0
0.7	366.08	22527.	0	108.1	8057.8	0
0.8	366.08	28991.	0	108.05	8528.9	0
0.9	366.08	34622.	0	108.	10275.	0
1.	366.08	36931.	0	107.98	10716.	0
1.1	366.08	38860.	0	107.98	10907.	0
1.2	366.32	39682.	0	107.98	11099.	0
1.3	367.08	40504.	0	107.98	11290.	0
1.4	367.84	43491.	0	107.98	11256.	0
1.5	368.6	47315.	0	110.69	11201.	0
1.6	369.36	47951.	0	116.21	11146.	0
1.7	370.12	48588.	0	121.74	11091.	0
1.8	426.69	49224.	0	127.26	11037.	0
1.9	496.27	49861.	0	132.78	10982.	0
2.	383.88	50497.	0	108.01	10951.	0
2.1	789.15	51531.	0	167.75	10928.	0
2.2	795.69	52639.	0	168.	10904.	0
2.3	802.22	53747.	0	168.25	10880.	0
2.4	808.75	55011.	0	168.5	10856.	0
2.5	815.28	56853.	0	168.75	10819.	0
2.6	821.82	58695.	0	168.83	10746.	0
2.7	823.62	60537.	0	168.83	10673.	0
2.8	823.62	61572.	0	168.83	10600.	0
2.9	823.62	62382.	0	168.83	10527.	0
3.	823.62	63193.	0	168.83	10476.	0
3.1	823.62	64003.	0	169.01	10436.	0
3.2	824.61	64814.	0	169.37	10396.	0
3.3	826.41	66619.	0	169.73	10355.	0
3.4	828.21	69071.	0	170.09	10315.	0
3.5	830.01	71523.	0	170.45	10256.	0
3.6	831.81	73975.	0	170.81	10143.	0
3.7	844.52	76389.	0	172.43	10030.	0
3.8	889.43	78764.	0	174.18	9916.5	0
3.9	931.39	81139.	0	175.93	9803.2	0
4.	1051.3	83514.	0	177.68	9694.1	0
4.1	1114.2	85889.	0	179.12	9636.6	0
4.2	1123.9	89480.	0	180.31	9579.	0
4.3	1133.5	93336.	0	181.5	9521.5	0
4.4	1143.1	97192.	0	182.69	9464.	0
4.5	1152.7	1.0105e5	0	183.88	9406.4	0
4.6	1158.2	1.05e5	0	185.07	9282.8	0
4.7	1158.2	1.0909e5	0	185.12	9151.7	0
4.8	1158.2	1.1318e5	0	185.12	9020.6	0
4.9	1158.2	1.1726e5	0	185.12	8889.5	0
5.	1158.2	1.2047e5	0	185.12	8758.4	0
5.1	1158.8	1.2171e5	0	185.12	8714.6	0
5.2	1161.4	1.2296e5	0	185.12	8704.4	0
5.3	1164.	1.242e5	0	185.12	8694.2	0
5.4	1166.5	1.2667e5	0	185.12	8684.	0
5.5	1169.1	1.3425e5	0	185.12	8673.8	0
5.6	1171.7	1.4183e5	0	185.12	8635.7	0
5.7	1171.4	1.4851e5	0	185.12	8574.3	0
5.8	1170.3	1.546e5	0	185.12	8512.9	0
5.9	1169.2	1.6069e5	0	185.12	8451.5	0
6.	1379.	1.6678e5	0	185.12	8390.1	0
6.1	1390.1	1.7321e5	0	185.12	8346.5	0
6.2	1401.2	1.7999e5	0	185.12	8333.1	0
6.3	1412.3	1.8677e5	0	185.12	8319.8	0
6.4	1423.3	1.9355e5	0	185.12	8306.4	0
6.5	1434.4	2.0033e5	0	185.12	8293.1	0
6.6	1438.2	2.0356e5	0	185.12	8264.2	0
6.7	1438.2	2.0601e5	0	185.12	8169.9	0
6.8	1438.2	2.0845e5	0	185.12	8075.6	0
6.9	1438.2	2.109e5	0	185.12	7981.4	0
7.	1438.2	2.1683e5	0	185.12	7887.1	0
7.1	1438.8	2.243e5	0	185.12	7793.7	0
7.2	1440.1	2.3176e5	0	185.11	7757.2	0
7.3	1441.4	2.4136e5	0	185.03	7720.7	0
7.4	1442.7	2.5236e5	0	184.95	7684.2	0
7.5	1444.	2.6337e5	0	184.87	7647.7	0
7.6	1447.7	2.7438e5	0	184.79	7611.2	0
7.7	1456.7	2.8551e5	0	184.71	7517.6	0
7.8	1465.7	2.9666e5	0	185.28	7413.	0
7.9	1474.7	3.0781e5	0	186.43	7308.4	0
8.	1483.8	3.1897e5	0	187.59	7203.8	0
8.1	1491.8	3.2747e5	0	188.74	7099.2	0
8.2	1493.2	3.3363e5	0	189.86	7061.8	0
8.3	1494.7	3.3979e5	0	190.26	7059.	0
8.4	1496.1	3.4595e5	0	190.67	7056.1	0
8.5	1497.6	3.5211e5	0	191.07	7053.2	0
8.6	1499.	3.5763e5	0	191.48	7050.4	0
8.7	1499.1	3.6228e5	0	191.88	7048.9	0
8.8	1499.1	3.6693e5	0	192.07	7048.9	0
8.9	1499.1	3.7159e5	0	192.07	7048.9	0
9.	1499.1	3.7624e5	0	192.07	7048.9	0
9.1	1499.1	3.7968e5	0	192.07	7048.9	0
9.2	1499.1	3.8101e5	0	192.07	7042.5	0
9.3	1499.1	3.8234e5	0	192.07	7021.5	0
9.4	1499.1	3.8367e5	0	192.07	7000.6	0
9.5	1499.1	3.85e5	0	192.07	6979.7	0
9.6	1499.1	3.858e5	0	192.07	6958.7	0
9.7	1499.1	3.7967e5	0	192.07	6934.5	0
9.8	1499.1	3.7355e5	0	192.07	6888.2	0
9.9	1499.1	3.6742e5	0	192.07	6841.9	0
10.	1499.1	3.613e5	0	192.07	6795.5	0
10.1	1499.1	3.566e5	0	192.07	6749.2	0
10.2	1499.1	3.5432e5	0	192.07	6702.9	0
10.3	1499.1	3.5205e5	0	192.07	6696.2	0
10.4	1499.1	3.4977e5	0	192.07	6691.6	0
10.5	1499.1	3.3786e5	0	192.07	6687.	0
10.6	1499.1	3.241e5	0	192.07	6682.4	0
10.7	1499.1	3.1252e5	0	192.07	6677.8	0
10.8	1499.1	3.0742e5	0	192.07	6641.	0
10.9	1499.1	3.0233e5	0	192.07	6595.2	0
11.	1499.1	2.9723e5	0	192.07	6549.3	0
11.1	1499.1	2.9213e5	0	192.07	6503.4	0
11.2	1498.8	2.9003e5	0	192.07	6457.5	0
11.3	1494.7	2.9048e5	0	192.07	6421.9	0
11.4	1490.6	2.9092e5	0	191.81	6393.1	0
11.5	1486.5	2.9137e5	0	191.41	6364.3	0
11.6	1482.4	2.9181e5	0	191.01	6335.4	0
11.7	1478.4	2.9272e5	0	190.61	6306.6	0
11.8	1471.1	2.9445e5	0	178.69	6279.9	0
11.9	1463.4	2.9618e5	0	164.9	6256.2	0
12.	1455.7	2.9791e5	0	164.43	6232.5	0
12.1	1448.	2.9964e5	0	163.97	6208.8	0
12.2	1440.4	3.0114e5	0	163.51	6185.1	0
12.3	1438.2	3.0165e5	0	163.04	6167.3	0
12.4	1438.2	3.0216e5	0	162.72	6167.3	0
12.5	1438.2	3.0268e5	0	162.72	6167.3	0
12.6	1438.2	3.0319e5	0	162.72	6167.3	0
12.7	1438.2	3.0372e5	0	162.72	6167.3	0
12.8	1438.2	3.0595e5	0	162.72	6167.3	0
12.9	1438.2	3.0818e5	0	162.72	6167.3	0
13.	1438.2	3.1041e5	0	162.72	6167.3	0
13.1	1438.2	3.1263e5	0	162.72	6167.3	0
13.2	1438.2	3.1486e5	0	162.72	6167.3	0
13.3	1438.2	3.1712e5	0	162.72	6167.3	0
13.4	1438.2	3.1938e5	0	162.72	6167.3	0
13.5	1438.2	3.2164e5	0	161.63	6167.3	0
13.6	1438.2	3.2391e5	0	160.48	6167.3	0
13.7	1438.2	3.2617e5	0	159.34	6167.3	0
13.8	1438.2	3.2717e5	0	158.19	6167.3	0
13.9	1438.2	3.2751e5	0	157.04	6167.3	0
14.	1438.2	3.2785e5	0	156.41	6167.3	0
14.1	1438.2	3.282e5	0	156.18	6167.3	0
14.2	1438.2	3.2854e5	0	155.95	6167.3	0
14.3	1438.2	3.2872e5	0	155.71	6167.3	0
14.4	1438.2	3.2872e5	0	155.48	6167.3	0
14.5	1438.2	3.2872e5	0	155.39	6167.3	0
14.6	1438.2	3.2872e5	0	155.39	6167.3	0
14.7	1438.2	3.2872e5	0	155.39	6167.3	0
14.8	1438.2	3.2862e5	0	155.39	6167.3	0
14.9	1438.2	3.2827e5	0	155.39	6167.3	0
15.	1438.2	3.2793e5	0	155.39	6167.3	0
15.1	1438.2	3.2758e5	0	155.39	6167.3	0
15.2	1438.2	3.2724e5	0	155.39	6167.3	0
15.3	1438.2	3.2666e5	0	155.39	6167.3	0
15.4	1438.2	3.245e5	0	155.39	6167.3	0
15.5	1438.2	3.2235e5	0	155.1	6167.3	0
15.6	1438.2	3.2019e5	0	153.9	6167.3	0
15.7	1438.2	3.1803e5	0	152.69	6167.3	0
15.8	1438.2	3.1588e5	0	151.49	6167.3	0
15.9	1438.2	3.157e5	0	150.28	6167.3	0
16.	1438.2	3.1562e5	0	149.53	6167.3	0
16.1	1438.2	3.1554e5	0	149.57	6167.3	0
16.2	1438.2	3.1546e5	0	149.62	6167.3	0
16.3	1438.2	3.1539e5	0	149.67	6167.3	0
16.4	1438.2	3.1537e5	0	149.72	6167.3	0
16.5	1438.2	3.1537e5	0	149.76	6167.3	0
16.6	1438.2	3.1537e5	0	149.77	6167.3	0
16.7	1438.2	3.1537e5	0	149.77	6167.3	0
16.8	1438.2	3.1537e5	0	149.77	6167.3	0
16.9	1438.2	3.1537e5	0	149.77	6167.3	0
17.	1438.2	3.1537e5	0	149.77	6167.3	0
17.1	1438.2	3.1537e5	0	149.72	6167.3	0
17.2	1438.2	3.1537e5	0	149.64	6167.3	0
17.3	1438.2	3.1537e5	0	149.57	6167.3	0
17.4	1438.2	3.1537e5	0	149.5	6167.3	0
17.5	1431.8	3.1537e5	0	149.42	6181.4	0
17.6	1425.	3.1537e5	0	147.34	6210.9	0
17.7	1418.2	3.1537e5	0	143.54	6240.4	0
17.8	1411.4	3.1537e5	0	139.74	6269.8	0
17.9	1404.7	3.1575e5	0	135.94	6299.3	0
18.	1399.6	3.1736e5	0	134.95	6326.2	0
18.1	1395.1	3.1896e5	0	134.2	6347.1	0
18.2	1390.6	3.2056e5	0	133.45	6368.1	0
18.3	1386.1	3.2216e5	0	132.7	6389.	0
18.4	1381.6	3.2373e5	0	131.95	6410.	0
18.5	1379.8	3.2471e5	0	131.64	6432.	0
18.6	1379.8	3.2568e5	0	131.64	6462.5	0
18.7	1379.8	3.2666e5	0	131.64	6492.9	0
18.8	1379.8	3.2764e5	0	131.64	6523.3	0
18.9	1379.8	3.2861e5	0	131.64	6553.7	0
19.	1379.8	3.2984e5	0	131.62	6584.1	0
19.1	1379.6	3.3111e5	0	131.58	6606.7	0
19.2	1379.5	3.3237e5	0	131.54	6628.9	0
19.3	1379.4	3.3363e5	0	131.49	6651.1	0
19.4	1379.3	3.3489e5	0	131.45	6673.3	0
19.5	1376.4	3.3769e5	0	131.41	6695.5	0
19.6	1364.6	3.4111e5	0	131.39	6700.6	0
19.7	1352.8	3.4453e5	0	131.37	6700.6	0
19.8	1341.	3.4795e5	0	131.35	6700.6	0
19.9	1243.	3.5137e5	0	117.44	6700.6	0
20.	1142.7	3.5412e5	0	117.11	6700.6	0
20.1	1137.5	3.5627e5	0	116.77	6700.6	0
20.2	1132.4	3.5842e5	0	116.44	6700.6	0
20.3	1127.2	3.6057e5	0	116.1	6700.6	0
20.4	1122.	3.6271e5	0	115.77	6700.6	0
20.5	1116.9	3.6478e5	0	115.71	6700.6	0
20.6	1116.3	3.6669e5	0	115.71	6700.6	0
20.7	1116.3	3.686e5	0	115.71	6700.6	0
20.8	1116.3	3.7051e5	0	115.71	6700.6	0
20.9	1116.3	3.7241e5	0	115.71	6700.6	0
21.	1116.3	3.7396e5	0	115.54	6700.6	0
21.1	1115.3	3.7387e5	0	115.28	6702.2	0
21.2	1114.	3.7378e5	0	115.02	6708.7	0
21.3	1112.6	3.7369e5	0	114.76	6715.2	0
21.4	1111.3	3.736e5	0	114.5	6721.7	0
21.5	1109.9	3.7351e5	0	114.16	6728.3	0
21.6	1104.9	3.7075e5	0	113.33	6737.8	0
21.7	1096.6	3.6799e5	0	112.5	6793.6	0
21.8	1088.3	3.6523e5	0	111.68	6849.5	0
21.9	1003.4	3.6247e5	0	110.85	6905.4	0
22.	959.71	3.5971e5	0	110.56	6961.3	0
22.1	955.06	3.5748e5	0	110.55	7017.2	0
22.2	950.41	3.5537e5	0	110.54	7023.9	0
22.3	945.77	3.5325e5	0	110.52	7023.9	0
22.4	941.12	3.5114e5	0	110.51	7023.9	0
22.5	937.03	3.4902e5	0	110.5	7023.9	0
22.6	937.03	3.461e5	0	110.5	7023.9	0
22.7	937.03	3.4275e5	0	110.5	6983.6	0
22.8	937.03	3.394e5	0	110.5	6926.9	0
22.9	937.03	3.3605e5	0	110.5	6870.2	0
23.	937.03	3.3271e5	0	110.5	6813.5	0
23.1	937.03	3.2837e5	0	110.5	6756.8	0
23.2	937.03	3.2293e5	0	110.5	6726.8	0
23.3	937.03	3.1749e5	0	110.5	6720.6	0
23.4	937.03	3.1205e5	0	110.5	6714.3	0
23.5	937.03	3.0661e5	0	110.5	6708.1	0
23.6	933.97	3.021e5	0	110.31	6701.9	0
23.7	930.	2.9854e5	0	110.07	6683.7	0
23.8	926.03	2.9498e5	0	109.83	6643.4	0
23.9	922.06	2.9142e5	0	109.59	6603.	0
24.	918.09	2.8786e5	0	107.43	6562.7	0
24.1	914.47	2.8414e5	0	96.828	6522.4	0
24.2	911.09	2.7919e5	0	96.893	6485.1	0
24.3	907.72	2.7425e5	0	96.958	6461.6	0
24.4	904.34	2.693e5	0	97.023	6438.1	0
24.5	900.96	2.5934e5	0	97.088	6414.6	0
24.6	898.97	2.4829e5	0	97.126	6391.2	0
24.7	898.97	2.3927e5	0	97.126	6367.7	0
24.8	898.97	2.3255e5	0	97.126	6329.5	0
24.9	898.97	2.2583e5	0	97.126	6291.3	0
25.	898.97	2.1911e5	0	97.126	6253.1	0
25.1	898.92	2.1272e5	0	97.077	6215.	0
25.2	898.7	2.0696e5	0	96.872	6176.8	0
25.3	898.48	2.0119e5	0	96.667	6165.2	0
25.4	898.26	1.9542e5	0	96.462	6159.5	0
25.5	898.05	1.9016e5	0	96.257	6153.8	0
25.6	897.53	1.8854e5	0	96.052	6148.	0
25.7	892.31	1.8692e5	0	95.52	6142.3	0
25.8	887.09	1.853e5	0	94.867	6110.5	0
25.9	881.87	1.8368e5	0	94.214	6064.8	0
26.	876.65	1.7659e5	0	93.561	6019.	0
26.1	871.43	1.695e5	0	93.057	5973.2	0
26.2	869.38	1.6357e5	0	92.999	5927.5	0
26.3	867.77	1.593e5	0	92.942	5895.4	0
26.4	866.16	1.5503e5	0	92.885	5878.9	0
26.5	864.55	1.5076e5	0	92.827	5862.4	0
26.6	862.94	1.4649e5	0	92.77	5845.9	0
26.7	862.46	1.4255e5	0	92.753	5829.4	0
26.8	862.46	1.3867e5	0	92.753	5808.3	0
26.9	862.46	1.348e5	0	92.753	5776.	0
27.	862.46	1.3092e5	0	92.753	5743.6	0
27.1	862.46	1.2848e5	0	92.753	5711.2	0
27.2	861.91	1.2769e5	0	92.574	5678.9	0
27.3	860.86	1.2689e5	0	92.237	5648.6	0
27.4	859.82	1.2609e5	0	91.9	5633.8	0
27.5	858.77	1.2249e5	0	91.563	5619.	0
27.6	857.73	1.1769e5	0	91.226	5604.2	0
27.7	850.08	1.129e5	0	90.888	5589.4	0
27.8	830.15	1.0955e5	0	90.539	5574.6	0
27.9	810.23	1.064e5	0	90.189	5546.	0
28.	790.31	1.0325e5	0	89.839	5516.5	0
28.1	775.65	1.0011e5	0	89.489	5487.	0
28.2	772.18	97818.	0	89.357	5457.5	0
28.3	768.7	96012.	0	89.365	5428.	0
28.4	765.23	94207.	0	89.372	5385.9	0
28.5	761.76	92402.	0	89.38	5339.9	0
28.6	758.29	90596.	0	89.388	5293.8	0
28.7	758.08	87551.	0	89.396	5247.8	0
28.8	758.08	84426.	0	89.396	5201.8	0
28.9	758.08	81301.	0	89.396	5163.5	0
29.	758.08	78176.	0	89.396	5130.6	0
29.1	758.08	76574.	0	89.396	5097.7	0
29.2	757.38	75625.	0	89.396	5064.9	0
29.3	756.47	74675.	0	89.325	5032.	0
29.4	755.55	73725.	0	89.239	5002.8	0
29.5	754.63	72776.	0	89.152	4978.7	0
29.6	753.72	71689.	0	89.066	4954.7	0
29.7	742.82	70510.	0	88.979	4930.7	0
29.8	724.69	69332.	0	85.931	4906.7	0
29.9	706.57	67543.	0	81.217	4882.7	0
30.	688.45	63714.	0	85.846	4858.9	0
30.1	678.59	59885.	0	86.835	4835.1	0
30.2	676.05	58019.	0	84.712	4811.3	0
30.3	673.51	56422.	0	82.589	4787.5	0
30.4	670.97	54825.	0	80.466	4763.8	0
30.5	668.44	53227.	0	78.577	4740.9	0
30.6	666.33	52532.	0	78.577	4718.1	0
30.7	666.33	52120.	0	78.577	4695.2	0
30.8	666.33	51709.	0	78.577	4672.4	0
30.9	666.33	51298.	0	78.577	4649.5	0
31.	666.33	49542.	0	78.577	4605.9	0
31.1	666.33	47601.	0	78.301	4559.4	0
31.2	665.31	45696.	0	78.008	4512.9	0
31.3	664.29	44450.	0	77.714	4466.4	0
31.4	663.27	43205.	0	77.421	4419.9	0
31.5	662.25	41959.	0	77.128	4385.1	0
31.6	661.23	40714.	0	76.691	4355.4	0
31.7	647.08	40042.	0	76.001	4325.7	0
31.8	630.05	39407.	0	75.31	4296.	0
31.9	613.01	38771.	0	74.62	4266.4	0
32.	598.31	36264.	0	73.929	4245.7	0
32.1	595.84	33914.	0	73.642	4233.3	0
32.2	593.38	32982.	0	73.355	4221.	0
32.3	590.91	32050.	0	73.068	4208.6	0
32.4	588.45	31118.	0	72.781	4196.2	0
32.5	585.99	30187.	0	72.493	4176.2	0
32.6	585.69	29912.	0	72.324	4141.7	0
32.7	585.69	29726.	0	72.324	4107.3	0
32.8	585.69	29540.	0	72.324	4072.9	0
32.9	585.69	29213.	0	72.324	4038.5	0
33.	585.69	27745.	0	72.324	4005.2	0
33.1	585.26	26277.	0	72.261	3977.4	0
33.2	584.65	25025.	0	71.985	3949.7	0
33.3	584.03	24303.	0	71.709	3922.	0
33.4	583.42	23580.	0	71.433	3894.2	0
33.5	582.8	22858.	0	71.157	3866.5	0
33.6	575.46	22158.	0	70.881	3815.8	0
33.7	561.89	21563.	0	69.996	3764.8	0
33.8	548.32	20969.	0	69.004	3713.9	0
33.9	534.76	20374.	0	68.011	3662.9	0
34.	526.65	19780.	0	67.019	3612.	0
34.1	524.23	19580.	0	66.821	3591.1	0
34.2	521.8	19410.	0	66.623	3576.8	0
34.3	519.38	19240.	0	66.425	3562.5	0
34.4	516.96	19070.	0	66.227	3548.2	0
34.5	514.8	18439.	0	66.029	3533.9	0
34.6	514.8	17707.	0	65.958	3514.4	0
34.7	514.8	17042.	0	65.958	3492.	0
34.8	514.8	16599.	0	65.958	3469.6	0
34.9	514.8	16155.	0	65.958	3447.1	0
35.	514.8	15712.	0	65.958	3424.7	0
35.1	513.21	15269.	0	65.933	3408.8	0
35.2	511.5	14936.	0	65.878	3400.6	0
35.3	509.79	14656.	0	65.824	3392.4	0
35.4	508.08	14376.	0	65.769	3384.2	0
35.5	506.37	14096.	0	65.715	3375.9	0
35.6	502.68	13816.	0	64.937	3343.9	0
35.7	496.36	13561.	0	62.389	3253.7	0
35.8	490.04	13324.	0	59.842	3163.5	0
35.9	483.73	13088.	0	65.171	3073.3	0
36.	477.41	12851.	0	63.802	2987.5	0
36.1	476.67	12677.	0	62.236	2985.7	0
36.2	476.06	12601.	0	60.669	2983.9	0
36.3	475.44	12525.	0	59.103	2982.1	0
36.4	474.82	12428.	0	57.975	2980.3	0
36.5	474.2	11953.	0	57.975	2978.5	0
36.6	473.83	11478.	0	57.975	2961.3	0
36.7	473.83	11179.	0	57.975	2941.7	0
36.8	473.83	11089.	0	57.975	2922.1	0
36.9	473.83	10998.	0	57.975	2902.5	0
37.	473.83	10908.	0	57.975	2883.	0
37.1	473.82	10817.	0	57.975	2872.7	0
37.2	473.78	10713.	0	57.975	2866.3	0
37.3	473.75	10573.	0	57.975	2860.	0
37.4	473.71	10433.	0	57.975	2853.6	0
37.5	473.67	10293.	0	57.896	2847.2	0
37.6	473.3	10153.	0	57.811	2838.1	0
37.7	466.45	10015.	0	57.726	2826.4	0
37.8	459.6	9892.3	0	57.64	2814.8	0
37.9	452.75	9769.2	0	57.555	2803.1	0
38.	445.91	9646.1	0	53.253	2791.4	0
38.1	440.79	9522.9	0	51.098	2780.5	0
38.2	439.53	9399.8	0	51.12	2770.9	0
38.3	438.28	9235.	0	51.142	2761.4	0
38.4	437.02	9067.1	0	51.164	2751.9	0
38.5	435.77	8899.2	0	51.186	2742.4	0
38.6	434.51	8731.3	0	51.194	2727.	0
38.7	434.12	8563.4	0	51.194	2682.6	0
38.8	434.12	8415.4	0	51.194	2638.2	0
38.9	434.12	8267.5	0	51.194	2593.9	0
39.	434.12	8119.7	0	51.194	2549.5	0
39.1	434.12	7971.9	0	51.147	2505.1	0
39.2	433.81	7942.9	0	51.045	2503.6	0
39.3	433.22	7943.6	0	50.944	2502.5	0
39.4	432.62	7944.3	0	50.842	2501.4	0
39.5	432.03	7945.	0	50.74	2500.2	0
39.6	431.43	7945.8	0	50.638	2499.1	0
39.7	429.85	7931.3	0	50.311	2472.3	0
39.8	426.35	7913.2	0	49.975	2439.6	0
39.9	422.86	7895.1	0	49.639	2406.8	0
40.	406.78	7877.1	0	49.302	2374.	0
40.1	372.96	7859.	0	49.123	2341.2	0
40.2	371.6	7804.3	0	49.122	2325.7	0
40.3	370.25	7703.	0	49.12	2320.2	0
40.4	368.89	7601.7	0	49.118	2314.8	0
40.5	367.53	7500.3	0	49.117	2309.4	0
40.6	366.17	7399.	0	49.115	2303.9	0
40.7	366.08	7322.	0	49.115	2295.3	0
40.8	366.08	7273.6	0	49.115	2283.	0
40.9	366.08	7225.1	0	49.115	2270.6	0
41.	366.08	7176.6	0	49.115	2258.3	0
41.1	366.08	7128.2	0	49.115	2245.9	0
41.2	365.15	7087.1	0	48.975	2234.6	0
41.3	363.91	7064.9	0	48.789	2226.1	0
41.4	362.67	7042.7	0	48.603	2217.5	0
41.5	361.44	7020.5	0	48.416	2209.	0
41.6	360.2	6998.4	0	48.23	2200.5	0
41.7	358.15	6973.4	0	48.033	2191.4	0
41.8	353.69	6923.5	0	47.766	2177.5	0
41.9	349.22	6873.6	0	47.5	2163.6	0
42.	344.76	6823.6	0	47.234	2149.6	0
42.1	340.29	6773.7	0	46.968	2135.7	0
42.2	339.05	6723.8	0	46.922	2121.8	0
42.3	338.61	6716.8	0	46.918	2119.4	0
42.4	338.17	6713.	0	46.914	2117.9	0
42.5	337.73	6709.2	0	46.91	2116.3	0
42.6	337.29	6705.4	0	46.906	2114.8	0
42.7	336.95	6701.6	0	46.903	2113.3	0
42.8	336.95	6700.6	0	46.903	2091.7	0
42.9	336.95	6700.6	0	46.903	2063.5	0
43.	336.95	6700.6	0	46.903	2035.2	0
43.1	336.95	6700.6	0	46.903	2007.	0
43.2	336.97	6700.6	0	46.901	1978.7	0
43.3	337.46	6691.7	0	46.855	1958.3	0
43.4	337.96	6676.	0	46.809	1943.7	0
43.5	338.45	6660.4	0	46.762	1929.1	0
43.6	338.94	6644.7	0	46.716	1914.5	0
43.7	339.44	6629.1	0	46.67	1899.9	0
43.8	341.15	6603.5	0	44.663	1882.3	0
43.9	343.04	6562.9	0	42.364	1860.5	0
44.	344.94	6522.4	0	45.052	1838.6	0
44.1	346.83	6481.8	0	45.522	1816.7	0
44.2	348.72	6441.2	0	44.349	1794.8	0
44.3	349.35	6398.1	0	43.175	1776.6	0
44.4	349.4	6345.9	0	42.002	1771.7	0
44.5	349.46	6293.6	0	41.227	1766.8	0
44.6	349.52	6241.4	0	41.227	1761.9	0
44.7	349.57	6189.1	0	41.227	1757.	0
44.8	349.6	6137.1	0	41.227	1751.4	0
44.9	349.6	6090.8	0	41.227	1729.1	0
45.	349.6	6044.5	0	41.203	1706.8	0
45.1	349.6	5998.2	0	41.054	1684.5	0
45.2	349.6	5951.8	0	40.905	1662.2	0
45.3	350.02	5905.5	0	40.755	1639.9	0
45.4	351.24	5897.8	0	40.606	1631.3	0
45.5	352.47	5895.9	0	40.457	1624.7	0
45.6	353.69	5894.	0	40.184	1618.2	0
45.7	354.92	5892.1	0	39.823	1611.6	0
45.8	356.26	5890.2	0	39.461	1605.	0
45.9	358.22	5882.4	0	39.099	1597.6	0
46.	360.17	5872.	0	38.783	1589.8	0
46.1	362.13	5861.6	0	38.627	1582.	0
46.2	364.09	5851.1	0	38.471	1574.2	0
46.3	366.04	5840.7	0	38.315	1566.4	0
46.4	366.08	5809.7	0	38.159	1560.9	0
46.5	366.08	5758.9	0	38.004	1557.7	0
46.6	366.08	5708.1	0	37.946	1554.4	0
46.7	366.08	5657.2	0	37.946	1551.1	0
46.8	366.08	5606.4	0	37.946	1547.9	0
46.9	366.08	5562.9	0	37.946	1543.6	0
47.	366.08	5533.6	0	37.946	1537.2	0
47.1	366.08	5504.2	0	37.946	1530.9	0
47.2	366.08	5474.9	0	37.946	1524.6	0
47.3	366.08	5445.5	0	37.946	1518.3	0
47.4	365.56	5420.9	0	37.946	1511.8	0
47.5	364.74	5420.9	0	37.946	1504.4	0
47.6	363.91	5420.9	0	37.831	1497.	0
47.7	363.09	5420.9	0	37.421	1489.6	0
47.8	362.26	5420.9	0	37.011	1482.1	0
47.9	354.86	5420.9	0	36.601	1472.7	0
48.	339.42	5420.9	0	36.191	1448.8	0
48.1	323.97	5420.9	0	35.852	1424.9	0
48.2	314.66	5420.9	0	35.669	1401.	0
48.3	313.47	5420.9	0	35.487	1377.1	0
48.4	312.29	5420.9	0	35.305	1371.4	0
48.5	311.1	5380.1	0	35.123	1368.9	0
48.6	309.92	5329.2	0	34.941	1366.4	0
48.7	308.73	5278.2	0	34.926	1363.9	0
48.8	308.71	5227.2	0	34.926	1361.3	0
48.9	308.71	5176.3	0	34.926	1355.2	0
49.	308.71	5134.2	0	34.926	1349.1	0
49.1	308.71	5097.4	0	34.926	1343.	0
49.2	308.71	5060.5	0	34.918	1336.9	0
49.3	308.33	5023.7	0	34.906	1330.8	0
49.4	307.86	4986.9	0	34.895	1326.	0
49.5	307.38	4974.6	0	34.883	1321.4	0
49.6	306.91	4992.5	0	34.872	1316.9	0
49.7	306.44	5010.3	0	34.828	1312.4	0
49.8	297.36	5028.1	0	34.758	1307.8	0
49.9	283.24	5046.	0	34.689	1294.1	0
50.	274.55	5065.	0	34.62	1276.4	0
50.1	274.36	5087.4	0	30.749	1258.6	0
50.2	243.67	5109.8	0	30.738	1240.9	0
50.3	240.93	5132.2	0	30.728	1223.1	0
50.4	240.62	5154.6	0	30.718	1211.3	0
50.5	240.31	5171.7	0	30.708	1205.1	0
50.6	240.	5141.2	0	30.699	1198.9	0
50.7	239.69	5110.7	0	30.699	1192.8	0
50.8	239.61	5080.2	0	30.699	1186.6	0
50.9	239.61	5049.7	0	30.699	1181.3	0
51.	239.61	5019.2	0	30.699	1177.6	0
51.1	239.61	5007.9	0	30.699	1174.	0
51.2	239.61	4998.2	0	30.699	1170.3	0
51.3	239.31	4988.5	0	30.699	1166.7	0
51.4	238.79	4978.8	0	30.699	1162.6	0
51.5	238.27	4969.1	0	30.699	1155.8	0
51.6	237.75	4966.3	0	30.699	1149.	0
51.7	237.23	4965.9	0	30.699	1142.2	0
51.8	234.1	4965.5	0	30.699	1135.3	0
51.9	226.88	4965.1	0	30.699	1128.5	0
52.	219.66	4964.7	0	30.699	1118.1	0
52.1	213.31	4945.4	0	30.699	1107.6	0
52.2	212.78	4911.9	0	30.699	1097.	0
52.3	212.25	4878.4	0	30.699	1086.5	0
52.4	211.72	4844.9	0	30.699	1076.	0
52.5	211.18	4811.3	0	30.699	1072.4	0
52.6	210.65	4775.5	0	30.699	1069.8	0
52.7	210.61	4736.1	0	30.699	1067.2	0
52.8	210.61	4696.7	0	30.699	1064.6	0
52.9	210.61	4657.3	0	30.699	1061.9	0
53.	210.61	4617.8	0	30.699	1059.3	0
53.1	210.61	4591.	0	30.699	1057.6	0
53.2	210.5	4611.7	0	30.699	1057.6	0
53.3	210.34	4632.4	0	30.699	1057.6	0
53.4	210.19	4653.1	0	30.699	1057.6	0
53.5	210.04	4673.8	0	30.699	1057.6	0
53.6	209.89	4692.7	0	30.699	1057.6	0
53.7	209.	4671.	0	30.699	1048.	0
53.8	207.53	4649.2	0	30.699	1032.3	0
53.9	206.06	4627.5	0	30.699	1016.7	0
54.	204.59	4605.7	0	30.699	1003.7	0
54.1	203.12	4583.9	0	30.699	998.21	0
54.2	202.14	4547.3	0	30.699	992.71	0
54.3	201.93	4508.2	0	30.699	987.21	0
54.4	201.72	4469.	0	30.699	981.71	0
54.5	201.51	4429.9	0	30.699	976.44	0
54.6	201.3	4390.8	0	30.699	973.5	0
54.7	201.13	4359.6	0	30.699	970.57	0
54.8	201.13	4332.1	0	30.699	967.64	0
54.9	201.13	4304.6	0	30.699	964.71	0
55.	201.13	4277.1	0	30.699	961.77	0
55.1	201.13	4249.6	0	30.699	958.59	0
55.2	201.12	4231.2	0	30.699	955.38	0
55.3	200.68	4222.	0	30.68	952.17	0
55.4	200.24	4212.8	0	30.645	948.96	0
55.5	199.8	4203.6	0	30.61	945.74	0
55.6	199.36	4194.4	0	30.575	939.22	0
55.7	198.92	4185.3	0	30.54	931.53	0
55.8	193.65	4176.5	0	29.678	923.84	0
55.9	187.59	4167.8	0	27.52	916.15	0
56.	181.53	4159.	0	26.539	908.46	0
56.1	178.84	4150.2	0	26.374	904.42	0
56.2	178.39	4139.2	0	26.209	903.24	0
56.3	177.95	4115.1	0	26.044	902.05	0
56.4	177.5	4091.	0	25.879	900.87	0
56.5	177.05	4067.	0	25.769	899.69	0
56.6	176.78	4042.9	0	25.769	896.95	0
56.7	176.78	4018.8	0	25.769	891.75	0
56.8	176.78	4022.2	0	25.769	886.56	0
56.9	176.78	4026.4	0	25.769	881.37	0
57.	176.78	4030.7	0	25.769	876.18	0
57.1	176.78	4034.9	0	25.769	871.53	0
57.2	176.78	4039.2	0	25.769	868.91	0
57.3	176.78	4061.	0	25.769	866.28	0
57.4	176.78	4087.2	0	25.769	863.66	0
57.5	176.78	4113.5	0	25.769	861.03	0
57.6	176.72	4139.7	0	25.569	858.4	0
57.7	174.81	4165.9	0	25.363	855.34	0
57.8	172.89	4160.2	0	25.158	852.29	0
57.9	170.98	4135.	0	24.952	849.24	0
58.	169.07	4109.7	0	24.746	846.18	0
58.1	167.18	4084.5	0	24.533	843.13	0
58.2	165.86	4059.2	0	24.317	840.49	0
58.3	164.55	4042.8	0	24.101	837.92	0
58.4	163.23	4037.6	0	23.885	835.35	0
58.5	162.42	4032.4	0	23.689	832.78	0
58.6	162.49	4027.1	0	23.694	830.21	0
58.7	162.56	4021.9	0	23.7	821.05	0
58.8	162.64	4015.6	0	23.706	808.77	0
58.9	162.71	4006.2	0	23.712	796.5	0
59.	162.71	3996.8	0	23.717	784.23	0
59.1	162.69	3987.5	0	23.718	771.96	0
59.2	162.68	3978.1	0	23.718	762.6	0
59.3	162.67	3967.6	0	23.718	759.75	0
59.4	162.65	3945.5	0	23.718	756.89	0
59.5	161.96	3923.3	0	23.718	754.04	0
59.6	160.95	3901.2	0	23.718	751.18	0
59.7	159.94	3879.	0	23.718	747.88	0
59.8	158.93	3856.9	0	23.718	743.64	0
59.9	157.92	3854.9	0	23.718	739.39	0
60.	157.22	3854.9	0	23.718	735.14	0
60.1	156.83	3854.9	0	23.718	730.9	0
60.2	156.44	3854.9	0	23.718	727.12	0
60.3	156.05	3854.9	0	23.718	725.95	0
60.4	155.66	3854.9	0	23.718	724.78	0
60.5	155.39	3854.9	0	23.718	723.62	0
60.6	155.39	3854.9	0	23.718	722.45	0
60.7	155.39	3854.9	0	23.718	721.28	0
60.8	155.39	3854.9	0	23.718	711.39	0
60.9	155.39	3851.9	0	23.718	701.22	0
61.	155.39	3846.6	0	23.718	691.05	0
61.1	155.39	3841.4	0	23.717	680.88	0
61.2	155.39	3836.1	0	23.713	670.71	0
61.3	155.39	3830.8	0	23.709	667.72	0
61.4	155.39	3814.4	0	23.706	666.64	0
61.5	155.39	3779.9	0	23.702	665.56	0
61.6	154.82	3745.4	0	23.697	664.48	0
61.7	154.24	3710.9	0	23.65	663.4	0
61.8	153.65	3676.4	0	23.603	660.39	0
61.9	153.07	3646.6	0	23.557	656.18	0
62.	152.48	3634.6	0	23.51	651.98	0
62.1	151.86	3622.6	0	20.843	647.78	0
62.2	151.22	3610.6	0	20.844	643.58	0
62.3	150.59	3598.6	0	20.845	640.43	0
62.4	149.96	3588.1	0	20.846	638.61	0
62.5	149.32	3624.7	0	20.846	636.79	0
62.6	149.08	3661.3	0	20.847	634.97	0
62.7	149.08	3697.9	0	20.847	633.16	0
62.8	149.08	3734.5	0	20.847	630.74	0
62.9	149.08	3771.1	0	20.847	626.61	0
63.	149.08	3780.	0	20.847	622.49	0
63.1	149.07	3784.	0	20.847	618.36	0
63.2	149.06	3787.9	0	20.841	614.23	0
63.3	149.05	3791.9	0	20.834	610.32	0
63.4	149.04	3795.9	0	20.828	608.56	0
63.5	149.03	3782.4	0	20.821	606.8	0
63.6	148.8	3760.3	0	20.814	605.03	0
63.7	147.94	3738.2	0	20.781	603.27	0
63.8	147.08	3716.1	0	20.741	601.51	0
63.9	146.23	3694.	0	20.701	594.46	0
64.	145.37	3682.7	0	20.661	586.89	0
64.1	144.56	3682.4	0	18.232	579.32	0
64.2	144.26	3682.1	0	18.252	571.75	0
64.3	143.96	3681.8	0	18.272	564.17	0
64.4	143.65	3681.5	0	18.292	561.66	0
64.5	143.35	3674.8	0	18.312	561.01	0
64.6	143.05	3654.6	0	18.324	560.36	0
64.7	143.02	3634.4	0	18.324	559.71	0
64.8	143.02	3614.1	0	18.324	559.06	0
64.9	143.02	3593.9	0	18.324	556.51	0
65.	143.02	3569.3	0	18.324	552.47	0
65.1	143.02	3518.	0	18.31	548.43	0
65.2	142.91	3466.7	0	18.242	544.39	0
65.3	142.76	3415.4	0	18.173	540.35	0
65.4	142.61	3364.1	0	18.105	537.75	0
65.5	142.47	3312.7	0	18.036	537.51	0
65.6	142.32	3297.1	0	17.968	537.27	0
65.7	141.64	3282.5	0	17.842	537.03	0
65.8	140.53	3268.	0	17.681	536.79	0
65.9	139.42	3253.4	0	17.52	536.6	0
66.	128.11	3238.9	0	17.358	536.6	0
66.1	122.88	3235.8	0	17.222	536.6	0
66.2	122.3	3235.8	0	17.155	536.6	0
66.3	121.72	3235.8	0	17.088	536.6	0
66.4	121.13	3235.8	0	17.021	536.58	0
66.5	120.55	3235.8	0	16.955	535.76	0
66.6	120.05	3236.	0	16.888	534.94	0
66.7	120.05	3236.2	0	16.866	534.12	0
66.8	120.05	3236.5	0	16.866	533.3	0
66.9	120.05	3236.7	0	16.866	532.47	0
67.	120.05	3237.	0	16.866	530.25	0
67.1	120.05	3245.3	0	16.866	527.79	0
67.2	119.93	3263.9	0	16.83	525.32	0
67.3	119.8	3282.5	0	16.756	522.85	0
67.4	119.68	3301.1	0	16.682	520.38	0
67.5	119.55	3319.6	0	16.608	517.39	0
67.6	119.43	3329.8	0	16.535	514.13	0
67.7	118.72	3315.9	0	16.461	510.87	0
67.8	117.87	3302.1	0	16.383	507.61	0
67.9	117.01	3288.2	0	16.306	504.35	0
68.	105.37	3274.4	0	16.228	501.86	0
68.1	103.08	3259.9	0	16.15	500.15	0
68.2	102.78	3238.9	0	16.116	498.45	0
68.3	102.49	3217.8	0	16.114	496.75	0
68.4	102.19	3196.8	0	16.112	495.05	0
68.5	101.89	3175.7	0	16.111	492.78	0
68.6	101.71	3154.7	0	16.109	489.31	0
68.7	101.71	3143.6	0	16.107	485.84	0
68.8	101.71	3133.5	0	16.107	482.37	0
68.9	101.71	3123.4	0	16.107	478.9	0
69.	101.71	3113.3	0	16.107	475.39	0
69.1	101.64	3103.2	0	16.107	471.6	0
69.2	101.29	3064.4	0	16.107	467.82	0
69.3	100.94	3014.9	0	16.107	464.03	0
69.4	100.59	2965.4	0	16.107	460.25	0
69.5	100.23	2915.9	0	16.107	456.46	0
69.6	99.882	2866.4	0	16.107	452.87	0
69.7	98.912	2816.5	0	16.107	449.28	0
69.8	97.675	2766.4	0	16.107	445.7	0
69.9	96.439	2716.3	0	16.107	442.11	0
70.	95.203	2666.3	0	16.107	438.52	0
70.1	94.146	2624.4	0	16.107	437.21	0
70.2	93.965	2637.7	0	16.107	436.51	0
70.3	93.784	2651.	0	16.107	435.8	0
70.4	93.603	2664.2	0	16.107	435.1	0
70.5	93.422	2677.5	0	16.107	434.39	0
70.6	93.241	2689.9	0	16.107	432.92	0
70.7	93.181	2696.6	0	16.107	430.97	0
70.8	93.181	2703.4	0	16.107	429.01	0
70.9	93.181	2710.2	0	16.107	427.05	0
71.	93.181	2717.	0	16.107	425.09	0
71.1	93.181	2723.8	0	16.107	423.35	0
71.2	93.17	2706.8	0	16.107	421.9	0
71.3	93.147	2688.8	0	16.1	420.45	0
71.4	93.125	2670.8	0	16.012	419.01	0
71.5	93.102	2652.8	0	15.924	417.56	0
71.6	93.08	2634.8	0	15.836	415.89	0
71.7	92.531	2617.3	0	15.748	413.58	0
71.8	90.811	2599.9	0	15.66	411.28	0
71.9	89.092	2582.6	0	15.555	408.97	0
72.	87.372	2565.2	0	15.428	406.66	0
72.1	85.652	2547.9	0	15.3	404.46	0
72.2	84.657	2538.4	0	15.173	403.42	0
72.3	84.186	2533.9	0	15.061	402.39	0
72.4	83.714	2529.4	0	15.017	401.35	0
72.5	83.243	2524.9	0	14.974	400.32	0
72.6	82.772	2520.4	0	14.931	399.28	0
72.7	82.301	2525.2	0	14.888	396.46	0
72.8	82.282	2542.4	0	14.844	393.44	0
72.9	82.282	2559.6	0	14.825	390.42	0
73.	82.282	2576.8	0	14.825	387.4	0
73.1	82.282	2594.	0	14.825	384.38	0
73.2	82.282	2607.4	0	14.825	383.28	0
73.3	82.061	2609.5	0	14.825	382.9	0
73.4	81.777	2611.6	0	14.819	382.52	0
73.5	81.493	2613.8	0	14.802	382.13	0
73.6	81.21	2615.9	0	14.785	381.75	0
73.7	80.926	2617.8	0	14.768	380.52	0
73.8	80.41	2617.8	0	14.751	378.58	0
73.9	79.294	2617.8	0	14.547	376.65	0
74.	78.179	2617.8	0	13.591	374.72	0
74.1	77.064	2617.8	0	13.682	372.79	0
74.2	75.949	2617.8	0	14.544	370.88	0
74.3	75.652	2613.6	0	14.152	369.01	0
74.4	75.523	2609.	0	13.76	367.15	0
74.5	75.394	2604.4	0	13.368	365.28	0
74.6	75.265	2599.7	0	13.031	363.41	0
74.7	75.136	2595.1	0	13.031	360.94	0
74.8	75.039	2581.9	0	13.031	355.91	0
74.9	75.039	2565.4	0	13.031	350.87	0
75.	75.039	2548.8	0	13.031	345.84	0
75.1	75.039	2532.3	0	13.031	340.8	0
75.2	75.039	2515.7	0	13.027	335.86	0
75.3	75.009	2498.	0	13.023	335.51	0
75.4	74.631	2479.3	0	13.018	335.15	0
75.5	74.253	2460.6	0	13.014	334.8	0
75.6	73.876	2442.	0	13.01	334.44	0
75.7	73.498	2423.3	0	12.99	334.09	0
75.8	73.12	2410.6	0	12.965	330.23	0
75.9	72.426	2408.	0	12.941	325.71	0
76.	71.52	2405.5	0	12.916	321.18	0
76.1	70.614	2403.	0	11.444	316.66	0
76.2	69.709	2400.4	0	11.446	312.14	0
76.3	69.117	2397.1	0	11.449	309.86	0
76.4	69.107	2390.1	0	11.451	308.75	0
76.5	69.097	2383.2	0	11.453	307.63	0
76.6	69.087	2376.2	0	11.454	306.52	0
76.7	69.077	2369.3	0	11.454	305.4	0
76.8	69.067	2362.2	0	11.454	303.88	0
76.9	69.067	2347.	0	11.454	301.95	0
77.	69.067	2331.8	0	11.454	300.01	0
77.1	69.067	2316.6	0	11.453	298.08	0
77.2	69.067	2301.3	0	11.447	296.14	0
77.3	69.067	2286.1	0	11.442	294.71	0
77.4	68.704	2271.7	0	11.436	294.37	0
77.5	68.273	2257.3	0	11.43	294.04	0
77.6	67.841	2243.	0	11.417	293.7	0
77.7	67.409	2228.6	0	11.005	293.37	0
77.8	66.977	2214.3	0	10.593	292.89	0
77.9	66.389	2209.2	0	10.181	291.41	0
78.	65.616	2208.8	0	11.265	289.94	0
78.1	64.843	2208.4	0	10.948	288.46	0
78.2	64.07	2208.1	0	10.631	286.98	0
78.3	63.487	2207.7	0	10.314	285.51	0
78.4	63.505	2207.5	0	9.9977	285.02	0
78.5	63.523	2207.5	0	9.7031	284.58	0
78.6	63.54	2207.5	0	9.7031	284.14	0
78.7	63.558	2207.5	0	9.7031	283.69	0
78.8	63.571	2207.5	0	9.7031	283.25	0
78.9	63.571	2207.5	0	9.7031	281.43	0
79.	63.571	2207.5	0	9.7031	279.23	0
79.1	63.571	2207.5	0	9.6791	277.02	0
79.2	63.571	2207.5	0	9.6525	274.82	0
79.3	63.559	2207.5	0	9.6259	272.61	0
79.4	63.385	2207.5	0	9.5993	270.7	0
79.5	63.211	2207.5	0	9.5726	268.99	0
79.6	63.037	2207.5	0	9.5163	267.28	0
79.7	62.863	2207.5	0	9.4133	265.57	0
79.8	62.689	2207.5	0	9.3104	263.86	0
79.9	62.335	2207.5	0	9.2074	261.79	0
80.	61.961	2197.1	0	9.1045	259.26	0
80.1	61.587	2186.2	0	9.0548	256.72	0
80.2	61.213	2175.3	0	9.0103	254.19	0
80.3	60.839	2164.3	0	8.9659	251.65	0
80.4	60.73	2153.4	0	8.9214	249.61	0
80.5	60.725	2140.3	0	8.877	249.05	0
80.6	60.72	2126.6	0	8.849	248.49	0
80.7	60.715	2112.9	0	8.849	247.92	0
80.8	60.71	2099.3	0	8.849	247.36	0
80.9	60.708	2085.6	0	8.849	246.73	0
81.	60.708	2073.4	0	8.849	245.12	0
81.1	60.708	2062.3	0	8.849	243.51	0
81.2	60.708	2051.2	0	8.849	241.9	0
81.3	60.708	2040.1	0	8.849	240.29	0
81.4	60.684	2028.9	0	8.849	238.69	0
81.5	60.621	2022.5	0	8.849	238.51	0
81.6	60.557	2022.5	0	8.8491	238.51	0
81.7	60.494	2022.5	0	8.8636	238.51	0
81.8	60.43	2022.5	0	8.878	238.51	0
81.9	60.309	2022.5	0	8.8924	238.51	0
82.	59.939	2022.5	0	8.9069	238.51	0
82.1	59.569	2022.5	0	8.9213	238.51	0
82.2	59.199	2022.5	0	8.983	238.51	0
82.3	58.829	2022.5	0	9.0482	238.51	0
82.4	58.463	2022.5	0	9.1135	238.51	0
82.5	58.42	2021.9	0	9.1788	237.55	0
82.6	58.378	2012.6	0	9.244	235.78	0
82.7	58.335	2003.4	0	9.2662	234.01	0
82.8	58.293	1994.2	0	9.2662	232.24	0
82.9	58.25	1985.	0	9.2662	230.46	0
83.	58.243	1975.8	0	9.2662	228.65	0
83.1	58.243	1959.1	0	9.2662	226.75	0
83.2	58.243	1941.4	0	9.2605	224.86	0
83.3	58.243	1923.8	0	9.2486	222.96	0
83.4	58.243	1906.1	0	9.2367	221.07	0
83.5	58.144	1888.4	0	9.2249	219.3	0
83.6	57.994	1880.5	0	9.213	218.06	0
83.7	57.845	1876.2	0	9.1946	216.82	0
83.8	57.695	1872.	0	9.1235	215.59	0
83.9	57.545	1867.8	0	9.0524	214.35	0
84.	57.32	1863.5	0	8.9813	213.11	0
84.1	57.013	1861.6	0	8.9103	210.79	0
84.2	56.706	1861.6	0	8.8718	208.47	0
84.3	56.399	1861.6	0	8.8673	206.16	0
84.4	56.092	1861.6	0	8.8628	203.84	0
84.5	55.877	1861.6	0	8.8583	201.52	0
84.6	55.877	1861.6	0	8.8537	199.06	0
84.7	55.877	1861.6	0	8.8492	196.56	0
84.8	55.877	1861.6	0	8.849	194.06	0
84.9	55.877	1861.6	0	8.849	191.56	0
85.	55.877	1861.6	0	8.849	189.06	0
85.1	55.877	1861.6	0	8.849	187.71	0
85.2	55.877	1861.4	0	8.849	186.95	0
85.3	55.877	1861.3	0	8.8173	186.19	0
85.4	55.877	1861.1	0	8.7761	185.43	0
85.5	55.877	1861.	0	8.7348	184.67	0
85.6	55.627	1860.6	0	8.6936	184.27	0
85.7	55.363	1838.6	0	8.6524	184.27	0
85.8	55.1	1816.6	0	8.6061	184.27	0
85.9	54.836	1794.6	0	8.533	184.27	0
86.	53.509	1772.6	0	8.4599	184.27	0
86.1	51.031	1750.6	0	8.3868	184.27	0
86.2	49.422	1742.	0	8.3137	184.25	0
86.3	49.358	1734.7	0	8.2792	184.23	0
86.4	49.295	1727.5	0	8.251	184.22	0
86.5	49.231	1720.2	0	8.2227	184.2	0
86.6	49.167	1713.	0	8.1945	184.07	0
86.7	49.115	1718.3	0	8.1663	183.17	0
86.8	49.115	1730.1	0	8.1448	182.26	0
86.9	49.115	1742.	0	8.1448	181.36	0
87.	49.115	1753.8	0	8.1448	180.45	0
87.1	49.115	1765.6	0	8.1448	179.55	0
87.2	49.113	1777.8	0	8.1448	179.27	0
87.3	48.95	1790.4	0	8.1417	179.04	0
87.4	48.787	1802.9	0	8.0976	178.8	0
87.5	48.624	1815.5	0	8.0535	178.56	0
87.6	48.461	1828.	0	8.0094	178.32	0
87.7	48.298	1837.7	0	7.9653	177.22	0
87.8	47.91	1840.7	0	7.9212	175.85	0
87.9	47.307	1843.6	0	7.8559	174.48	0
88.	46.704	1846.6	0	7.7746	173.11	0
88.1	46.101	1849.6	0	7.6934	171.74	0
88.2	45.53	1850.6	0	7.6121	171.01	0
88.3	45.472	1837.2	0	7.5772	170.7	0
88.4	45.413	1823.8	0	7.5594	170.39	0
88.5	45.354	1810.4	0	7.5415	170.08	0
88.6	45.295	1797.1	0	7.5237	169.78	0
88.7	45.237	1783.7	0	7.5059	169.23	0
88.8	45.206	1762.2	0	7.4966	168.35	0
88.9	45.206	1740.3	0	7.4966	167.47	0
89.	45.206	1718.4	0	7.4966	166.59	0
89.1	45.206	1696.5	0	7.4966	165.71	0
89.2	45.206	1674.5	0	7.4966	164.9	0
89.3	45.172	1663.2	0	7.4966	164.31	0
89.4	45.06	1655.1	0	7.4966	163.71	0
89.5	44.947	1647.	0	7.4966	163.12	0
89.6	44.835	1638.9	0	7.4966	162.53	0
89.7	44.722	1630.7	0	7.4966	161.97	0
89.8	44.368	1619.	0	7.4966	161.97	0
89.9	42.242	1604.9	0	7.4966	161.97	0
90.	40.115	1590.7	0	7.4966	161.97	0
90.1	38.533	1576.5	0	7.4966	161.97	0
90.2	38.424	1562.3	0	7.4966	161.97	0
90.3	38.314	1549.5	0	7.4966	161.96	0
90.4	38.204	1538.5	0	7.4966	161.94	0
90.5	38.094	1527.5	0	7.4966	161.93	0
90.6	37.984	1516.5	0	7.4966	161.92	0
90.7	37.946	1505.5	0	7.4966	161.9	0
90.8	37.946	1494.8	0	7.4966	161.35	0
90.9	37.946	1484.8	0	7.4966	160.59	0
91.	37.946	1474.8	0	7.4966	159.82	0
91.1	37.946	1464.9	0	7.4966	159.05	0
91.2	37.883	1454.9	0	7.4966	158.28	0
91.3	37.753	1445.4	0	7.4966	157.51	0
91.4	37.622	1444.	0	7.4677	156.74	0
91.5	37.491	1442.6	0	7.4188	155.97	0
91.6	37.361	1441.2	0	7.3698	155.2	0
91.7	37.23	1439.8	0	7.3208	154.42	0
91.8	36.783	1438.4	0	7.2719	153.18	0
91.9	36.326	1438.2	0	7.2271	151.11	0
92.	35.87	1438.2	0	7.2128	149.04	0
92.1	35.413	1438.2	0	7.1985	146.97	0
92.2	35.143	1438.2	0	7.1842	144.9	0
92.3	35.1	1438.2	0	7.17	143.15	0
92.4	35.057	1439.8	0	7.1591	142.84	0
92.5	35.014	1442.	0	7.1591	142.54	0
92.6	34.971	1444.2	0	7.1591	142.24	0
92.7	34.929	1446.4	0	7.1591	141.94	0
92.8	34.926	1448.7	0	7.1591	141.64	0
92.9	34.926	1454.7	0	7.1591	139.62	0
93.	34.926	1464.1	0	7.1591	137.61	0
93.1	34.926	1473.6	0	7.1591	135.59	0
93.2	34.926	1483.	0	7.1591	133.58	0
93.3	34.87	1492.5	0	7.1591	131.56	0
93.4	34.797	1494.2	0	7.1591	130.52	0
93.5	34.724	1482.1	0	7.1452	129.68	0
93.6	34.651	1470.	0	7.1295	128.84	0
93.7	34.578	1458.	0	7.1138	128.	0
93.8	34.417	1445.9	0	7.0981	127.16	0
93.9	34.194	1434.	0	6.7092	126.08	0
94.	33.972	1423.2	0	6.2738	124.88	0
94.1	33.749	1412.3	0	6.278	123.67	0
94.2	33.526	1401.5	0	6.2822	122.46	0
94.3	33.392	1390.6	0	6.2864	121.25	0
94.4	33.384	1379.8	0	6.2906	120.61	0
94.5	33.375	1375.8	0	6.2926	120.61	0
94.6	33.367	1371.8	0	6.2926	120.61	0
94.7	33.359	1367.9	0	6.2926	120.61	0
94.8	33.353	1363.9	0	6.2926	120.61	0
94.9	33.353	1359.9	0	6.2926	120.61	0
95.	33.353	1363.	0	6.2926	120.61	0
95.1	33.353	1367.7	0	6.2926	120.61	0
95.2	33.353	1372.3	0	6.2926	120.61	0
95.3	33.353	1377.	0	6.2926	120.61	0
95.4	33.353	1381.7	0	6.2926	120.61	0
95.5	33.353	1392.3	0	6.2857	120.61	0
95.6	33.353	1406.2	0	6.2473	120.61	0
95.7	33.353	1420.1	0	6.2089	120.61	0
95.8	33.353	1434.	0	6.1706	120.61	0
95.9	33.353	1447.8	0	6.1322	120.61	0
96.	33.353	1454.1	0	6.0938	120.61	0
96.1	33.353	1451.7	0	6.0725	120.61	0
96.2	33.353	1449.3	0	6.0586	120.61	0
96.3	33.353	1446.9	0	6.0447	120.61	0
96.4	33.353	1444.5	0	6.0307	120.61	0
96.5	33.353	1435.9	0	6.0168	120.61	0
96.6	33.353	1409.6	0	6.0135	120.61	0
96.7	33.353	1383.3	0	6.0125	120.61	0
96.8	33.353	1357.	0	6.0116	120.61	0
96.9	33.353	1330.7	0	6.0106	120.61	0
97.	33.353	1306.1	0	6.0096	120.61	0
97.1	33.353	1290.3	0	6.0093	120.61	0
97.2	33.353	1274.5	0	6.0093	120.61	0
97.3	33.353	1258.7	0	6.0093	120.61	0
97.4	33.353	1242.9	0	6.0093	120.61	0
97.5	33.353	1227.	0	6.0093	120.61	0
97.6	33.353	1219.5	0	5.9984	120.61	0
97.7	33.353	1212.5	0	5.9752	120.61	0
97.8	33.353	1205.4	0	5.952	120.61	0
97.9	33.353	1198.4	0	5.9288	120.61	0
98.	33.353	1191.4	0	5.9057	120.61	0
98.1	33.353	1185.9	0	5.4525	120.61	0
98.2	33.353	1180.8	0	5.3611	120.61	0
98.3	33.353	1175.8	0	5.3542	120.61	0
98.4	33.353	1170.7	0	5.3472	120.61	0
98.5	33.353	1165.7	0	5.3403	120.6	0
98.6	33.353	1163.6	0	5.3333	120.38	0
98.7	33.353	1163.6	0	5.3309	120.15	0
98.8	33.353	1163.6	0	5.3309	119.93	0
98.9	33.353	1163.6	0	5.3309	117.46	0
99.	33.353	1163.6	0	5.3309	113.	0
99.1	33.353	1161.5	0	5.3309	108.54	0
99.2	33.353	1156.5	0	5.3353	106.15	0
99.3	33.353	1151.5	0	5.3447	106.11	0
99.4	33.353	1146.4	0	5.3541	106.07	0
99.5	33.358	1141.4	0	5.3635	106.02	0
99.6	33.365	1136.	0	5.3729	105.98	0
99.7	33.372	1129.2	0	5.3821	105.94	0
99.8	33.379	1122.5	0	5.3905	105.9	0
99.9	33.387	1115.8	0	5.399	105.85	0
100.	33.394	1109.	0	5.4075	105.81	0