1.      295.7719345321935     295.7719345321935     295.7719345321935     0     0     0
1.05    300.17696046099815    300.17696046099815    300.17696046099815    0     0     0
1.1     304.7464292127515     304.7464292127515     304.7464292127515     0     0     0
1.15    309.48088200607367    309.48088200607367    309.48088200607367    0     0     0
1.2     314.380860059585      314.380860059585      314.380860059585      0     0     0
1.25    319.4469045919056     319.4469045919056     319.4469045919056     0     0     0
1.3     324.6795568216557     324.6795568216557     324.6795568216557     0     0     0
1.35    330.0793579674554     330.0793579674554     330.0793579674554     0     0     0
1.4     335.64684924792505    335.64684924792505    335.64684924792505    0     0     0
1.45    341.38257188168467    341.38257188168467    341.38257188168467    0     0     0
1.5     347.2870670873546     347.2870670873546     347.2870670873546     0     0     0
1.55    353.36087608355507    353.36087608355507    353.36087608355507    0     0     0
1.6     359.6045400889061     359.6045400889061     359.6045400889061     0     0     0
1.65    366.01860032202796    366.01860032202796    366.01860032202796    0     0     0
1.7     372.60359800154095    372.60359800154095    372.60359800154095    0     0     0
1.75    379.3600743460652     379.3600743460652     379.3600743460652     0     0     0
1.8     386.2885705742209     386.2885705742209     386.2885705742209     0     0     0
1.85    393.38962790462824    393.38962790462824    393.38962790462824    0     0     0
1.9     400.66378755590733    400.66378755590733    400.66378755590733    0     0     0
1.95    408.11159074667853    408.11159074667853    408.11159074667853    0     0     0
2.      415.7335786955621     415.7335786955621     415.7335786955621     0     0     0
2.05    423.530292621178      423.530292621178      423.530292621178      0     0     0
2.1     431.50227374214654    431.50227374214654    431.50227374214654    0     0     0
2.15    439.65006327708784    439.65006327708784    439.65006327708784    0     0     0
2.2     447.97420244462234    447.97420244462234    447.97420244462234    0     0     0
2.25    456.47523246336993    456.47523246336993    456.47523246336993    0     0     0
2.3     465.15369455195093    465.15369455195093    465.15369455195093    0     0     0
2.35    474.01012992898575    474.01012992898575    474.01012992898575    0     0     0
2.4     483.04507981309416    483.04507981309416    483.04507981309416    0     0     0
2.45    492.25908542289676    492.25908542289676    492.25908542289676    0     0     0
2.5     501.6526879770135     501.6526879770135     501.6526879770135     0     0     0
2.55    511.2264286940646     511.2264286940646     511.2264286940646     0     0     0
2.6     520.9808487926705     520.9808487926705     520.9808487926705     0     0     0
2.65    530.916489491451      530.916489491451      530.916489491451      0     0     0
2.7     541.0338920090267     541.0338920090267     541.0338920090267     0     0     0
2.75    551.3335975640175     551.3335975640175     551.3335975640175     0     0     0
2.8     561.8161473750437     561.8161473750437     561.8161473750437     0     0     0
2.85    572.4820826607255     572.4820826607255     572.4820826607255     0     0     0
2.9     583.3319446396831     583.3319446396831     583.3319446396831     0     0     0
2.95    594.3662745305369     594.3662745305369     594.3662745305369     0     0     0
3.      605.5856135519066     605.5856135519066     605.5856135519066     0     0     0
3.05    616.9905029224128     616.9905029224128     616.9905029224128     0     0     0
3.1     628.5814838606757     628.5814838606757     628.5814838606757     0     0     0
3.15    640.3590975853152     640.3590975853152     640.3590975853152     0     0     0
3.2     652.3238853149519     652.3238853149519     652.3238853149519     0     0     0
3.25    664.4763882682056     664.4763882682056     664.4763882682056     0     0     0
3.3     676.8171476636967     676.8171476636967     676.8171476636967     0     0     0
3.35    689.3467047200454     689.3467047200454     689.3467047200454     0     0     0
3.4     702.0656006558719     702.0656006558719     702.0656006558719     0     0     0
3.45    714.9743766897965     714.9743766897965     714.9743766897965     0     0     0
3.5     728.0735740404391     728.0735740404391     728.0735740404391     0     0     0
3.55    741.3637339264201     741.3637339264201     741.3637339264201     0     0     0
3.6     754.8453975663597     754.8453975663597     754.8453975663597     0     0     0
3.65    768.519106178878      768.519106178878      768.519106178878      0     0     0
3.7     782.3854009825953     782.3854009825953     782.3854009825953     0     0     0
3.75    796.4448231961319     796.4448231961319     796.4448231961319     0     0     0
3.8     810.6979140381076     810.6979140381076     810.6979140381076     0     0     0
3.85    825.1452147271431     825.1452147271431     825.1452147271431     0     0     0
3.9     839.7872664818582     839.7872664818582     839.7872664818582     0     0     0
3.95    854.6246105208734     854.6246105208734     854.6246105208734     0     0     0
4.      869.6577880628085     869.6577880628085     869.6577880628085     0     0     0
4.05    884.8873403262841     884.8873403262841     884.8873403262841     0     0     0
4.1     900.3138085299202     900.3138085299202     900.3138085299202     0     0     0
4.15    915.9377338923373     915.9377338923373     915.9377338923373     0     0     0
4.2     931.759657632155      931.759657632155      931.759657632155      0     0     0
4.25    947.780120967994      947.780120967994      947.780120967994      0     0     0
4.3     963.9996651184742     963.9996651184742     963.9996651184742     0     0     0
4.35    980.418831302216      980.418831302216      980.418831302216      0     0     0
4.4     997.0381607378397     997.0381607378397     997.0381607378397     0     0     0
4.45    1013.8581946439651    1013.8581946439651    1013.8581946439651    0     0     0
4.5     1030.8794742392126    1030.8794742392126    1030.8794742392126    0     0     0
4.55    1048.1025407422026    1048.1025407422026    1048.1025407422026    0     0     0
4.6     1065.4668910088324    1065.4668910088324    1065.4668910088324    0     0     0
4.65    1081.758999095937     1081.758999095937     1081.758999095937     0     0     0
4.7     1098.2405334970101    1098.2405334970101    1098.2405334970101    0     0     0
4.75    1114.9170559841414    1114.9170559841414    1114.9170559841414    0     0     0
4.8     1131.7941283294208    1131.7941283294208    1131.7941283294208    0     0     0
4.85    1148.8773123049386    1148.8773123049386    1148.8773123049386    0     0     0
4.9     1166.1721696827847    1166.1721696827847    1166.1721696827847    0     0     0
4.95    1183.6842622350482    1183.6842622350482    1183.6842622350482    0     0     0
5.      1201.4191517338193    1201.4191517338193    1201.4191517338193    0     0     0
5.05    1219.382399951188     1219.382399951188     1219.382399951188     0     0     0
5.1     1237.5795686592442    1237.5795686592442    1237.5795686592442    0     0     0
5.15    1256.016219630078     1256.016219630078     1256.016219630078     0     0     0
5.2     1274.6979146357787    1274.6979146357787    1274.6979146357787    0     0     0
5.25    1293.6302154484363    1293.6302154484363    1293.6302154484363    0     0     0
5.3     1312.8186838401407    1312.8186838401407    1312.8186838401407    0     0     0
5.35    1332.2688815829822    1332.2688815829822    1332.2688815829822    0     0     0
5.4     1351.9863704490504    1351.9863704490504    1351.9863704490504    0     0     0
5.45    1371.976712210435     1371.976712210435     1371.976712210435     0     0     0
5.5     1392.2454686392257    1392.2454686392257    1392.2454686392257    0     0     0
5.55    1412.7982015075127    1412.7982015075127    1412.7982015075127    0     0     0
5.6     1433.6404725873858    1433.6404725873858    1433.6404725873858    0     0     0
5.65    1454.7778436509352    1454.7778436509352    1454.7778436509352    0     0     0
5.7     1476.2158764702501    1476.2158764702501    1476.2158764702501    0     0     0
5.75    1497.9601328174208    1497.9601328174208    1497.9601328174208    0     0     0
5.8     1520.016174464537     1520.016174464537     1520.016174464537     0     0     0
5.85    1542.3895631836883    1542.3895631836883    1542.3895631836883    0     0     0
5.9     1565.0858607469656    1565.0858607469656    1565.0858607469656    0     0     0
5.95    1588.1106289264576    1588.1106289264576    1588.1106289264576    0     0     0
6.      1611.4694294942547    1611.4694294942547    1611.4694294942547    0     0     0
6.05    1635.1678242224464    1635.1678242224464    1635.1678242224464    0     0     0
6.1     1659.2113748831232    1659.2113748831232    1659.2113748831232    0     0     0
6.15    1683.6056432483747    1683.6056432483747    1683.6056432483747    0     0     0
6.2     1708.3561910902904    1708.3561910902904    1708.3561910902904    0     0     0
6.25    1733.4685801809605    1733.4685801809605    1733.4685801809605    0     0     0
6.3     1758.948372292475     1758.948372292475     1758.948372292475     0     0     0
6.35    1784.8011291969233    1784.8011291969233    1784.8011291969233    0     0     0
6.4     1811.032412666396     1811.032412666396     1811.032412666396     0     0     0
6.45    1837.647784472982     1837.647784472982     1837.647784472982     0     0     0
6.5     1864.652806388772     1864.652806388772     1864.652806388772     0     0     0
6.55    1892.0530401858553    1892.0530401858553    1892.0530401858553    0     0     0
6.6     1919.854047636322     1919.854047636322     1919.854047636322     0     0     0
6.65    1948.0613905122625    1948.0613905122625    1948.0613905122625    0     0     0
6.7     1976.6806305857658    1976.6806305857658    1976.6806305857658    0     0     0
6.75    2005.7173296289218    2005.7173296289218    2005.7173296289218    0     0     0
6.8     2035.177049413821     2035.177049413821     2035.177049413821     0     0     0
6.85    2065.065351712553     2065.065351712553     2065.065351712553     0     0     0
6.9     2096.423766804228     2096.423766804228     2096.423766804228     0     0     0
6.95    2142.1401996200248    2142.1401996200248    2142.1401996200248    0     0     0
7.      2188.156505718162     2188.156505718162     2188.156505718162     0     0     0
7.05    2234.429533039672     2234.429533039672     2234.429533039672     0     0     0
7.1     2280.916129525588     2280.916129525588     2280.916129525588     0     0     0
7.15    2327.5731431169434    2327.5731431169434    2327.5731431169434    0     0     0
7.2     2374.3574217547693    2374.3574217547693    2374.3574217547693    0     0     0
7.25    2421.2258133800997    2421.2258133800997    2421.2258133800997    0     0     0
7.3     2468.135165933966     2468.135165933966     2468.135165933966     0     0     0
7.35    2515.0423273574015    2515.0423273574015    2515.0423273574015    0     0     0
7.4     2561.9041455914403    2561.9041455914403    2561.9041455914403    0     0     0
7.45    2608.677468577113     2608.677468577113     2608.677468577113     0     0     0
7.5     2655.319144255453     2655.319144255453     2655.319144255453     0     0     0
7.55    2701.7860205674933    2701.7860205674933    2701.7860205674933    0     0     0
7.6     2748.0349454542666    2748.0349454542666    2748.0349454542666    0     0     0
7.65    2794.0227668568064    2794.0227668568064    2794.0227668568064    0     0     0
7.7     2839.706332716143     2839.706332716143     2839.706332716143     0     0     0
7.75    2885.0424909733115    2885.0424909733115    2885.0424909733115    0     0     0
7.8     2929.988089569343     2929.988089569343     2929.988089569343     0     0     0
7.85    2974.4999764452714    2974.4999764452714    2974.4999764452714    0     0     0
7.9     3018.5349995421298    3018.5349995421298    3018.5349995421298    0     0     0
7.95    3062.0500068009487    3062.0500068009487    3062.0500068009487    0     0     0
8.      3105.0018461627624    3105.0018461627624    3105.0018461627624    0     0     0
8.05    3147.3473655686043    3147.3473655686043    3147.3473655686043    0     0     0
8.1     3189.0434129595046    3189.0434129595046    3189.0434129595046    0     0     0
8.15    3230.046836276499     3230.046836276499     3230.046836276499     0     0     0
8.2     3270.3144834606173    3270.3144834606173    3270.3144834606173    0     0     0
8.25    3309.803202452895     3309.803202452895     3309.803202452895     0     0     0
8.3     3348.4698411943637    3348.4698411943637    3348.4698411943637    0     0     0
8.35    3386.271247626055     3386.271247626055     3386.271247626055     0     0     0
8.4     3423.164269689003     3423.164269689003     3423.164269689003     0     0     0
8.45    3459.105755324239     3459.105755324239     3459.105755324239     0     0     0
8.5     3494.0525524727977    3494.0525524727977    3494.0525524727977    0     0     0
8.55    3527.9615090757106    3527.9615090757106    3527.9615090757106    0     0     0
8.6     3560.78947307401      3560.78947307401      3560.78947307401      0     0     0
8.65    3592.4932924087298    3592.4932924087298    3592.4932924087298    0     0     0
8.7     3623.029815020901     3623.029815020901     3623.029815020901     0     0     0
8.75    3652.355888851558     3652.355888851558     3652.355888851558     0     0     0
8.8     3680.4283618417335    3680.4283618417335    3680.4283618417335    0     0     0
8.85    3707.2040819324584    3707.2040819324584    3707.2040819324584    0     0     0
8.9     3732.6398970647674    3732.6398970647674    3732.6398970647674    0     0     0
8.95    3737.0084495219394    3737.0084495219394    3737.0084495219394    0     0     0
9.      3736.244918563526     3736.244918563526     3736.244918563526     0     0     0
9.05    3734.172054377421     3734.172054377421     3734.172054377421     0     0     0
9.1     3730.833720732048     3730.833720732048     3730.833720732048     0     0     0
9.15    3726.2737813958297    3726.2737813958297    3726.2737813958297    0     0     0
9.2     3720.536100137191     3720.536100137191     3720.536100137191     0     0     0
9.25    3713.664540724554     3713.664540724554     3713.664540724554     0     0     0
9.3     3705.7029669263434    3705.7029669263434    3705.7029669263434    0     0     0
9.35    3696.6952425109826    3696.6952425109826    3696.6952425109826    0     0     0
9.4     3686.685231246894     3686.685231246894     3686.685231246894     0     0     0
9.45    3675.7167969025027    3675.7167969025027    3675.7167969025027    0     0     0
9.5     3663.8338032462307    3663.8338032462307    3663.8338032462307    0     0     0
9.55    3651.080114046503     3651.080114046503     3651.080114046503     0     0     0
9.6     3637.499593071742     3637.499593071742     3637.499593071742     0     0     0
9.65    3623.1361040903716    3623.1361040903716    3623.1361040903716    0     0     0
9.7     3608.0335108708155    3608.0335108708155    3608.0335108708155    0     0     0
9.75    3592.235677181497     3592.235677181497     3592.235677181497     0     0     0
9.8     3575.7864667908398    3575.7864667908398    3575.7864667908398    0     0     0
9.85    3558.7297434672673    3558.7297434672673    3558.7297434672673    0     0     0
9.9     3541.109370979203     3541.109370979203     3541.109370979203     0     0     0
9.95    3522.969213095071     3522.969213095071     3522.969213095071     0     0     0
10.     3504.353133583294     3504.353133583294     3504.353133583294     0     0     0
10.05   3485.3049962122955    3485.3049962122955    3485.3049962122955    0     0     0
10.1    3465.8686647505 0     3465.8686647505 0     3465.8686647505 0     0     0
10.15   3446.0880029663304    3446.0880029663304    3446.0880029663304    0     0     0
10.2    3426.0068746282104    3426.0068746282104    3426.0068746282104    0     0     0
10.25   3405.6691435045627    3405.6691435045627    3405.6691435045627    0     0     0
10.3    3385.118673363812     3385.118673363812     3385.118673363812     0     0     0
10.35   3364.399327974382     3364.399327974382     3364.399327974382     0     0     0
10.4    3343.5549711046942    3343.5549711046942    3343.5549711046942    0     0     0
10.45   3322.6294665231744    3322.6294665231744    3322.6294665231744    0     0     0
10.5    3301.666677998245     3301.666677998245     3301.666677998245     0     0     0
10.55   3280.7104692983294    3280.7104692983294    3280.7104692983294    0     0     0
10.6    3259.8047041918526    3259.8047041918526    3259.8047041918526    0     0     0
10.65   3238.9932464472363    3238.9932464472363    3238.9932464472363    0     0     0
10.7    3218.319959832905     3218.319959832905     3218.319959832905     0     0     0
10.75   3197.8287081172816    3197.8287081172816    3197.8287081172816    0     0     0
10.8    3177.5633550687903    3177.5633550687903    3177.5633550687903    0     0     0
10.85   3157.5677644558546    3157.5677644558546    3157.5677644558546    0     0     0
10.9    3137.885800046897     3137.885800046897     3137.885800046897     0     0     0
10.95   3126.906740029208     3126.906740029208     3126.906740029208     0     0     0
11.     3121.652369153334     3121.652369153334     3121.652369153334     0     0     0
11.05   3116.7614723034053    3116.7614723034053    3116.7614723034053    0     0     0
11.1    3112.2271156569286    3112.2271156569286    3112.2271156569286    0     0     0
11.15   3108.0423653914104    3108.0423653914104    3108.0423653914104    0     0     0
11.2    3104.2002876843567    3104.2002876843567    3104.2002876843567    0     0     0
11.25   3100.693948713274     3100.693948713274     3100.693948713274     0     0     0
11.3    3097.516414655668     3097.516414655668     3097.516414655668     0     0     0
11.35   3094.6607516890463    3094.6607516890463    3094.6607516890463    0     0     0
11.4    3092.120025990914     3092.120025990914     3092.120025990914     0     0     0
11.45   3089.887303738779     3089.887303738779     3089.887303738779     0     0     0
11.5    3087.9556511101455    3087.9556511101455    3087.9556511101455    0     0     0
11.55   3086.3181342825214    3086.3181342825214    3086.3181342825214    0     0     0
11.6    3084.967819433413     3084.967819433413     3084.967819433413     0     0     0
11.65   3083.8977727403258    3083.8977727403258    3083.8977727403258    0     0     0
11.7    3083.1010603807667    3083.1010603807667    3083.1010603807667    0     0     0
11.75   3082.5707485322423    3082.5707485322423    3082.5707485322423    0     0     0
11.8    3082.299903372258     3082.299903372258     3082.299903372258     0     0     0
11.85   3082.2815910783215    3082.2815910783215    3082.2815910783215    0     0     0
11.9    3082.508877827938     3082.508877827938     3082.508877827938     0     0     0
11.95   3082.9748297986143    3082.9748297986143    3082.9748297986143    0     0     0
12.     3083.6725131678563    3083.6725131678563    3083.6725131678563    0     0     0
12.05   3084.594994113171     3084.594994113171     3084.594994113171     0     0     0
12.1    3085.735338812065     3085.735338812065     3085.735338812065     0     0     0
12.15   3087.0866134420435    3087.0866134420435    3087.0866134420435    0     0     0
12.2    3088.641884180614     3088.641884180614     3088.641884180614     0     0     0
12.25   3090.3942172052816    3090.3942172052816    3090.3942172052816    0     0     0
12.3    3092.336678693554     3092.336678693554     3092.336678693554     0     0     0
12.35   3094.4623348229366    3094.4623348229366    3094.4623348229366    0     0     0
12.4    3096.764251770936     3096.764251770936     3096.764251770936     0     0     0
12.45   3099.2354957150587    3099.2354957150587    3099.2354957150587    0     0     0
12.5    3101.869132832811     3101.869132832811     3101.869132832811     0     0     0
12.55   3104.658229301699     3104.658229301699     3104.658229301699     0     0     0
12.6    3107.5958512992293    3107.5958512992293    3107.5958512992293    0     0     0
12.65   3110.675065002908     3110.675065002908     3110.675065002908     0     0     0
12.7    3113.888936590242     3113.888936590242     3113.888936590242     0     0     0
12.75   3117.230532238737     3117.230532238737     3117.230532238737     0     0     0
12.8    3120.6929181258997    3120.6929181258997    3120.6929181258997    0     0     0
12.85   3124.2691604292363    3124.2691604292363    3124.2691604292363    0     0     0
12.9    3127.9523253262532    3127.9523253262532    3127.9523253262532    0     0     0
12.95   3131.8777981003436    3131.8777981003436    3131.8777981003436    0     0     0
13.     3136.1285606743713    3136.1285606743713    3136.1285606743713    0     0     0
13.05   3140.463526028057     3140.463526028057     3140.463526028057     0     0     0
13.1    3144.8743695608437    3144.8743695608437    3144.8743695608437    0     0     0
13.15   3149.3527666721743    3149.3527666721743    3149.3527666721743    0     0     0
13.2    3153.890392761493     3153.890392761493     3153.890392761493     0     0     0
13.25   3158.478923228242     3158.478923228242     3158.478923228242     0     0     0
13.3    3163.110033471866     3163.110033471866     3163.110033471866     0     0     0
13.35   3167.7753988918066    3167.7753988918066    3167.7753988918066    0     0     0
13.4    3172.4666948875083    3172.4666948875083    3172.4666948875083    0     0     0
13.45   3177.175596858414     3177.175596858414     3177.175596858414     0     0     0
13.5    3181.8937802039673    3181.8937802039673    3181.8937802039673    0     0     0
13.55   3186.612920323611     3186.612920323611     3186.612920323611     0     0     0
13.6    3191.3246926167885    3191.3246926167885    3191.3246926167885    0     0     0
13.65   3196.020772482944     3196.020772482944     3196.020772482944     0     0     0
13.7    3200.692835321519     3200.692835321519     3200.692835321519     0     0     0
13.75   3205.3325565319583    3205.3325565319583    3205.3325565319583    0     0     0
13.8    3209.931611513705     3209.931611513705     3209.931611513705     0     0     0
13.85   3214.4816756662017    3214.4816756662017    3214.4816756662017    0     0     0
13.9    3218.974424388892     3218.974424388892     3218.974424388892     0     0     0
13.95   3223.40153308122      3223.40153308122      3223.40153308122      0     0     0
14.     3227.7546771426278    3227.7546771426278    3227.7546771426278    0     0     0
14.05   3232.0255319725597    3232.0255319725597    3232.0255319725597    0     0     0
14.1    3236.205772970458     3236.205772970458     3236.205772970458     0     0     0
14.15   3240.2870755357667    3240.2870755357667    3240.2870755357667    0     0     0
14.2    3244.2611150679286    3244.2611150679286    3244.2611150679286    0     0     0
14.25   3248.1195669663875    3248.1195669663875    3248.1195669663875    0     0     0
14.3    3251.8541066305866    3251.8541066305866    3251.8541066305866    0     0     0
14.35   3255.456409459969     3255.456409459969     3255.456409459969     0     0     0
14.4    3258.918150853978     3258.918150853978     3258.918150853978     0     0     0
14.45   3262.2310062120573    3262.2310062120573    3262.2310062120573    0     0     0
14.5    3265.3866509336494    3265.3866509336494    3265.3866509336494    0     0     0
14.55   3268.3767604181985    3268.3767604181985    3268.3767604181985    0     0     0
14.6    3271.193010065147     3271.193010065147     3271.193010065147     0     0     0
14.65   3273.827075273939     3273.827075273939     3273.827075273939     0     0     0
14.7    3276.2706314440175    3276.2706314440175    3276.2706314440175    0     0     0
14.75   3278.5153539748258    3278.5153539748258    3278.5153539748258    0     0     0
14.8    3280.552918265807     3280.552918265807     3280.552918265807     0     0     0
14.85   3282.3749997164045    3282.3749997164045    3282.3749997164045    0     0     0
14.9    3283.9732737260615    3283.9732737260615    3283.9732737260615    0     0     0
14.95   3284.668107296378     3284.668107296378     3284.668107296378     0     0     0
15.     3281.326678603229     3281.326678603229     3281.326678603229     0     0     0
15.05   3277.796075415599     3277.796075415599     3277.796075415599     0     0     0
15.1    3274.08741983937      3274.08741983937      3274.08741983937      0     0     0
15.15   3270.2118339804233    3270.2118339804233    3270.2118339804233    0     0     0
15.2    3266.180439944642     3266.180439944642     3266.180439944642     0     0     0
15.25   3262.0043598379075    3262.0043598379075    3262.0043598379075    0     0     0
15.3    3257.694715766102     3257.694715766102     3257.694715766102     0     0     0
15.35   3253.2626298351083    3253.2626298351083    3253.2626298351083    0     0     0
15.4    3248.719224150808     3248.719224150808     3248.719224150808     0     0     0
15.45   3244.075620819083     3244.075620819083     3244.075620819083     0     0     0
15.5    3239.3429419458153    3239.3429419458153    3239.3429419458153    0     0     0
15.55   3234.5323096368875    3234.5323096368875    3234.5323096368875    0     0     0
15.6    3229.654845998182     3229.654845998182     3229.654845998182     0     0     0
15.65   3224.7216731355797    3224.7216731355797    3224.7216731355797    0     0     0
15.7    3219.7439131549636    3219.7439131549636    3219.7439131549636    0     0     0
15.75   3214.7326881622157    3214.7326881622157    3214.7326881622157    0     0     0
15.8    3209.699120263218     3209.699120263218     3209.699120263218     0     0     0
15.85   3204.6543315638523    3204.6543315638523    3204.6543315638523    0     0     0
15.9    3199.6094441700016    3199.6094441700016    3199.6094441700016    0     0     0
15.95   3194.575580187547     3194.575580187547     3194.575580187547     0     0     0
16.     3189.5638617223713    3189.5638617223713    3189.5638617223713    0     0     0
16.05   3184.585410880356     3184.585410880356     3184.585410880356     0     0     0
16.1    3179.6513497673836    3179.6513497673836    3179.6513497673836    0     0     0
16.15   3174.7728004893365    3174.7728004893365    3174.7728004893365    0     0     0
16.2    3169.960885152096     3169.960885152096     3169.960885152096     0     0     0
16.25   3165.2267258615448    3165.2267258615448    3165.2267258615448    0     0     0
16.3    3160.581444723565     3160.581444723565     3160.581444723565     0     0     0
16.35   3156.036163844038     3156.036163844038     3156.036163844038     0     0     0
16.4    3151.602005328847     3151.602005328847     3151.602005328847     0     0     0
16.45   3147.2900912838736    3147.2900912838736    3147.2900912838736    0     0     0
16.5    3143.1115438149995    3143.1115438149995    3143.1115438149995    0     0     0
16.55   3139.0774850281073    3139.0774850281073    3139.0774850281073    0     0     0
16.6    3135.1990370290787    3135.1990370290787    3135.1990370290787    0     0     0
16.65   3131.4873219237966    3131.4873219237966    3131.4873219237966    0     0     0
16.7    3130.7373775110946    3130.7373775110946    3130.7373775110946    0     0     0
16.75   3131.6088215446916    3131.6088215446916    3131.6088215446916    0     0     0
16.8    3132.7144247382066    3132.7144247382066    3132.7144247382066    0     0     0
16.85   3134.0495756662363    3134.0495756662363    3134.0495756662363    0     0     0
16.9    3135.6096629033777    3135.6096629033777    3135.6096629033777    0     0     0
16.95   3137.390075024229     3137.390075024229     3137.390075024229     0     0     0
17.     3139.3862006033874    3139.3862006033874    3139.3862006033874    0     0     0
17.05   3141.59342821545      3141.59342821545      3141.59342821545      0     0     0
17.1    3144.0071464350135    3144.0071464350135    3144.0071464350135    0     0     0
17.15   3146.622743836676     3146.622743836676     3146.622743836676     0     0     0
17.2    3149.4356089950343    3149.4356089950343    3149.4356089950343    0     0     0
17.25   3152.4411304846863    3152.4411304846863    3152.4411304846863    0     0     0
17.3    3155.6346968802286    3155.6346968802286    3155.6346968802286    0     0     0
17.35   3159.011696756259     3159.011696756259     3159.011696756259     0     0     0
17.4    3162.5675186873746    3162.5675186873746    3162.5675186873746    0     0     0
17.45   3166.2975512481726    3166.2975512481726    3166.2975512481726    0     0     0
17.5    3170.1971830132507    3170.1971830132507    3170.1971830132507    0     0     0
17.55   3174.2618025572056    3174.2618025572056    3174.2618025572056    0     0     0
17.6    3178.4867984546354    3178.4867984546354    3178.4867984546354    0     0     0
17.65   3182.867559280136     3182.867559280136     3182.867559280136     0     0     0
17.7    3187.3994736083064    3187.3994736083064    3187.3994736083064    0     0     0
17.75   3192.0779300137433    3192.0779300137433    3192.0779300137433    0     0     0
17.8    3196.8983170710435    3196.8983170710435    3196.8983170710435    0     0     0
17.85   3201.8560233548046    3201.8560233548046    3201.8560233548046    0     0     0
17.9    3206.946437439624     3206.946437439624     3206.946437439624     0     0     0
17.95   3212.164947900099     3212.164947900099     3212.164947900099     0     0     0
18.     3217.506943310827     3217.506943310827     3217.506943310827     0     0     0
18.05   3222.9678122464047    3222.9678122464047    3222.9678122464047    0     0     0
18.1    3228.5429432814303    3228.5429432814303    3228.5429432814303    0     0     0
18.15   3234.2277249905 0     3234.2277249905 0     3234.2277249905 0     0     0
18.2    3240.0175459482125    3240.0175459482125    3240.0175459482125    0     0     0
18.25   3245.907794729164     3245.907794729164     3245.907794729164     0     0     0
18.3    3251.8938599079524    3251.8938599079524    3251.8938599079524    0     0     0
18.35   3257.971130059175     3257.971130059175     3257.971130059175     0     0     0
18.4    3264.1349937574278    3264.1349937574278    3264.1349937574278    0     0     0
18.45   3270.38083957731      3270.38083957731      3270.38083957731      0     0     0
18.5    3276.704056093418     3276.704056093418     3276.704056093418     0     0     0
18.55   3283.1000318803485    3283.1000318803485    3283.1000318803485    0     0     0
18.6    3289.5641555127004    3289.5641555127004    3289.5641555127004    0     0     0
18.65   3296.0918155650693    3296.0918155650693    3296.0918155650693    0     0     0
18.7    3302.6784006120533    3302.6784006120533    3302.6784006120533    0     0     0
18.75   3309.31929922825      3309.31929922825      3309.31929922825      0     0     0
18.8    3316.0098999882566    3316.0098999882566    3316.0098999882566    0     0     0
18.85   3322.74559146667      3322.74559146667      3322.74559146667      0     0     0
18.9    3329.521762238087     3329.521762238087     3329.521762238087     0     0     0
18.95   3336.333800877106     3336.333800877106     3336.333800877106     0     0     0
19.     3345.0637493237487    3345.0637493237487    3345.0637493237487    0     0     0
19.05   3354.6288901638973    3354.6288901638973    3354.6288901638973    0     0     0
19.1    3364.1585962914787    3364.1585962914787    3364.1585962914787    0     0     0
19.15   3373.6378472421543    3373.6378472421543    3373.6378472421543    0     0     0
19.2    3383.051622551588     3383.051622551588     3383.051622551588     0     0     0
19.25   3392.3849017554403    3392.3849017554403    3392.3849017554403    0     0     0
19.3    3401.622664389374     3401.622664389374     3401.622664389374     0     0     0
19.35   3410.749889989052     3410.749889989052     3410.749889989052     0     0     0
19.4    3419.7515580901345    3419.7515580901345    3419.7515580901345    0     0     0
19.45   3428.6126482282857    3428.6126482282857    3428.6126482282857    0     0     0
19.5    3437.3181399391674    3437.3181399391674    3437.3181399391674    0     0     0
19.55   3445.853012758441     3445.853012758441     3445.853012758441     0     0     0
19.6    3454.202246221769     3454.202246221769     3454.202246221769     0     0     0
19.65   3462.3508198648133    3462.3508198648133    3462.3508198648133    0     0     0
19.7    3470.283713223237     3470.283713223237     3470.283713223237     0     0     0
19.75   3477.985905832702     3477.985905832702     3477.985905832702     0     0     0
19.8    3485.4423772288696    3485.4423772288696    3485.4423772288696    0     0     0
19.85   3492.6381069474032    3492.6381069474032    3492.6381069474032    0     0     0
19.9    3499.5580745239636    3499.5580745239636    3499.5580745239636    0     0     0
19.95   3506.1872594942142    3506.1872594942142    3506.1872594942142    0     0     0
20.     3512.5106413938165    3512.5106413938165    3512.5106413938165    0     0     0
20.05   3518.5131997584335    3518.5131997584335    3518.5131997584335    0     0     0
20.1    3524.1799141237266    3524.1799141237266    3524.1799141237266    0     0     0
20.15   3529.4957640253574    3529.4957640253574    3529.4957640253574    0     0     0
20.2    3534.4457289989896    3534.4457289989896    3534.4457289989896    0     0     0
20.25   3539.014788580285     3539.014788580285     3539.014788580285     0     0     0
20.3    3543.1879223049045    3543.1879223049045    3543.1879223049045    0     0     0
20.35   3546.9501097085117    3546.9501097085117    3546.9501097085117    0     0     0
20.4    3550.286330326768     3550.286330326768     3550.286330326768     0     0     0
20.45   3553.181563695336     3553.181563695336     3553.181563695336     0     0     0
20.5    3555.620789349878     3555.620789349878     3555.620789349878     0     0     0
20.55   3557.588986826056     3557.588986826056     3557.588986826056     0     0     0
20.6    3559.071135659532     3559.071135659532     3559.071135659532     0     0     0
20.65   3560.052215385968     3560.052215385968     3560.052215385968     0     0     0
20.7    3559.419737529727     3559.419737529727     3559.419737529727     0     0     0
20.75   3554.0267231226435    3554.0267231226435    3554.0267231226435    0     0     0
20.8    3548.0713209233586    3548.0713209233586    3548.0713209233586    0     0     0
20.85   3541.561444670697     3541.561444670697     3541.561444670697     0     0     0
20.9    3534.505008103483     3534.505008103483     3534.505008103483     0     0     0
20.95   3526.90992496054      3526.90992496054      3526.90992496054      0     0     0
21.     3518.7841089806943    3518.7841089806943    3518.7841089806943    0     0     0
21.05   3510.1354739027693    3510.1354739027693    3510.1354739027693    0     0     0
21.1    3500.97193346559      3500.97193346559      3500.97193346559      0     0     0
21.15   3491.301401407981     3491.301401407981     3491.301401407981     0     0     0
21.2    3481.131791468766     3481.131791468766     3481.131791468766     0     0     0
21.25   3470.47101738677      3470.47101738677      3470.47101738677      0     0     0
21.3    3459.3269929008175    3459.3269929008175    3459.3269929008175    0     0     0
21.35   3447.707631749733     3447.707631749733     3447.707631749733     0     0     0
21.4    3435.620847672342     3435.620847672342     3435.620847672342     0     0     0
21.45   3423.074554407467     3423.074554407467     3423.074554407467     0     0     0
21.5    3410.0766656939336    3410.0766656939336    3410.0766656939336    0     0     0
21.55   3396.6350952705657    3396.6350952705657    3396.6350952705657    0     0     0
21.6    3382.757756876189     3382.757756876189     3382.757756876189     0     0     0
21.65   3368.452564249628     3368.452564249628     3368.452564249628     0     0     0
21.7    3353.727431129705     3353.727431129705     3353.727431129705     0     0     0
21.75   3338.5902712552465    3338.5902712552465    3338.5902712552465    0     0     0
21.8    3323.0489983650764    3323.0489983650764    3323.0489983650764    0     0     0
21.85   3307.1115261980194    3307.1115261980194    3307.1115261980194    0     0     0
21.9    3290.785768492901     3290.785768492901     3290.785768492901     0     0     0
21.95   3274.079638988543     3274.079638988543     3274.079638988543     0     0     0
22.     3257.001051423772     3257.001051423772     3257.001051423772     0     0     0
22.05   3239.5579195374116    3239.5579195374116    3239.5579195374116    0     0     0
22.1    3221.758157068287     3221.758157068287     3221.758157068287     0     0     0
22.15   3203.6096777552234    3203.6096777552234    3203.6096777552234    0     0     0
22.2    3185.1203953370427    3185.1203953370427    3185.1203953370427    0     0     0
22.25   3166.2982235525715    3166.2982235525715    3166.2982235525715    0     0     0
22.3    3147.1510761406334    3147.1510761406334    3147.1510761406334    0     0     0
22.35   3127.686866840054     3127.686866840054     3127.686866840054     0     0     0
22.4    3107.9135093896575    3107.9135093896575    3107.9135093896575    0     0     0
22.45   3087.8389175282673    3087.8389175282673    3087.8389175282673    0     0     0
22.5    3067.4710049947084    3067.4710049947084    3067.4710049947084    0     0     0
22.55   3046.817685527805     3046.817685527805     3046.817685527805     0     0     0
22.6    3025.8868728663824    3025.8868728663824    3025.8868728663824    0     0     0
22.65   3004.6864807492666    3004.6864807492666    3004.6864807492666    0     0     0
22.7    2983.2244229152784    2983.2244229152784    2983.2244229152784    0     0     0
22.75   2960.9450853605977    2960.9450853605977    2960.9450853605977    0     0     0
22.8    2938.4087258686336    2938.4087258686336    2938.4087258686336    0     0     0
22.85   2915.638671864182     2915.638671864182     2915.638671864182     0     0     0
22.9    2892.6449766854166    2892.6449766854166    2892.6449766854166    0     0     0
22.95   2869.4376936705057    2869.4376936705057    2869.4376936705057    0     0     0
23.     2846.026876157623     2846.026876157623     2846.026876157623     0     0     0
23.05   2822.42257748494      2822.42257748494      2822.42257748494      0     0     0
23.1    2798.6348509906293    2798.6348509906293    2798.6348509906293    0     0     0
23.15   2774.673750012863     2774.673750012863     2774.673750012863     0     0     0
23.2    2750.5493278898107    2750.5493278898107    2750.5493278898107    0     0     0
23.25   2726.271637959646     2726.271637959646     2726.271637959646     0     0     0
23.3    2701.8507335605395    2701.8507335605395    2701.8507335605395    0     0     0
23.35   2677.296668030664     2677.296668030664     2677.296668030664     0     0     0
23.4    2652.619494708193     2652.619494708193     2652.619494708193     0     0     0
23.45   2627.8292669312946    2627.8292669312946    2627.8292669312946    0     0     0
23.5    2602.9360380381427    2602.9360380381427    2602.9360380381427    0     0     0
23.55   2577.9498613669084    2577.9498613669084    2577.9498613669084    0     0     0
23.6    2552.8807902557646    2552.8807902557646    2552.8807902557646    0     0     0
23.65   2527.7388780428837    2527.7388780428837    2527.7388780428837    0     0     0
23.7    2502.534178066435     2502.534178066435     2502.534178066435     0     0     0
23.75   2477.2767436645913    2477.2767436645913    2477.2767436645913    0     0     0
23.8    2451.976628175525     2451.976628175525     2451.976628175525     0     0     0
23.85   2426.6438849374076    2426.6438849374076    2426.6438849374076    0     0     0
23.9    2401.288567288413     2401.288567288413     2401.288567288413     0     0     0
23.95   2375.920728566709     2375.920728566709     2375.920728566709     0     0     0
24.     2350.5504221104693    2350.5504221104693    2350.5504221104693    0     0     0
24.05   2325.187701257866     2325.187701257866     2325.187701257866     0     0     0
24.1    2299.842619347071     2299.842619347071     2299.842619347071     0     0     0
24.15   2274.5252297162574    2274.5252297162574    2274.5252297162574    0     0     0
24.2    2249.245585703594     2249.245585703594     2249.245585703594     0     0     0
24.25   2224.0137406472536    2224.0137406472536    2224.0137406472536    0     0     0
24.3    2198.839747885409     2198.839747885409     2198.839747885409     0     0     0
24.35   2173.7336607562315    2173.7336607562315    2173.7336607562315    0     0     0
24.4    2148.7055325978945    2148.7055325978945    2148.7055325978945    0     0     0
24.45   2123.765416748567     2123.765416748567     2123.765416748567     0     0     0
24.5    2098.9233665464217    2098.9233665464217    2098.9233665464217    0     0     0
24.55   2074.189435329631     2074.189435329631     2074.189435329631     0     0     0
24.6    2049.5736764363664    2049.5736764363664    2049.5736764363664    0     0     0
24.65   2025.086143204802     2025.086143204802     2025.086143204802     0     0     0
24.7    2000.7368889731056    2000.7368889731056    2000.7368889731056    0     0     0
24.75   1978.4585036878889    1978.4585036878889    1978.4585036878889    0     0     0
24.8    1956.982024953059     1956.982024953059     1956.982024953059     0     0     0
24.85   1935.6573140291696    1935.6573140291696    1935.6573140291696    0     0     0
24.9    1914.4848822216668    1914.4848822216668    1914.4848822216668    0     0     0
24.95   1893.4652408359925    1893.4652408359925    1893.4652408359925    0     0     0
25.     1872.5989011775928    1872.5989011775928    1872.5989011775928    0     0     0
25.05   1851.886374551913     1851.886374551913     1851.886374551913     0     0     0
25.1    1831.3281722643976    1831.3281722643976    1831.3281722643976    0     0     0
25.15   1810.924805620493     1810.924805620493     1810.924805620493     0     0     0
25.2    1790.6767859256413    1790.6767859256413    1790.6767859256413    0     0     0
25.25   1770.5846244852887    1770.5846244852887    1770.5846244852887    0     0     0
25.3    1750.64883260488      1750.64883260488      1750.64883260488      0     0     0
25.35   1730.86992158986      1730.86992158986      1730.86992158986      0     0     0
25.4    1711.2484027456749    1711.2484027456749    1711.2484027456749    0     0     0
25.45   1691.7847873777669    1691.7847873777669    1691.7847873777669    0     0     0
25.5    1672.4795867915823    1672.4795867915823    1672.4795867915823    0     0     0
25.55   1653.3333122925656    1653.3333122925656    1653.3333122925656    0     0     0
25.6    1634.346475186162     1634.346475186162     1634.346475186162     0     0     0
25.65   1615.5195867778177    1615.5195867778177    1615.5195867778177    0     0     0
25.7    1596.8531583729746    1596.8531583729746    1596.8531583729746    0     0     0
25.75   1578.347701277079     1578.347701277079     1578.347701277079     0     0     0
25.8    1560.0037267955759    1560.0037267955759    1560.0037267955759    0     0     0
25.85   1541.8217462339098    1541.8217462339098    1541.8217462339098    0     0     0
25.9    1523.802270897527     1523.802270897527     1523.802270897527     0     0     0
25.95   1505.94581209187      1505.94581209187      1505.94581209187      0     0     0
26.     1488.2528811223847    1488.2528811223847    1488.2528811223847    0     0     0
26.05   1470.723989294516     1470.723989294516     1470.723989294516     0     0     0
26.1    1453.3596479137086    1453.3596479137086    1453.3596479137086    0     0     0
26.15   1436.1603682854088    1436.1603682854088    1436.1603682854088    0     0     0
26.2    1419.126661715059     1419.126661715059     1419.126661715059     0     0     0
26.25   1402.259039508105     1402.259039508105     1402.259039508105     0     0     0
26.3    1385.558012969992     1385.558012969992     1385.558012969992     0     0     0
26.35   1369.0240934061644    1369.0240934061644    1369.0240934061644    0     0     0
26.4    1352.6577921220685    1352.6577921220685    1352.6577921220685    0     0     0
26.45   1336.4596204231468    1336.4596204231468    1336.4596204231468    0     0     0
26.5    1320.4300896148454    1320.4300896148454    1320.4300896148454    0     0     0
26.55   1304.569711002609     1304.569711002609     1304.569711002609     0     0     0
26.6    1288.8789958918826    1288.8789958918826    1288.8789958918826    0     0     0
26.65   1273.3584555881118    1273.3584555881118    1273.3584555881118    0     0     0
26.7    1258.0086013967396    1258.0086013967396    1258.0086013967396    0     0     0
26.75   1243.0885082831471    1243.0885082831471    1243.0885082831471    0     0     0
26.8    1228.5805362852675    1228.5805362852675    1228.5805362852675    0     0     0
26.85   1214.2419717933658    1214.2419717933658    1214.2419717933658    0     0     0
26.9    1200.0714724356012    1200.0714724356012    1200.0714724356012    0     0     0
26.95   1186.0676958401316    1186.0676958401316    1186.0676958401316    0     0     0
27.     1172.2292996351164    1172.2292996351164    1172.2292996351164    0     0     0
27.05   1158.554941448715     1158.554941448715     1158.554941448715     0     0     0
27.1    1145.043278909086     1145.043278909086     1145.043278909086     0     0     0
27.15   1131.6929696443897    1131.6929696443897    1131.6929696443897    0     0     0
27.2    1118.502671282783     1118.502671282783     1118.502671282783     0     0     0
27.25   1105.471041452426     1105.471041452426     1105.471041452426     0     0     0
27.3    1092.596737781478     1092.596737781478     1092.596737781478     0     0     0
27.35   1079.8784178980973    1079.8784178980973    1079.8784178980973    0     0     0
27.4    1067.3147394304444    1067.3147394304444    1067.3147394304444    0     0     0
27.45   1054.9043600066764    1054.9043600066764    1054.9043600066764    0     0     0
27.5    1042.645937254953     1042.645937254953     1042.645937254953     0     0     0
27.55   1030.5381288034334    1030.5381288034334    1030.5381288034334    0     0     0
27.6    1018.5795922802768    1018.5795922802768    1018.5795922802768    0     0     0
27.65   1006.7689853136426    1006.7689853136426    1006.7689853136426    0     0     0
27.7    995.1049655316884     995.1049655316884     995.1049655316884     0     0     0
27.75   983.5861905625741     983.5861905625741     983.5861905625741     0     0     0
27.8    972.2113180344585     972.2113180344585     972.2113180344585     0     0     0
27.85   960.9790055755008     960.9790055755008     960.9790055755008     0     0     0
27.9    949.8879108138608     949.8879108138608     949.8879108138608     0     0     0
27.95   938.9366913776959     938.9366913776959     938.9366913776959     0     0     0
28.     928.1240048951657     928.1240048951657     928.1240048951657     0     0     0
28.05   917.4485089944296     917.4485089944296     917.4485089944296     0     0     0
28.1    906.9088613036464     906.9088613036464     906.9088613036464     0     0     0
28.15   896.5037194509758     896.5037194509758     896.5037194509758     0     0     0
28.2    886.2317410645755     886.2317410645755     886.2317410645755     0     0     0
28.25   876.0915837726052     876.0915837726052     876.0915837726052     0     0     0
28.3    866.0819052032238     866.0819052032238     866.0819052032238     0     0     0
28.35   856.2013629845903     856.2013629845903     856.2013629845903     0     0     0
28.4    846.4486147448647     846.4486147448647     846.4486147448647     0     0     0
28.45   836.8223181122044     836.8223181122044     836.8223181122044     0     0     0
28.5    827.321130714769      827.321130714769      827.321130714769      0     0     0
28.55   817.9437101807177     817.9437101807177     817.9437101807177     0     0     0
28.6    808.6887141382095     808.6887141382095     808.6887141382095     0     0     0
28.65   799.554800215404      799.554800215404      799.554800215404      0     0     0
28.7    790.5406260404591     790.5406260404591     790.5406260404591     0     0     0
28.75   781.6094406466045     781.6094406466045     781.6094406466045     0     0     0
28.8    772.7076699911273     772.7076699911273     772.7076699911273     0     0     0
28.85   763.9221999830338     763.9221999830338     763.9221999830338     0     0     0
28.9    755.2521450203276     755.2521450203276     755.2521450203276     0     0     0
28.95   746.6966195010102     746.6966195010102     746.6966195010102     0     0     0
29.     738.2547378230851     738.2547378230851     738.2547378230851     0     0     0
29.05   729.925614384555      729.925614384555      729.925614384555      0     0     0
29.1    721.7083635834229     721.7083635834229     721.7083635834229     0     0     0
29.15   713.6020998176921     713.6020998176921     713.6020998176921     0     0     0
29.2    705.6059374853643     705.6059374853643     705.6059374853643     0     0     0
29.25   697.718990984443      697.718990984443      697.718990984443      0     0     0
29.3    689.940374712931      689.940374712931      689.940374712931      0     0     0
29.35   682.2692030688311     682.2692030688311     682.2692030688311     0     0     0
29.4    674.7045904501466     674.7045904501466     674.7045904501466     0     0     0
29.45   667.2456512548795     667.2456512548795     667.2456512548795     0     0     0
29.5    659.8914998810328     659.8914998810328     659.8914998810328     0     0     0
29.55   652.6412507266098     652.6412507266098     652.6412507266098     0     0     0
29.6    645.4940181896129     645.4940181896129     645.4940181896129     0     0     0
29.65   638.4489166680457     638.4489166680457     638.4489166680457     0     0     0
29.7    631.5050605599101     631.5050605599101     631.5050605599101     0     0     0
29.75   624.6615642632091     624.6615642632091     624.6615642632091     0     0     0
29.8    617.917542175946      617.917542175946      617.917542175946      0     0     0
29.85   611.2721086961232     611.2721086961232     611.2721086961232     0     0     0
29.9    604.7243782217441     604.7243782217441     604.7243782217441     0     0     0
29.95   598.2734651508108     598.2734651508108     598.2734651508108     0     0     0
30.     591.9184838813264     591.9184838813264     591.9184838813264     0     0     0
30.05   585.6585488112939     585.6585488112939     585.6585488112939     0     0     0
30.1    579.4927743387161     579.4927743387161     579.4927743387161     0     0     0
30.15   573.4202748615961     573.4202748615961     573.4202748615961     0     0     0
30.2    567.4401647779362     567.4401647779362     567.4401647779362     0     0     0
30.25   561.5515584857393     561.5515584857393     561.5515584857393     0     0     0
30.3    555.7535703830083     555.7535703830083     555.7535703830083     0     0     0
30.35   550.0453148677464     550.0453148677464     550.0453148677464     0     0     0
30.4    544.4259063379563     544.4259063379563     544.4259063379563     0     0     0
30.45   538.8944591916405     538.8944591916405     538.8944591916405     0     0     0
30.5    533.450087826802      533.450087826802      533.450087826802      0     0     0
30.55   528.0919066414436     528.0919066414436     528.0919066414436     0     0     0
30.6    522.8190300335684     522.8190300335684     522.8190300335684     0     0     0
30.65   517.6305724011793     517.6305724011793     517.6305724011793     0     0     0
30.7    512.5256481422786     512.5256481422786     512.5256481422786     0     0     0
30.75   507.51337367625723    507.51337367625723    507.51337367625723    0     0     0
30.8    502.74757195695577    502.74757195695577    502.74757195695577    0     0     0
30.85   498.06313185016666    498.06313185016666    498.06313185016666    0     0     0
30.9    493.4586026090099     493.4586026090099     493.4586026090099     0     0     0
30.95   488.9325334866041     488.9325334866041     488.9325334866041     0     0     0
31.     484.4834737360691     484.4834737360691     484.4834737360691     0     0     0
31.05   480.1099726105242     480.1099726105242     480.1099726105242     0     0     0
31.1    475.810579363089      475.810579363089      475.810579363089      0     0     0
31.15   471.58384324688313    471.58384324688313    471.58384324688313    0     0     0
31.2    467.4283135150255     467.4283135150255     467.4283135150255     0     0     0
31.25   463.3425394206358     463.3425394206358     463.3425394206358     0     0     0
31.3    459.3250702168334     459.3250702168334     459.3250702168334     0     0     0
31.35   455.3744551567379     455.3744551567379     455.3744551567379     0     0     0
31.4    451.48924349346885    451.48924349346885    451.48924349346885    0     0     0
31.45   447.66798448014526    447.66798448014526    447.66798448014526    0     0     0
31.5    443.90922736988676    443.90922736988676    443.90922736988676    0     0     0
31.55   440.21152141581274    440.21152141581274    440.21152141581274    0     0     0
31.6    436.57341587104276    436.57341587104276    436.57341587104276    0     0     0
31.65   432.99345998869643    432.99345998869643    432.99345998869643    0     0     0
31.7    429.4702030218927     429.4702030218927     429.4702030218927     0     0     0
31.75   426.00219422375125    426.00219422375125    426.00219422375125    0     0     0
31.8    422.5879828473915     422.5879828473915     422.5879828473915     0     0     0
31.85   419.2261181459329     419.2261181459329     419.2261181459329     0     0     0
31.9    415.91514937249514    415.91514937249514    415.91514937249514    0     0     0
31.95   412.65362578019716    412.65362578019716    412.65362578019716    0     0     0
32.     409.4400966221586     409.4400966221586     409.4400966221586     0     0     0
32.05   406.27311115149917    406.27311115149917    406.27311115149917    0     0     0
32.1    403.15121862133765    403.15121862133765    403.15121862133765    0     0     0
32.15   400.0729682847943     400.0729682847943     400.0729682847943     0     0     0
32.2    397.0369093949877     397.0369093949877     397.0369093949877     0     0     0
32.25   394.0415912050381     394.0415912050381     394.0415912050381     0     0     0
32.3    391.08556296806466    391.08556296806466    391.08556296806466    0     0     0
32.35   388.1673739371862     388.1673739371862     388.1673739371862     0     0     0
32.4    385.28557336552313    385.28557336552313    385.28557336552313    0     0     0
32.45   382.438710506194      382.438710506194      382.438710506194      0     0     0
32.5    379.62533461231914    379.62533461231914    379.62533461231914    0     0     0
32.55   376.84399493701744    376.84399493701744    376.84399493701744    0     0     0
32.6    374.09324073340804    374.09324073340804    374.09324073340804    0     0     0
32.65   371.3716212546111     371.3716212546111     371.3716212546111     0     0     0
32.7    368.6776857537453     368.6776857537453     368.6776857537453     0     0     0
32.75   366.0099834839309     366.0099834839309     366.0099834839309     0     0     0
32.8    363.36706369828687    363.36706369828687    363.36706369828687    0     0     0
32.85   360.7474756499323     360.7474756499323     360.7474756499323     0     0     0
32.9    358.1497685919874     358.1497685919874     358.1497685919874     0     0     0
32.95   355.57249177757086    355.57249177757086    355.57249177757086    0     0     0
33.     353.01419445980275    353.01419445980275    353.01419445980275    0     0     0
33.05   350.4400570867208     350.4400570867208     350.4400570867208     0     0     0
33.1    347.50200674138455    347.50200674138455    347.50200674138455    0     0     0
33.15   344.5826184195721     344.5826184195721     344.5826184195721     0     0     0
33.2    341.6817880326003     341.6817880326003     341.6817880326003     0     0     0
33.25   338.7994114917879     338.7994114917879     338.7994114917879     0     0     0
33.3    335.9353847084523     335.9353847084523     335.9353847084523     0     0     0
33.35   333.089603593911      333.089603593911      333.089603593911      0     0     0
33.4    330.2619640594826     330.2619640594826     330.2619640594826     0     0     0
33.45   327.45236201648413    327.45236201648413    327.45236201648413    0     0     0
33.5    324.6606933762342     324.6606933762342     324.6606933762342     0     0     0
33.55   321.8868540500503     321.8868540500503     321.8868540500503     0     0     0
33.6    319.1307399492499     319.1307399492499     319.1307399492499     0     0     0
33.65   316.39224698515153    316.39224698515153    316.39224698515153    0     0     0
33.7    313.67127106907236    313.67127106907236    313.67127106907236    0     0     0
33.75   310.96770811233097    310.96770811233097    310.96770811233097    0     0     0
33.8    308.2814540262448     308.2814540262448     308.2814540262448     0     0     0
33.85   305.61240472213126    305.61240472213126    305.61240472213126    0     0     0
33.9    302.96045611130904    302.96045611130904    302.96045611130904    0     0     0
33.95   300.32550410509515    300.32550410509515    300.32550410509515    0     0     0
34.     297.70744461480825    297.70744461480825    297.70744461480825    0     0     0
34.05   295.1061735517658     295.1061735517658     295.1061735517658     0     0     0
34.1    292.52158682728515    292.52158682728515    292.52158682728515    0     0     0
34.15   289.95358035268504    289.95358035268504    289.95358035268504    0     0     0
34.2    287.40205003928247    287.40205003928247    287.40205003928247    0     0     0
34.25   284.8668917983961     284.8668917983961     284.8668917983961     0     0     0
34.3    282.3480015413433     282.3480015413433     282.3480015413433     0     0     0
34.35   279.84527517944167    279.84527517944167    279.84527517944167    0     0     0
34.4    277.35860862400966    277.35860862400966    277.35860862400966    0     0     0
34.45   274.8878977863645     274.8878977863645     274.8878977863645     0     0     0
34.5    272.43303857782456    272.43303857782456    272.43303857782456    0     0     0
34.55   269.9939269097075     269.9939269097075     269.9939269097075     0     0     0
34.6    267.5704586933308     267.5704586933308     267.5704586933308     0     0     0
34.65   265.16252984001295    265.16252984001295    265.16252984001295    0     0     0
34.7    262.7700362610711     262.7700362610711     262.7700362610711     0     0     0
34.75   260.3928738678237     260.3928738678237     260.3928738678237     0     0     0
34.8    258.0309385715884     258.0309385715884     258.0309385715884     0     0     0
34.85   255.68412628368264    255.68412628368264    255.68412628368264    0     0     0
34.9    253.3523329154249     253.3523329154249     253.3523329154249     0     0     0
34.95   251.03545437813239    251.03545437813239    251.03545437813239    0     0     0
35.     248.7333865831236     248.7333865831236     248.7333865831236     0     0     0
35.05   246.44602544171602    246.44602544171602    246.44602544171602    0     0     0
35.1    244.09851976121053    244.09851976121053    244.09851976121053    0     0     0
35.15   241.75337830928243    241.75337830928243    241.75337830928243    0     0     0
35.2    239.4240685248647     239.4240685248647     239.4240685248647     0     0     0
35.25   237.11086793855125    237.11086793855125    237.11086793855125    0     0     0
35.3    234.81405408093485    234.81405408093485    234.81405408093485    0     0     0
35.35   232.5339044826083     232.5339044826083     232.5339044826083     0     0     0
35.4    230.27069667416546    230.27069667416546    230.27069667416546    0     0     0
35.45   228.02470818619884    228.02470818619884    228.02470818619884    0     0     0
35.5    225.7962165493022     225.7962165493022     225.7962165493022     0     0     0
35.55   223.5854992940684     223.5854992940684     223.5854992940684     0     0     0
35.6    221.39283395109027    221.39283395109027    221.39283395109027    0     0     0
35.65   219.2184980509616     219.2184980509616     219.2184980509616     0     0     0
35.7    217.06276912427498    217.06276912427498    217.06276912427498    0     0     0
35.75   214.92592470162413    214.92592470162413    214.92592470162413    0     0     0
35.8    212.80824231360188    212.80824231360188    212.80824231360188    0     0     0
35.85   210.70999949080112    210.70999949080112    210.70999949080112    0     0     0
35.9    208.63147376381562    208.63147376381562    208.63147376381562    0     0     0
35.95   206.5729426632379     206.5729426632379     206.5729426632379     0     0     0
36.     204.53468371966176    204.53468371966176    204.53468371966176    0     0     0
36.05   202.51697446368001    202.51697446368001    202.51697446368001    0     0     0
36.1    200.52009242588557    200.52009242588557    200.52009242588557    0     0     0
36.15   198.54431513687211    198.54431513687211    198.54431513687211    0     0     0
36.2    196.5899201272323     196.5899201272323     196.5899201272323     0     0     0
36.25   194.65718492755977    194.65718492755977    194.65718492755977    0     0     0
36.3    192.74638706844746    192.74638706844746    192.74638706844746    0     0     0
36.35   190.85780408048825    190.85780408048825    190.85780408048825    0     0     0
36.4    188.99171349427584    188.99171349427584    188.99171349427584    0     0     0
36.45   187.1483928404028     187.1483928404028     187.1483928404028     0     0     0
36.5    185.3281196494629     185.3281196494629     185.3281196494629     0     0     0
36.55   183.53117145204897    183.53117145204897    183.53117145204897    0     0     0
36.6    181.75782577875393    181.75782577875393    181.75782577875393    0     0     0
36.65   180.00836016017146    180.00836016017146    180.00836016017146    0     0     0
36.7    178.2830521268942     178.2830521268942     178.2830521268942     0     0     0
36.75   176.5821792095158     176.5821792095158     176.5821792095158     0     0     0
36.8    174.97157663198976    174.97157663198976    174.97157663198976    0     0     0
36.85   173.49935329650134    173.49935329650134    173.49935329650134    0     0     0
36.9    172.05281943193006    172.05281943193006    172.05281943193006    0     0     0
36.95   170.63148274061575    170.63148274061575    170.63148274061575    0     0     0
37.     169.23485092489904    169.23485092489904    169.23485092489904    0     0     0
37.05   167.86243168712002    167.86243168712002    167.86243168712002    0     0     0
37.1    166.51373272961874    166.51373272961874    166.51373272961874    0     0     0
37.15   165.18826175473578    165.18826175473578    165.18826175473578    0     0     0
37.2    163.88552646481108    163.88552646481108    163.88552646481108    0     0     0
37.25   162.60503456218524    162.60503456218524    162.60503456218524    0     0     0
37.3    161.3462937491983     161.3462937491983     161.3462937491983     0     0     0
37.35   160.10881172819037    160.10881172819037    160.10881172819037    0     0     0
37.4    158.892096201502      158.892096201502      158.892096201502      0     0     0
37.45   157.69565487147315    157.69565487147315    157.69565487147315    0     0     0
37.5    156.5189954404444     156.5189954404444     156.5189954404444     0     0     0
37.55   155.3616256107558     155.3616256107558     155.3616256107558     0     0     0
37.6    154.22305308474745    154.22305308474745    154.22305308474745    0     0     0
37.65   153.10278556475993    153.10278556475993    153.10278556475993    0     0     0
37.7    152.00033075313317    152.00033075313317    152.00033075313317    0     0     0
37.75   150.91519635220774    150.91519635220774    150.91519635220774    0     0     0
37.8    149.84689006432373    149.84689006432373    149.84689006432373    0     0     0
37.85   148.7949195918212     148.7949195918212     148.7949195918212     0     0     0
37.9    147.75879263704076    147.75879263704076    147.75879263704076    0     0     0
37.95   146.73801690232236    146.73801690232236    146.73801690232236    0     0     0
38.     145.7321000900065     145.7321000900065     145.7321000900065     0     0     0
38.05   144.7405499024333     144.7405499024333     144.7405499024333     0     0     0
38.1    143.76287404194284    143.76287404194284    143.76287404194284    0     0     0
38.15   142.7985802108757     142.7985802108757     142.7985802108757     0     0     0
38.2    141.84717611157188    141.84717611157188    141.84717611157188    0     0     0
38.25   140.90816944637183    140.90816944637183    140.90816944637183    0     0     0
38.3    139.9810679176157     139.9810679176157     139.9810679176157     0     0     0
38.35   139.06537922764358    139.06537922764358    139.06537922764358    0     0     0
38.4    138.160611078796      138.160611078796      138.160611078796      0     0     0
38.45   137.26627117341297    137.26627117341297    137.26627117341297    0     0     0
38.5    136.38186721383497    136.38186721383497    136.38186721383497    0     0     0
38.55   135.50690690240214    135.50690690240214    135.50690690240214    0     0     0
38.6    134.64089794145457    134.64089794145457    134.64089794145457    0     0     0
38.65   133.78334803333283    133.78334803333283    133.78334803333283    0     0     0
38.7    132.93376488037683    132.93376488037683    132.93376488037683    0     0     0
38.75   132.09165618492713    132.09165618492713    132.09165618492713    0     0     0
38.8    131.2384429338812     131.2384429338812     131.2384429338812     0     0     0
38.85   130.2794986311916     130.2794986311916     130.2794986311916     0     0     0
38.9    129.3282839310655     129.3282839310655     129.3282839310655     0     0     0
38.95   128.38487373528724    128.38487373528724    128.38487373528724    0     0     0
39.     127.44934294564166    127.44934294564166    127.44934294564166    0     0     0
39.05   126.52176646391318    126.52176646391318    126.52176646391318    0     0     0
39.1    125.60221919188625    125.60221919188625    125.60221919188625    0     0     0
39.15   124.69077603134572    124.69077603134572    124.69077603134572    0     0     0
39.2    123.78751188407588    123.78751188407588    123.78751188407588    0     0     0
39.25   122.89250165186158    122.89250165186158    122.89250165186158    0     0     0
39.3    122.00582023648725    122.00582023648725    122.00582023648725    0     0     0
39.35   121.12754253973736    121.12754253973736    121.12754253973736    0     0     0
39.4    120.25774346339671    120.25774346339671    120.25774346339671    0     0     0
39.45   119.39649790924963    119.39649790924963    119.39649790924963    0     0     0
39.5    118.54388077908095    118.54388077908095    118.54388077908095    0     0     0
39.55   117.6999669746751     117.6999669746751     117.6999669746751     0     0     0
39.6    116.86483139781657    116.86483139781657    116.86483139781657    0     0     0
39.65   116.03854895029014    116.03854895029014    116.03854895029014    0     0     0
39.7    115.22119453388015    115.22119453388015    115.22119453388015    0     0     0
39.75   114.41284305037142    114.41284305037142    114.41284305037142    0     0     0
39.8    113.61356940154839    113.61356940154839    113.61356940154839    0     0     0
39.85   112.82344848919554    112.82344848919554    112.82344848919554    0     0     0
39.9    112.04255521509766    112.04255521509766    112.04255521509766    0     0     0
39.95   111.2709644810391     111.2709644810391     111.2709644810391     0     0     0
40.     110.50875118880465    110.50875118880465    110.50875118880465    0     0     0
40.05   109.75599024017878    109.75599024017878    109.75599024017878    0     0     0
40.1    109.01275653694594    109.01275653694594    109.01275653694594    0     0     0
40.15   108.27912498089094    108.27912498089094    108.27912498089094    0     0     0
40.2    107.55517047379814    107.55517047379814    107.55517047379814    0     0     0
40.25   106.8409679174523     106.8409679174523     106.8409679174523     0     0     0
40.3    106.13659221363791    106.13659221363791    106.13659221363791    0     0     0
40.35   105.44211826413944    105.44211826413944    105.44211826413944    0     0     0
40.4    104.75762097074166    104.75762097074166    104.75762097074166    0     0     0
40.45   104.08317523522894    104.08317523522894    104.08317523522894    0     0     0
40.5    103.41885595938605    103.41885595938605    103.41885595938605    0     0     0
40.55   102.8209253652011     102.8209253652011     102.8209253652011     0     0     0
40.6    102.26365826220376    102.26365826220376    102.26365826220376    0     0     0
40.65   101.71744544560129    101.71744544560129    101.71744544560129    0     0     0
40.7    101.1820387212442     101.1820387212442     101.1820387212442     0     0     0
40.75   100.65718989498335    100.65718989498335    100.65718989498335    0     0     0
40.8    100.14265077266933    100.14265077266933    100.14265077266933    0     0     0
40.85   99.63817316015277     99.63817316015277     99.63817316015277     0     0     0
40.9    99.14350886328448     99.14350886328448     99.14350886328448     0     0     0
40.95   98.65840968791503     98.65840968791503     98.65840968791503     0     0     0
41.     98.18262743989521     98.18262743989521     98.18262743989521     0     0     0
41.05   97.71591392507567     97.71591392507567     97.71591392507567     0     0     0
41.1    97.258020949307 0     97.258020949307 0     97.258020949307 0     0     0
41.15   96.80870031844003     96.80870031844003     96.80870031844003     0     0     0
41.2    96.36770383832531     96.36770383832531     96.36770383832531     0     0     0
41.25   95.93478331481366     95.93478331481366     95.93478331481366     0     0     0
41.3    95.50969055375569     95.50969055375569     95.50969055375569     0     0     0
41.35   95.09217736100204     95.09217736100204     95.09217736100204     0     0     0
41.4    94.6819955424035      94.6819955424035      94.6819955424035      0     0     0
41.45   94.27889690381065     94.27889690381065     94.27889690381065     0     0     0
41.5    93.88263325107428     93.88263325107428     93.88263325107428     0     0     0
41.55   93.49295639004502     93.49295639004502     93.49295639004502     0     0     0
41.6    93.10961812657351     93.10961812657351     93.10961812657351     0     0     0
41.65   92.73237026651051     92.73237026651051     92.73237026651051     0     0     0
41.7    92.36096461570665     92.36096461570665     92.36096461570665     0     0     0
41.75   91.99515298001268     91.99515298001268     91.99515298001268     0     0     0
41.8    91.63468716527925     91.63468716527925     91.63468716527925     0     0     0
41.85   91.27931897735698     91.27931897735698     91.27931897735698     0     0     0
41.9    90.92880022209668     90.92880022209668     90.92880022209668     0     0     0
41.95   90.58288270534891     90.58288270534891     90.58288270534891     0     0     0
42.     90.24131823296446     90.24131823296446     90.24131823296446     0     0     0
42.05   89.90385861079398     89.90385861079398     89.90385861079398     0     0     0
42.1    89.57025564468809     89.57025564468809     89.57025564468809     0     0     0
42.15   89.24026114049758     89.24026114049758     89.24026114049758     0     0     0
42.2    88.91362690407304     88.91362690407304     88.91362690407304     0     0     0
42.25   88.59010474126524     88.59010474126524     88.59010474126524     0     0     0
42.3    88.26944645792481     88.26944645792481     88.26944645792481     0     0     0
42.35   87.95140385990243     87.95140385990243     87.95140385990243     0     0     0
42.4    87.63572875304882     87.63572875304882     87.63572875304882     0     0     0
42.45   87.32217294321462     87.32217294321462     87.32217294321462     0     0     0
42.5    87.0104882362506      87.0104882362506      87.0104882362506      0     0     0
42.55   86.70042643800736     86.70042643800736     86.70042643800736     0     0     0
42.6    86.39173935433558     86.39173935433558     86.39173935433558     0     0     0
42.65   86.08417879108602     86.08417879108602     86.08417879108602     0     0     0
42.7    85.77749655410928     85.77749655410928     85.77749655410928     0     0     0
42.75   85.47144444925613     85.47144444925613     85.47144444925613     0     0     0
42.8    85.16577428237721     85.16577428237721     85.16577428237721     0     0     0
42.85   84.79130890589909     84.79130890589909     84.79130890589909     0     0     0
42.9    84.38477190201435     84.38477190201435     84.38477190201435     0     0     0
42.95   83.97905991002352     83.97905991002352     83.97905991002352     0     0     0
43.     83.57425520334276     83.57425520334276     83.57425520334276     0     0     0
43.05   83.17044005538807     83.17044005538807     83.17044005538807     0     0     0
43.1    82.7676967395755      82.7676967395755      82.7676967395755      0     0     0
43.15   82.3661075293212      82.3661075293212      82.3661075293212      0     0     0
43.2    81.96575469804115     81.96575469804115     81.96575469804115     0     0     0
43.25   81.56672051915152     81.56672051915152     81.56672051915152     0     0     0
43.3    81.16908726606835     81.16908726606835     81.16908726606835     0     0     0
43.35   80.77293721220761     80.77293721220761     80.77293721220761     0     0     0
43.4    80.37835263098553     80.37835263098553     80.37835263098553     0     0     0
43.45   79.98541579581804     79.98541579581804     79.98541579581804     0     0     0
43.5    79.59420898012134     79.59420898012134     79.59420898012134     0     0     0
43.55   79.20481445731143     79.20481445731143     79.20481445731143     0     0     0
43.6    78.81731450080434     78.81731450080434     78.81731450080434     0     0     0
43.65   78.43179138401625     78.43179138401625     78.43179138401625     0     0     0
43.7    78.0483273803631      78.0483273803631      78.0483273803631      0     0     0
43.75   77.6670047632611      77.6670047632611      77.6670047632611      0     0     0
43.8    77.28790580612626     77.28790580612626     77.28790580612626     0     0     0
43.85   76.91111278237459     76.91111278237459     76.91111278237459     0     0     0
43.9    76.53670796542227     76.53670796542227     76.53670796542227     0     0     0
43.95   76.16477362868527     76.16477362868527     76.16477362868527     0     0     0
44.     75.79539204557975     75.79539204557975     75.79539204557975     0     0     0
44.05   75.42864548952174     75.42864548952174     75.42864548952174     0     0     0
44.1    75.06461623392727     75.06461623392727     75.06461623392727     0     0     0
44.15   74.7033865522125      74.7033865522125      74.7033865522125      0     0     0
44.2    74.34503871779341     74.34503871779341     74.34503871779341     0     0     0
44.25   73.98965500408616     73.98965500408616     73.98965500408616     0     0     0
44.3    73.63731768450678     73.63731768450678     73.63731768450678     0     0     0
44.35   73.28810903247128     73.28810903247128     73.28810903247128     0     0     0
44.4    72.94211132139586     72.94211132139586     72.94211132139586     0     0     0
44.45   72.59940682469646     72.59940682469646     72.59940682469646     0     0     0
44.5    72.26007781578926     72.26007781578926     72.26007781578926     0     0     0
44.55   71.92420656809028     71.92420656809028     71.92420656809028     0     0     0
44.6    71.59187535501556     71.59187535501556     71.59187535501556     0     0     0
44.65   71.26316644998124     71.26316644998124     71.26316644998124     0     0     0
44.7    70.93816212640331     70.93816212640331     70.93816212640331     0     0     0
44.75   70.61694465769794     70.61694465769794     70.61694465769794     0     0     0
44.8    70.29959631728116     70.29959631728116     70.29959631728116     0     0     0
44.85   70.0029615424886      70.0029615424886      70.0029615424886      0     0     0
44.9    69.7309336501313      69.7309336501313      69.7309336501313      0     0     0
44.95   69.46282088303677     69.46282088303677     69.46282088303677     0     0     0
45.     69.19856685005152     69.19856685005152     69.19856685005152     0     0     0
45.05   68.93811516002198     68.93811516002198     68.93811516002198     0     0     0
45.1    68.68140942179458     68.68140942179458     68.68140942179458     0     0     0
45.15   68.42839324421587     68.42839324421587     68.42839324421587     0     0     0
45.2    68.17901023613223     68.17901023613223     68.17901023613223     0     0     0
45.25   67.9332040063902      67.9332040063902      67.9332040063902      0     0     0
45.3    67.69091816383622     67.69091816383622     67.69091816383622     0     0     0
45.35   67.45209631731669     67.45209631731669     67.45209631731669     0     0     0
45.4    67.21668207567818     67.21668207567818     67.21668207567818     0     0     0
45.45   66.98461904776707     66.98461904776707     66.98461904776707     0     0     0
45.5    66.7558508424299      66.7558508424299      66.7558508424299      0     0     0
45.55   66.53032106851309     66.53032106851309     66.53032106851309     0     0     0
45.6    66.30797333486308     66.30797333486308     66.30797333486308     0     0     0
45.65   66.0887512503264      66.0887512503264      66.0887512503264      0     0     0
45.7    65.87259842374944     65.87259842374944     65.87259842374944     0     0     0
45.75   65.65945846397874     65.65945846397874     65.65945846397874     0     0     0
45.8    65.44927497986073     65.44927497986073     65.44927497986073     0     0     0
45.85   65.24199158024184     65.24199158024184     65.24199158024184     0     0     0
45.9    65.03755187396861     65.03755187396861     65.03755187396861     0     0     0
45.95   64.83589946988744     64.83589946988744     64.83589946988744     0     0     0
46.     64.63697797684485     64.63697797684485     64.63697797684485     0     0     0
46.05   64.44073100368726     64.44073100368726     64.44073100368726     0     0     0
46.1    64.24710215926113     64.24710215926113     64.24710215926113     0     0     0
46.15   64.05603505241298     64.05603505241298     64.05603505241298     0     0     0
46.2    63.86747329198921     63.86747329198921     63.86747329198921     0     0     0
46.25   63.68136048683633     63.68136048683633     63.68136048683633     0     0     0
46.3    63.49764024580081     63.49764024580081     63.49764024580081     0     0     0
46.35   63.31625617772906     63.31625617772906     63.31625617772906     0     0     0
46.4    63.1371518914676      63.1371518914676      63.1371518914676      0     0     0
46.45   62.960270995862864    62.960270995862864    62.960270995862864    0     0     0
46.5    62.78555709976134     62.78555709976134     62.78555709976134     0     0     0
46.55   62.61295381200949     62.61295381200949     62.61295381200949     0     0     0
46.6    62.44240474145375     62.44240474145375     62.44240474145375     0     0     0
46.65   62.273853496940625    62.273853496940625    62.273853496940625    0     0     0
46.7    62.10724368731653     62.10724368731653     62.10724368731653     0     0     0
46.75   61.942518921428 0     61.942518921428 0     61.942518921428 0     0     0
46.8    61.779622808121445    61.779622808121445    61.779622808121445    0     0     0
46.85   61.616488713815826    61.616488713815826    61.616488713815826    0     0     0
46.9    61.44788628181828     61.44788628181828     61.44788628181828     0     0     0
46.95   61.28098490602296     61.28098490602296     61.28098490602296     0     0     0
47.     61.11576231960408     61.11576231960408     61.11576231960408     0     0     0
47.05   60.952196255735785    60.952196255735785    60.952196255735785    0     0     0
47.1    60.790264447592214    60.790264447592214    60.790264447592214    0     0     0
47.15   60.62994462834757     60.62994462834757     60.62994462834757     0     0     0
47.2    60.47121453117598     60.47121453117598     60.47121453117598     0     0     0
47.25   60.314051889251644    60.314051889251644    60.314051889251644    0     0     0
47.3    60.15843443574872     60.15843443574872     60.15843443574872     0     0     0
47.35   60.00433990384133     60.00433990384133     60.00433990384133     0     0     0
47.4    59.85174602670369     59.85174602670369     59.85174602670369     0     0     0
47.45   59.700630537509916    59.700630537509916    59.700630537509916    0     0     0
47.5    59.55097116943422     59.55097116943422     59.55097116943422     0     0     0
47.55   59.40274565565075     59.40274565565075     59.40274565565075     0     0     0
47.6    59.25593172933364     59.25593172933364     59.25593172933364     0     0     0
47.65   59.110507123657094    59.110507123657094    59.110507123657094    0     0     0
47.7    58.96644957179524     58.96644957179524     58.96644957179524     0     0     0
47.75   58.823736806922284    58.823736806922284    58.823736806922284    0     0     0
47.8    58.68234656221236     58.68234656221236     58.68234656221236     0     0     0
47.85   58.54225657083962     58.54225657083962     58.54225657083962     0     0     0
47.9    58.40344456597827     58.40344456597827     58.40344456597827     0     0     0
47.95   58.26588828080243     58.26588828080243     58.26588828080243     0     0     0
48.     58.1295654484863      58.1295654484863      58.1295654484863      0     0     0
48.05   57.99445380220403     57.99445380220403     57.99445380220403     0     0     0
48.1    57.86053107512976     57.86053107512976     57.86053107512976     0     0     0
48.15   57.72777500043769     57.72777500043769     57.72777500043769     0     0     0
48.2    57.59616331130195     57.59616331130195     57.59616331130195     0     0     0
48.25   57.46567374089675     57.46567374089675     57.46567374089675     0     0     0
48.3    57.336284022396214    57.336284022396214    57.336284022396214    0     0     0
48.35   57.207971888974505    57.207971888974505    57.207971888974505    0     0     0
48.4    57.08071507380582     57.08071507380582     57.08071507380582     0     0     0
48.45   56.954491310064284    56.954491310064284    56.954491310064284    0     0     0
48.5    56.8292783309241      56.8292783309241      56.8292783309241      0     0     0
48.55   56.70505386955941     56.70505386955941     56.70505386955941     0     0     0
48.6    56.581795659144355    56.581795659144355    56.581795659144355    0     0     0
48.65   56.459481432853146    56.459481432853146    56.459481432853146    0     0     0
48.7    56.33808892385991     56.33808892385991     56.33808892385991     0     0     0
48.75   56.217595865338836    56.217595865338836    56.217595865338836    0     0     0
48.8    56.097979990464076    56.097979990464076    56.097979990464076    0     0     0
48.85   55.97921903240977     55.97921903240977     55.97921903240977     0     0     0
48.9    55.85633573015246     55.85633573015246     55.85633573015246     0     0     0
48.95   55.7342240175622      55.7342240175622      55.7342240175622      0     0     0
49.     55.61293739315343     55.61293739315343     55.61293739315343     0     0     0
49.05   55.49247218261662     55.49247218261662     55.49247218261662     0     0     0
49.1    55.37282471164229     55.37282471164229     55.37282471164229     0     0     0
49.15   55.25399130592095     55.25399130592095     55.25399130592095     0     0     0
49.2    55.13596829114308     55.13596829114308     55.13596829114308     0     0     0
49.25   55.01875199299922     55.01875199299922     55.01875199299922     0     0     0
49.3    54.90233873717987     54.90233873717987     54.90233873717987     0     0     0
49.35   54.78672484937551     54.78672484937551     54.78672484937551     0     0     0
49.4    54.67190665527667     54.67190665527667     54.67190665527667     0     0     0
49.45   54.55788048057384     54.55788048057384     54.55788048057384     0     0     0
49.5    54.444642650957555    54.444642650957555    54.444642650957555    0     0     0
49.55   54.332189492118296    54.332189492118296    54.332189492118296    0     0     0
49.6    54.220517329746556    54.220517329746556    54.220517329746556    0     0     0
49.65   54.10962248953288     54.10962248953288     54.10962248953288     0     0     0
49.7    53.99950129716773     53.99950129716773     53.99950129716773     0     0     0
49.75   53.890150078341655    53.890150078341655    53.890150078341655    0     0     0
49.8    53.781565158745146    53.781565158745146    53.781565158745146    0     0     0
49.85   53.67374286406868     53.67374286406868     53.67374286406868     0     0     0
49.9    53.5666795200028      53.5666795200028      53.5666795200028      0     0     0
49.95   53.460371452237986    53.460371452237986    53.460371452237986    0     0     0
50.     53.35481498646477     53.35481498646477     53.35481498646477     0     0     0
50.05   53.25000644837364     53.25000644837364     53.25000644837364     0     0     0
50.1    53.1459421636551      53.1459421636551      53.1459421636551      0     0     0
50.15   53.042618457999666    53.042618457999666    53.042618457999666    0     0     0
50.2    52.94003165709783     52.94003165709783     52.94003165709783     0     0     0
50.25   52.83817808664012     52.83817808664012     52.83817808664012     0     0     0
50.3    52.73705407231704     52.73705407231704     52.73705407231704     0     0     0
50.35   52.63665593981906     52.63665593981906     52.63665593981906     0     0     0
50.4    52.53698001483672     52.53698001483672     52.53698001483672     0     0     0
50.45   52.43802262306051     52.43802262306051     52.43802262306051     0     0     0
50.5    52.33978009018096     52.33978009018096     52.33978009018096     0     0     0
50.55   52.24224874188855     52.24224874188855     52.24224874188855     0     0     0
50.6    52.14542490387379     52.14542490387379     52.14542490387379     0     0     0
50.65   52.04930490182719     52.04930490182719     52.04930490182719     0     0     0
50.7    51.95388506143926     51.95388506143926     51.95388506143926     0     0     0
50.75   51.85916170840051     51.85916170840051     51.85916170840051     0     0     0
50.8    51.76513116840143     51.76513116840143     51.76513116840143     0     0     0
50.85   51.67178976713252     51.67178976713252     51.67178976713252     0     0     0
50.9    51.58350992831728     51.58350992831728     51.58350992831728     0     0     0
50.95   51.4972886465688      51.4972886465688      51.4972886465688      0     0     0
51.     51.411707856569535    51.411707856569535    51.411707856569535    0     0     0
