0.125	1.25443e-15	2.41641e-13	0	9.58005e-15	2.55666e-13	0
0.375	6.82218e-15	7.35195e-13	0	5.42698e-14	3.16212e-12	0
0.625	1.05055e-14	8.55884e-13	0	1.06814e-13	9.65362e-12	0
0.875	6.76069e-15	9.33642e-13	0	1.55046e-13	1.49346e-11	0
1.125	8.71982e-15	9.61722e-13	0	1.70495e-13	1.77731e-11	0
1.375	8.29254e-15	9.96464e-13	0	1.6704e-13	1.87835e-11	0
1.625	6.84252e-15	9.93707e-13	0	1.47596e-13	2.07901e-11	0
1.875	8.81459e-15	9.35463e-13	0	1.38096e-13	2.24777e-11	0
2.125	4.58683e-15	8.85178e-13	0	1.41112e-13	2.38501e-11	0
2.375	5.01013e-15	8.62799e-13	0	1.02613e-13	2.34337e-11	0
2.625	7.6365e-15	7.86565e-13	0	1.14572e-13	2.10229e-11	0
2.875	4.14838e-15	7.75624e-13	0	1.18744e-13	1.9045e-11	0
3.125	5.34965e-15	7.77344e-13	0	8.85229e-14	1.65443e-11	0
3.375	4.38013e-15	6.94457e-13	0	7.01957e-14	1.33155e-11	0
3.625	2.80946e-15	5.50367e-13	0	6.11155e-14	9.59829e-12	0
3.875	4.33818e-15	5.56703e-13	0	6.56751e-14	6.05482e-12	0
4.125	6.4539e-15	5.93341e-13	0	6.56621e-14	3.87612e-12	0
4.375	3.81383e-15	5.03214e-13	0	3.58802e-14	2.42929e-12	0
4.625	3.19173e-15	6.18993e-13	0	2.82566e-14	1.68195e-12	0
4.875	3.30832e-15	6.50958e-13	0	4.98442e-14	1.08775e-12	0
5.125	4.1232e-15	5.89905e-13	0	2.58235e-14	8.49806e-13	0
5.375	9.52107e-15	6.19732e-13	0	1.55598e-14	6.81668e-13	0
5.625	4.07966e-15	4.44237e-13	0	2.51238e-14	4.56948e-13	0
5.875	5.42642e-15	4.42159e-13	0	1.48044e-14	4.67706e-13	0
6.125	4.69254e-15	3.27287e-13	0	1.63688e-14	3.69257e-13	0
6.375	4.46598e-15	3.89336e-13	0	1.99996e-14	3.21654e-13	0
6.625	1.81754e-14	3.70114e-13	0	5.75607e-15	3.40224e-13	0
6.875	2.00684e-15	3.35115e-13	0	4.32545e-15	2.23505e-13	0
7.125	8.83056e-16	2.94728e-13	0	4.46727e-15	2.43118e-13	0
7.375	2.22549e-15	1.50703e-13	0	4.82579e-15	2.19748e-13	0
7.625	2.0977e-15	2.6052e-13	0	1.3547e-14	2.25481e-13	0
7.875	3.63456e-15	2.94858e-13	0	2.87235e-15	2.20866e-13	0
8.125	7.37826e-15	2.55366e-13	0	3.8669e-15	1.64145e-13	0
8.375	1.18237e-15	1.92102e-13	0	4.80195e-15	2.08704e-13	0
8.625	2.59154e-15	1.87224e-13	0	1.35487e-15	1.6787e-13	0
8.875	1.06418e-15	1.30225e-13	0	1.18737e-15	1.50914e-13	0
9.125	4.9362e-16	1.08471e-13	0	1.506e-15	1.70014e-13	0
9.375	1.80568e-15	1.60482e-13	0	3.01898e-15	1.13873e-13	0
9.625	1.00307e-15	1.02709e-13	0	6.67758e-16	1.10343e-13	0
9.875	3.13712e-15	1.50018e-13	0	1.93209e-15	1.18612e-13	0
10.125	1.13922e-15	1.19737e-13	0	1.42872e-15	8.9991e-14	0
10.375	1.06119e-15	8.0151e-14	0	1.61797e-15	1.1297e-13	0
10.625	1.12168e-15	1.27592e-13	0	2.31399e-15	7.27552e-14	0
10.875	1.43392e-15	1.06308e-13	0	0	1.14444e-13	0
11.125	9.53253e-16	5.12787e-14	0	9.13403e-16	1.08323e-13	0
11.375	2.27219e-15	5.26157e-14	0	0	7.23324e-14	0
11.625	5.98567e-16	7.43204e-14	0	0	4.49749e-14	0
11.875	0	4.47618e-14	0	1.55908e-15	5.15336e-14	0
12.125	0	4.5151e-14	0	0	7.0736e-14	0
12.375	2.46827e-15	7.13891e-14	0	0	2.95368e-14	0
12.625	2.01444e-15	6.51111e-14	0	3.88915e-16	3.35362e-14	0
12.875	0	6.29005e-14	0	0	3.1935e-14	0
13.125	0	4.94247e-14	0	5.48036e-16	4.10903e-14	0
13.375	8.97165e-16	3.91042e-14	0	0	3.84127e-14	0
13.625	1.75493e-15	8.08547e-14	0	0	2.21898e-14	0
13.875	0	5.07718e-14	0	0	3.49275e-14	0
14.125	1.3391e-15	5.2399e-14	0	1.45987e-15	1.98666e-14	0
14.375	1.07584e-15	1.99976e-14	0	0	1.39222e-14	0
14.625	1.98737e-15	6.95327e-14	0	4.24477e-16	1.42913e-14	0
14.875	7.334e-16	1.79045e-14	0	0	1.65972e-14	0
15.125	0	4.01176e-14	0	0	1.01166e-14	0
15.375	0	1.73234e-14	0	0	1.63887e-14	0
15.625	8.33647e-16	1.82498e-14	0	9.02242e-16	1.77521e-14	0
15.875	7.07862e-16	1.36334e-14	0	0	3.08572e-14	0
16.125	0	1.32905e-14	0	0	5.14921e-14	0
16.375	0	1.27434e-14	0	0	9.09531e-15	0
16.625	0	9.45265e-15	0	0	1.08973e-14	0
16.875	0	1.71321e-14	0	0	6.05681e-15	0
17.125	0	1.83238e-14	0	0	4.35272e-15	0
17.375	8.01729e-16	1.08819e-14	0	0	6.85933e-15	0
17.625	0	1.19244e-14	0	0	8.94753e-15	0
17.875	0	1.03978e-14	0	0	5.95964e-15	0
18.125	0	1.52221e-14	0	0	2.34947e-15	0
18.375	0	9.34251e-15	0	0	7.93601e-15	0
18.625	6.75352e-16	1.41388e-14	0	0	4.28601e-15	0
18.875	0	1.59009e-14	0	0	5.74605e-15	0
19.125	0	1.38236e-14	0	0	3.97536e-15	0
19.375	0	1.31421e-14	0	0	4.45503e-15	0
19.625	0	1.46483e-14	0	0	4.49581e-15	0
19.875	9.49349e-16	4.67801e-14	0	0	3.33266e-15	0
20.125	0	9.7958e-15	0	0	2.03254e-15	0
20.375	0	1.24638e-14	0	0	2.81007e-15	0
20.625	0	8.48272e-15	0	0	2.84757e-15	0
20.875	0	1.30449e-14	0	0	5.44964e-15	0
21.125	9.08465e-16	1.64266e-14	0	0	7.0948e-16	0
21.375	1.34943e-15	7.43714e-15	0	0	1.48943e-15	0
21.625	0	9.14302e-15	0	0	7.40208e-16	0
21.875	0	6.23347e-15	0	0	1.97482e-15	0
22.125	0	5.89343e-15	0	0	2.08549e-15	0
22.375	9.59162e-16	3.82966e-15	0	0	1.52491e-15	0
22.625	0	8.70268e-15	0	0	2.15549e-15	0
22.875	0	1.322e-14	0	0	2.98064e-15	0
23.125	0	6.99124e-15	0	0	7.21306e-16	0
23.375	1.15432e-15	6.23027e-15	0	0	1.56725e-15	0
23.625	0	4.05146e-15	0	0	2.51162e-15	0
23.875	0	8.48931e-15	0	0	0	0
24.125	0	1.03078e-14	0	0	2.58816e-15	0
24.375	0	6.17952e-15	0	0	2.60405e-15	0
24.625	0	5.2898e-15	0	0	1.73132e-15	0
24.875	0	2.71238e-15	0	0	8.63497e-16	0
25.125	0	7.82947e-15	0	0	8.61071e-16	0
25.375	0	5.35792e-15	0	0	9.1047e-16	0
25.625	0	9.24997e-15	0	0	8.94738e-16	0
25.875	0	4.65241e-15	0	0	1.90678e-15	0
26.125	0	6.64569e-15	0	0	9.30817e-16	0
26.375	1.32167e-15	0	0	0	0	0
26.625	0	4.84299e-15	0	0	0	0
26.875	0	6.95645e-15	0	0	9.7328e-16	0
27.125	0	5.01334e-15	0	0	0	0
27.375	0	5.15424e-15	0	0	2.04293e-15	0
27.625	0	3.11053e-15	0	0	1.05209e-15	0
27.875	0	3.16194e-15	0	0	0	0
28.125	0	8.62359e-15	0	0	0	0
28.375	0	5.46602e-15	0	0	0	0
28.625	0	3.33126e-15	0	0	2.22317e-15	0
28.875	0	3.38335e-15	0	0	0	0
29.125	0	0	0	0	1.14839e-15	0
29.375	0	5.86917e-15	0	0	0	0
29.625	0	2.38126e-15	0	0	0	0
29.875	0	2.43772e-15	0	0	1.21014e-15	0
30.125	0	7.04673e-15	0	0	0	0
30.375	0	5.01938e-15	0	0	0	0
30.625	0	5.10517e-15	0	0	0	0
30.875	0	7.78132e-15	0	0	0	0
31.125	0	3.95583e-15	0	0	0	0
31.375	0	0	0	0	0	0
31.625	0	5.41703e-15	0	0	0	0
31.875	0	5.5234e-15	0	0	0	0
32.125	0	0	0	0	0	0
32.375	0	2.8377e-15	0	0	0	0
32.625	0	2.89971e-15	0	0	0	0
32.875	0	1.46923e-15	0	0	0	0
33.125	0	0	0	0	0	0
33.375	0	1.5138e-15	0	0	0	0
33.625	0	6.16226e-15	0	0	0	0
33.875	0	1.56251e-15	0	0	0	0
34.125	0	0	0	0	0	0
34.375	0	0	0	0	0	0
34.625	0	0	0	0	0	0
34.875	0	1.66239e-15	0	0	0	0
35.125	0	0	0	0	0	0
35.375	0	0	0	0	0	0
35.625	0	0	0	0	0	0
35.875	0	1.75112e-15	0	0	0	0
36.125	0	0	0	0	0	0
36.375	0	1.80402e-15	0	0	0	0
36.625	0	0	0	0	0	0
36.875	0	3.6829e-15	0	0	0	0
37.125	0	3.75206e-15	0	0	0	0
37.375	0	0	0	0	0	0
37.625	0	0	0	0	0	0
37.875	0	0	0	0	0	0
38.125	0	0	0	0	0	0
38.375	0	0	0	0	0	0
38.625	0	2.02285e-15	0	0	0	0
38.875	0	0	0	0	0	0
39.125	0	2.07799e-15	0	0	0	0
39.375	0	0	0	0	0	0
39.625	0	0	0	0	0	0
39.875	0	2.15412e-15	0	0	0	0
40.125	0	0	0	0	0	0
40.375	0	0	0	0	0	0
40.625	0	0	0	0	0	0
40.875	0	2.25973e-15	0	0	0	0
41.125	0	0	0	0	0	0
41.375	0	2.33447e-15	0	0	0	0
41.625	0	0	0	0	0	0
41.875	0	0	0	0	0	0
42.125	0	0	0	0	0	0
42.375	0	2.44815e-15	0	0	0	0
42.625	0	0	0	0	0	0
42.875	0	0	0	0	0	0
43.125	0	0	0	0	0	0
43.375	0	0	0	0	0	0
43.625	0	2.57913e-15	0	0	0	0
43.875	0	0	0	0	0	0
44.125	0	0	0	0	0	0
44.375	0	0	0	0	0	0
44.625	0	0	0	0	0	0
44.875	0	0	0	0	0	0
45.125	0	0	0	0	0	0
45.375	0	0	0	0	0	0
45.625	0	0	0	0	0	0
45.875	0	0	0	0	0	0
46.125	0	2.89761e-15	0	0	0	0
46.375	0	0	0	0	0	0
46.625	0	0	0	0	0	0
46.875	0	0	0	0	0	0
47.125	0	0	0	0	0	0
47.375	0	0	0	0	0	0
47.625	0	0	0	0	0	0
47.875	0	0	0	0	0	0
48.125	0	0	0	0	0	0
48.375	0	0	0	0	0	0
48.625	0	0	0	0	0	0
48.875	0	0	0	0	0	0
49.125	0	0	0	0	0	0
49.375	0	0	0	0	0	0
49.625	0	0	0	0	0	0
49.875	0	0	0	0	0	0
50.125	0	0	0	0	0	0
50.375	0	0	0	0	0	0
50.625	0	0	0	0	0	0
50.875	0	0	0	0	0	0
51.125	0	0	0	0	0	0
51.375	0	0	0	0	0	0
51.625	0	0	0	0	0	0
51.875	0	0	0	0	0	0
52.125	0	0	0	0	0	0
52.375	0	0	0	0	0	0
52.625	0	0	0	0	0	0
52.875	0	0	0	0	0	0
53.125	0	0	0	0	0	0
53.375	0	0	0	0	0	0
53.625	0	0	0	0	0	0
53.875	0	0	0	0	0	0
54.125	0	0	0	0	0	0
54.375	0	0	0	0	0	0
54.625	0	0	0	0	0	0
54.875	0	0	0	0	0	0
55.125	0	0	0	0	0	0
55.375	0	0	0	0	0	0
55.625	0	0	0	0	0	0
55.875	0	0	0	0	0	0
56.125	0	0	0	0	0	0
56.375	0	0	0	0	0	0
56.625	0	0	0	0	0	0
56.875	0	0	0	0	0	0
57.125	0	0	0	0	0	0
57.375	0	0	0	0	0	0
57.625	0	0	0	0	0	0
57.875	0	0	0	0	0	0
58.125	0	0	0	0	0	0
58.375	0	0	0	0	0	0
58.625	0	0	0	0	0	0
58.875	0	0	0	0	0	0
59.125	0	0	0	0	0	0
59.375	0	0	0	0	0	0
59.625	0	0	0	0	0	0
59.875	0	0	0	0	0	0
60.125	0	0	0	0	0	0
60.375	0	0	0	0	0	0
60.625	0	0	0	0	0	0
60.875	0	0	0	0	0	0
61.125	0	0	0	0	0	0
61.375	0	0	0	0	0	0
61.625	0	0	0	0	0	0
61.875	0	0	0	0	0	0
62.125	0	0	0	0	0	0
62.375	0	0	0	0	0	0
62.625	0	0	0	0	0	0
62.875	0	0	0	0	0	0
63.125	0	0	0	0	0	0
63.375	0	0	0	0	0	0
63.625	0	0	0	0	0	0
63.875	0	0	0	0	0	0
64.125	0	0	0	0	0	0
64.375	0	0	0	0	0	0
64.625	0	0	0	0	0	0
64.875	0	0	0	0	0	0
65.125	0	0	0	0	0	0
65.375	0	0	0	0	0	0
65.625	0	0	0	0	0	0
65.875	0	0	0	0	0	0
66.125	0	0	0	0	0	0
66.375	0	0	0	0	0	0
66.625	0	0	0	0	0	0
66.875	0	0	0	0	0	0
67.125	0	0	0	0	0	0
67.375	0	0	0	0	0	0
67.625	0	0	0	0	0	0
67.875	0	0	0	0	0	0
68.125	0	0	0	0	0	0
68.375	0	0	0	0	0	0
68.625	0	0	0	0	0	0
68.875	0	0	0	0	0	0
69.125	0	0	0	0	0	0
69.375	0	0	0	0	0	0
69.625	0	0	0	0	0	0
69.875	0	0	0	0	0	0
70.125	0	0	0	0	0	0
70.375	0	0	0	0	0	0
70.625	0	0	0	0	0	0
70.875	0	0	0	0	0	0
71.125	0	0	0	0	0	0
71.375	0	0	0	0	0	0
71.625	0	0	0	0	0	0
71.875	0	0	0	0	0	0
72.125	0	0	0	0	0	0
72.375	0	0	0	0	0	0
72.625	0	0	0	0	0	0
72.875	0	0	0	0	0	0
73.125	0	0	0	0	0	0
73.375	0	0	0	0	0	0
73.625	0	0	0	0	0	0
73.875	0	0	0	0	0	0
74.125	0	0	0	0	0	0
74.375	0	0	0	0	0	0
74.625	0	0	0	0	0	0
74.875	0	0	0	0	0	0
75.125	0	0	0	0	0	0
75.375	0	0	0	0	0	0
75.625	0	0	0	0	0	0
75.875	0	0	0	0	0	0
76.125	0	0	0	0	0	0
76.375	0	0	0	0	0	0
76.625	0	0	0	0	0	0
76.875	0	0	0	0	0	0
77.125	0	0	0	0	0	0
77.375	0	0	0	0	0	0
77.625	0	0	0	0	0	0
77.875	0	0	0	0	0	0
78.125	0	0	0	0	0	0
78.375	0	0	0	0	0	0
78.625	0	0	0	0	0	0
78.875	0	0	0	0	0	0
79.125	0	0	0	0	0	0
79.375	0	0	0	0	0	0
79.625	0	0	0	0	0	0
79.875	0	0	0	0	0	0
80.125	0	0	0	0	0	0
80.375	0	0	0	0	0	0
80.625	0	0	0	0	0	0
80.875	0	0	0	0	0	0
81.125	0	0	0	0	0	0
81.375	0	0	0	0	0	0
81.625	0	0	0	0	0	0
81.875	0	0	0	0	0	0
82.125	0	0	0	0	0	0
82.375	0	0	0	0	0	0
82.625	0	0	0	0	0	0
82.875	0	0	0	0	0	0
83.125	0	0	0	0	0	0
83.375	0	0	0	0	0	0
83.625	0	0	0	0	0	0
83.875	0	0	0	0	0	0
84.125	0	0	0	0	0	0
84.375	0	0	0	0	0	0
84.625	0	0	0	0	0	0
84.875	0	0	0	0	0	0
85.125	0	0	0	0	0	0
85.375	0	0	0	0	0	0
85.625	0	0	0	0	0	0
85.875	0	0	0	0	0	0
86.125	0	0	0	0	0	0
86.375	0	0	0	0	0	0
86.625	0	0	0	0	0	0
86.875	0	0	0	0	0	0
87.125	0	0	0	0	0	0
87.375	0	0	0	0	0	0
87.625	0	0	0	0	0	0
87.875	0	0	0	0	0	0
88.125	0	0	0	0	0	0
88.375	0	0	0	0	0	0
88.625	0	0	0	0	0	0
88.875	0	0	0	0	0	0
89.125	0	0	0	0	0	0
89.375	0	0	0	0	0	0
89.625	0	0	0	0	0	0
89.875	0	0	0	0	0	0
90.125	0	0	0	0	0	0
90.375	0	0	0	0	0	0
90.625	0	0	0	0	0	0
90.875	0	0	0	0	0	0
91.125	0	0	0	0	0	0
91.375	0	0	0	0	0	0
91.625	0	0	0	0	0	0
91.875	0	0	0	0	0	0
92.125	0	0	0	0	0	0
92.375	0	0	0	0	0	0
92.625	0	0	0	0	0	0
92.875	0	0	0	0	0	0
93.125	0	0	0	0	0	0
93.375	0	0	0	0	0	0
93.625	0	0	0	0	0	0
93.875	0	0	0	0	0	0
94.125	0	0	0	0	0	0
94.375	0	0	0	0	0	0
94.625	0	0	0	0	0	0
94.875	0	0	0	0	0	0
95.125	0	0	0	0	0	0
95.375	0	0	0	0	0	0
95.625	0	0	0	0	0	0
95.875	0	0	0	0	0	0
96.125	0	0	0	0	0	0
96.375	0	0	0	0	0	0
96.625	0	0	0	0	0	0
96.875	0	0	0	0	0	0
97.125	0	0	0	0	0	0
97.375	0	0	0	0	0	0
97.625	0	0	0	0	0	0
97.875	0	0	0	0	0	0
98.125	0	0	0	0	0	0
98.375	0	0	0	0	0	0
98.625	0	0	0	0	0	0
98.875	0	0	0	0	0	0
99.125	0	0	0	0	0	0
99.375	0	0	0	0	0	0
99.625	0	0	0	0	0	0
99.875	0	0	0	0	0	0
100.125	0	0	0	0	0	0
100.375	0	0	0	0	0	0
100.625	0	0	0	0	0	0
100.875	0	0	0	0	0	0
101.125	0	0	0	0	0	0
101.375	0	0	0	0	0	0
101.625	0	0	0	0	0	0
101.875	0	0	0	0	0	0
102.125	0	0	0	0	0	0
102.375	0	0	0	0	0	0
102.625	0	0	0	0	0	0
102.875	0	0	0	0	0	0
103.125	0	0	0	0	0	0
103.375	0	0	0	0	0	0
103.625	0	0	0	0	0	0
103.875	0	0	0	0	0	0
104.125	0	0	0	0	0	0
104.375	0	0	0	0	0	0
104.625	0	0	0	0	0	0
104.875	0	0	0	0	0	0
105.125	0	0	0	0	0	0
105.375	0	0	0	0	0	0
105.625	0	0	0	0	0	0
105.875	0	0	0	0	0	0
106.125	0	0	0	0	0	0
106.375	0	0	0	0	0	0
106.625	0	0	0	0	0	0
106.875	0	0	0	0	0	0
107.125	0	0	0	0	0	0
107.375	0	0	0	0	0	0
107.625	0	0	0	0	0	0
107.875	0	0	0	0	0	0
108.125	0	0	0	0	0	0
108.375	0	0	0	0	0	0
108.625	0	0	0	0	0	0
108.875	0	0	0	0	0	0
109.125	0	0	0	0	0	0
109.375	0	0	0	0	0	0
109.625	0	0	0	0	0	0
109.875	0	0	0	0	0	0
110.125	0	0	0	0	0	0
110.375	0	0	0	0	0	0
110.625	0	0	0	0	0	0
110.875	0	0	0	0	0	0
111.125	0	0	0	0	0	0
111.375	0	0	0	0	0	0
111.625	0	0	0	0	0	0
111.875	0	0	0	0	0	0
112.125	0	0	0	0	0	0
112.375	0	0	0	0	0	0
112.625	0	0	0	0	0	0
112.875	0	0	0	0	0	0
113.125	0	0	0	0	0	0
113.375	0	0	0	0	0	0
113.625	0	0	0	0	0	0
113.875	0	0	0	0	0	0
114.125	0	0	0	0	0	0
114.375	0	0	0	0	0	0
114.625	0	0	0	0	0	0
114.875	0	0	0	0	0	0
115.125	0	0	0	0	0	0
115.375	0	0	0	0	0	0
115.625	0	0	0	0	0	0
115.875	0	0	0	0	0	0
116.125	0	0	0	0	0	0
116.375	0	0	0	0	0	0
116.625	0	0	0	0	0	0
116.875	0	0	0	0	0	0
117.125	0	0	0	0	0	0
117.375	0	0	0	0	0	0
117.625	0	0	0	0	0	0
117.875	0	0	0	0	0	0
118.125	0	0	0	0	0	0
118.375	0	0	0	0	0	0
118.625	0	0	0	0	0	0
118.875	0	0	0	0	0	0
119.125	0	0	0	0	0	0
119.375	0	0	0	0	0	0
119.625	0	0	0	0	0	0
119.875	0	0	0	0	0	0
120.125	0	0	0	0	0	0
120.375	0	0	0	0	0	0
120.625	0	0	0	0	0	0
120.875	0	0	0	0	0	0
121.125	0	0	0	0	0	0
121.375	0	0	0	0	0	0
121.625	0	0	0	0	0	0
121.875	0	0	0	0	0	0
122.125	0	0	0	0	0	0
122.375	0	0	0	0	0	0
122.625	0	0	0	0	0	0
122.875	0	0	0	0	0	0
123.125	0	0	0	0	0	0
123.375	0	0	0	0	0	0
123.625	0	0	0	0	0	0
123.875	0	0	0	0	0	0
124.125	0	0	0	0	0	0
124.375	0	0	0	0	0	0
124.625	0	0	0	0	0	0
124.875	0	0	0	0	0	0
125.125	0	0	0	0	0	0
