0.125	3.25387e-15	6.1111e-13	0	2.14835e-14	5.93021e-13	0
0.375	1.4213e-14	1.85856e-12	0	1.01299e-13	5.7013e-12	0
0.625	2.80637e-14	2.27057e-12	0	1.85152e-13	1.59611e-11	0
0.875	2.28002e-14	2.4409e-12	0	2.44135e-13	2.46806e-11	0
1.125	2.28601e-14	2.58351e-12	0	3.10761e-13	3.02706e-11	0
1.375	2.58981e-14	2.50509e-12	0	2.66458e-13	3.31396e-11	0
1.625	2.57518e-14	2.6114e-12	0	2.69432e-13	3.75134e-11	0
1.875	2.47954e-14	2.51547e-12	0	2.66316e-13	4.25082e-11	0
2.125	2.18293e-14	2.46036e-12	0	2.6928e-13	4.85225e-11	0
2.375	2.15065e-14	2.5479e-12	0	2.21881e-13	4.83433e-11	0
2.625	2.68454e-14	2.43969e-12	0	2.32988e-13	4.54076e-11	0
2.875	2.27413e-14	2.3216e-12	0	1.5539e-13	3.96038e-11	0
3.125	1.76559e-14	2.22671e-12	0	1.68322e-13	3.50458e-11	0
3.375	2.55796e-14	1.97775e-12	0	1.72845e-13	2.88456e-11	0
3.625	1.77017e-14	1.67436e-12	0	1.70656e-13	2.13184e-11	0
3.875	1.72618e-14	1.70933e-12	0	1.16031e-13	1.40881e-11	0
4.125	2.02892e-14	1.58908e-12	0	1.4117e-13	9.64014e-12	0
4.375	1.67179e-14	1.65752e-12	0	1.39088e-13	7.0301e-12	0
4.625	2.11534e-14	1.7064e-12	0	1.11893e-13	5.02804e-12	0
4.875	1.774e-14	1.73096e-12	0	7.28459e-14	3.83658e-12	0
5.125	1.48803e-14	1.81563e-12	0	6.21317e-14	3.13529e-12	0
5.375	2.65332e-14	1.66125e-12	0	6.14748e-14	2.45004e-12	0
5.625	1.53794e-14	1.53929e-12	0	5.97765e-14	1.95821e-12	0
5.875	1.50985e-14	1.32483e-12	0	3.24611e-14	1.48698e-12	0
6.125	2.11858e-14	1.02661e-12	0	2.63957e-14	1.12499e-12	0
6.375	1.18649e-14	9.42424e-13	0	3.42813e-14	1.06655e-12	0
6.625	1.25447e-14	8.97334e-13	0	3.92418e-14	9.13018e-13	0
6.875	9.42554e-15	7.24135e-13	0	2.78827e-14	6.52985e-13	0
7.125	1.49393e-14	5.7584e-13	0	2.40224e-14	6.23457e-13	0
7.375	1.35937e-14	6.05023e-13	0	3.27408e-14	6.18513e-13	0
7.625	1.3553e-14	5.47322e-13	0	1.46329e-14	5.60314e-13	0
7.875	1.26099e-14	5.29388e-13	0	1.91973e-14	5.86291e-13	0
8.125	1.34382e-14	4.13449e-13	0	1.24784e-14	5.42155e-13	0
8.375	1.24383e-14	4.71809e-13	0	1.25505e-14	5.3214e-13	0
8.625	8.56768e-15	3.84534e-13	0	1.24605e-14	4.55388e-13	0
8.875	1.46279e-14	4.21855e-13	0	1.78358e-14	4.44985e-13	0
9.125	1.8466e-14	3.57734e-13	0	1.25734e-14	3.89435e-13	0
9.375	8.53746e-15	4.28761e-13	0	1.62664e-14	4.06226e-13	0
9.625	5.9282e-15	3.3209e-13	0	1.11019e-14	3.72412e-13	0
9.875	8.94307e-15	3.00076e-13	0	6.81941e-15	4.43545e-13	0
10.125	8.96022e-15	3.02337e-13	0	1.00313e-14	3.86145e-13	0
10.375	6.80019e-15	3.10211e-13	0	1.2308e-14	3.71363e-13	0
10.625	7.72022e-15	3.07543e-13	0	2.73664e-14	3.3682e-13	0
10.875	1.20082e-14	3.1204e-13	0	7.21655e-15	2.54177e-13	0
11.125	8.18044e-15	2.39756e-13	0	8.22006e-15	2.83968e-13	0
11.375	7.21336e-15	2.05949e-13	0	7.63143e-15	2.7544e-13	0
11.625	8.19045e-15	2.47736e-13	0	1.48119e-14	2.87217e-13	0
11.875	9.50883e-15	2.51444e-13	0	2.95313e-15	2.50907e-13	0
12.125	7.10154e-15	2.4226e-13	0	3.48321e-15	2.21653e-13	0
12.375	6.99685e-15	1.86439e-13	0	7.70896e-15	2.73335e-13	0
12.625	8.81149e-15	2.5219e-13	0	5.38347e-15	1.66435e-13	0
12.875	7.31942e-15	2.76708e-13	0	2.48664e-15	2.99976e-13	0
13.125	8.5463e-15	1.50446e-13	0	1.56371e-15	2.14175e-13	0
13.375	1.27804e-14	1.86573e-13	0	5.72184e-15	2.41608e-13	0
13.625	4.44772e-15	1.54814e-13	0	4.84221e-15	1.54062e-13	0
13.875	3.8732e-15	2.28746e-13	0	4.67303e-15	2.00197e-13	0
14.125	5.03564e-15	2.49925e-13	0	3.72429e-15	2.2219e-13	0
14.375	5.8445e-15	1.63671e-13	0	2.47413e-15	1.59863e-13	0
14.625	4.68698e-15	1.70011e-13	0	3.67258e-15	1.42535e-13	0
14.875	6.66173e-15	1.47594e-13	0	5.58296e-15	1.80613e-13	0
15.125	4.16889e-15	1.19757e-13	0	1.12303e-15	9.19162e-14	0
15.375	3.61933e-15	1.24628e-13	0	4.2893e-15	1.05865e-13	0
15.625	5.49812e-15	1.39574e-13	0	5.10057e-15	8.86737e-14	0
15.875	5.93624e-15	1.56504e-13	0	2.17839e-15	9.64357e-14	0
16.125	1.40381e-14	2.02644e-13	0	3.5483e-15	1.34958e-13	0
16.375	4.73617e-15	1.57534e-13	0	1.82416e-15	1.46105e-13	0
16.625	7.76911e-15	1.63168e-13	0	2.66874e-15	1.4638e-13	0
16.875	7.67478e-15	1.42579e-13	0	5.25371e-15	6.56674e-14	0
17.125	8.31743e-15	1.49064e-13	0	6.73959e-16	8.48695e-14	0
17.375	1.4407e-15	1.82845e-13	0	3.52066e-15	1.11993e-13	0
17.625	2.85145e-15	1.21911e-13	0	1.44649e-15	6.33208e-14	0
17.875	2.25286e-15	1.74326e-13	0	1.47616e-15	8.12374e-14	0
18.125	4.02716e-15	9.68071e-14	0	0	6.69449e-14	0
18.375	5.47157e-15	9.73396e-14	0	5.62601e-15	1.38769e-13	0
18.625	2.03057e-15	7.01413e-14	0	0	7.51015e-14	0
18.875	7.5123e-15	1.26749e-13	0	0	7.19775e-14	0
19.125	1.66907e-15	9.76719e-14	0	0	1.07066e-13	0
19.375	2.63213e-15	9.22294e-14	0	3.03694e-15	3.51702e-14	0
19.625	2.47228e-15	9.50566e-14	0	1.84668e-15	5.56567e-14	0
19.875	7.141e-15	1.3904e-13	0	0	7.31886e-14	0
20.125	4.1979e-15	1.61805e-13	0	3.00498e-15	4.41197e-14	0
20.375	1.09464e-15	8.91816e-14	0	0	3.9832e-14	0
20.625	1.16386e-15	1.02353e-13	0	1.44314e-15	3.98362e-14	0
20.875	1.97571e-15	4.92045e-14	0	2.07982e-15	4.70546e-14	0
21.125	2.40955e-15	9.54449e-14	0	0	7.14211e-14	0
21.375	9.95508e-16	6.40561e-14	0	0	3.89537e-14	0
21.625	2.00601e-15	4.34019e-14	0	3.42965e-15	3.34469e-14	0
21.875	3.3954e-15	8.90786e-14	0	2.20961e-15	3.68967e-14	0
22.125	1.44583e-15	5.26646e-14	0	2.0797e-15	3.86538e-14	0
22.375	2.76631e-15	1.83333e-13	0	1.26543e-15	2.24715e-14	0
22.625	0	5.33772e-14	0	2.26096e-15	2.02936e-13	0
22.875	3.83233e-15	9.21451e-14	0	0	7.53247e-14	0
23.125	0	1.13982e-13	0	1.65244e-15	3.1827e-14	0
23.375	0	4.44234e-14	0	0	2.11948e-14	0
23.625	5.31849e-15	9.22111e-14	0	0	3.70906e-14	0
23.875	2.50819e-15	1.07346e-13	0	1.39519e-15	2.62738e-14	0
24.125	7.2267e-15	4.03524e-14	0	0	2.51014e-14	0
24.375	1.20433e-15	1.47217e-13	0	0	1.21532e-13	0
24.625	3.8252e-15	4.04273e-14	0	1.61542e-15	3.19378e-14	0
24.875	7.98496e-15	4.65972e-14	0	0	2.46862e-14	0
25.125	0	1.07508e-13	0	0	2.24376e-14	0
25.375	0	3.27175e-14	0	0	1.75076e-14	0
25.625	2.11252e-15	1.06097e-13	0	0	7.58488e-14	0
25.875	0	5.48576e-14	0	0	7.85882e-14	0
26.125	1.80511e-15	9.90793e-14	0	0	2.23512e-14	0
26.375	0	4.16602e-14	0	0	1.23681e-14	0
26.625	0	4.73462e-14	0	1.15713e-15	2.50849e-14	0
26.875	0	3.73061e-14	0	0	1.47145e-14	0
27.125	1.65791e-15	5.01176e-14	0	2.647e-15	8.43423e-14	0
27.375	0	1.07913e-13	0	0	1.73123e-14	0
27.625	1.9665e-15	1.00463e-13	0	1.59343e-15	1.45152e-14	0
27.875	0	4.54118e-14	0	0	1.69056e-14	0
28.125	2.3023e-15	1.02928e-13	0	1.85644e-15	1.93305e-14	0
28.375	4.92922e-15	3.49772e-14	0	1.79351e-15	1.4178e-14	0
28.625	4.17783e-15	2.6683e-14	0	3.85571e-15	1.3337e-14	0
28.875	0	3.96352e-14	0	0	8.72245e-14	0
29.125	2.29029e-15	3.57304e-14	0	0	1.49525e-14	0
29.375	0	2.57771e-14	0	0	2.09136e-14	0
29.625	0	3.81007e-14	0	0	1.78897e-14	0
29.875	0	1.20202e-13	0	0	7.28707e-15	0
30.125	0	9.49958e-14	0	0	1.109e-14	0
30.375	2.63344e-15	3.25682e-14	0	8.52883e-15	1.7551e-14	0
30.625	2.45824e-15	3.3157e-14	0	0	8.90994e-15	0
30.875	0	3.75281e-14	0	0	6.48089e-15	0
31.125	1.67057e-15	3.55136e-14	0	0	1.05572e-14	0
31.375	2.00179e-15	3.47566e-14	0	2.22079e-15	2.14651e-14	0
31.625	0	2.17246e-14	0	0	1.62884e-14	0
31.875	2.28992e-15	1.15272e-13	0	0	5.53124e-15	0
32.125	8.27831e-15	3.22605e-14	0	0	4.22343e-15	0
32.375	2.07821e-15	2.5629e-14	0	0	5.68868e-15	0
32.625	0	3.17971e-14	0	0	2.89864e-15	0
32.875	0	3.81743e-14	0	0	1.46721e-14	0
33.125	0	3.12781e-14	0	0	7.42929e-15	0
33.375	0	3.02723e-14	0	0	4.52928e-15	0
33.625	0	2.60796e-14	0	0	9.21471e-15	0
33.875	0	2.65319e-14	0	0	1.56113e-15	0
34.125	0	1.42105e-14	0	0	6.3322e-15	0
34.375	0	2.2427e-14	0	0	6.43554e-15	0
34.625	0	3.25424e-14	0	0	4.87922e-15	0
34.875	2.34067e-15	3.96206e-14	0	0	9.90018e-15	0
35.125	0	2.34624e-14	0	0	5.00682e-15	0
35.375	4.5896e-15	2.20714e-14	0	5.13674e-15	6.78922e-15	0
35.625	0	1.32552e-13	0	0	6.87074e-15	0
35.875	0	2.09791e-14	0	0	3.51564e-15	0
36.125	0	2.12649e-14	0	0	1.76833e-15	0
36.375	0	2.51529e-14	0	0	3.59577e-15	0
36.625	0	2.18476e-14	0	0	1.45852e-14	0
36.875	0	1.29128e-14	0	4.6759e-15	1.85517e-15	0
37.125	0	2.24329e-14	0	0	3.73835e-15	0
37.375	0	2.46399e-14	0	0	1.90082e-15	0
37.625	0	7.6944e-15	0	0	1.92748e-15	0
37.875	0	2.9257e-14	0	0	1.94117e-15	0
38.125	0	2.76086e-14	0	0	7.87772e-15	0
38.375	0	2.40735e-14	0	0	5.99581e-15	0
38.625	0	1.41736e-14	0	0	2.03957e-15	0
38.875	0	2.46102e-14	0	0	4.10706e-15	0
39.125	0	1.49385e-14	0	0	1.04169e-14	0
39.375	0	1.05365e-14	0	0	8.39729e-15	0
39.625	4.31127e-15	1.91679e-14	0	0	0	0
39.875	0	1.08031e-14	0	0	4.30313e-15	0
40.125	0	8.74132e-15	0	0	4.3955e-15	0
40.375	0	2.65991e-14	0	0	0	0
40.625	0	1.34666e-14	0	0	0	0
40.875	0	1.36356e-14	0	0	6.81932e-15	0
41.125	0	1.60419e-14	0	0	4.60416e-15	0
41.375	0	2.32423e-14	0	0	2.31281e-15	0
41.625	0	1.2962e-14	0	0	2.36008e-15	0
41.875	0	1.19072e-14	0	0	2.39038e-15	0
42.125	0	4.84515e-15	0	0	9.64829e-15	0
42.375	0	1.21771e-14	0	0	0	0
42.625	0	7.42059e-15	0	0	2.47694e-15	0
42.875	0	1.49561e-14	0	0	0	0
43.125	0	7.57629e-15	0	0	2.53871e-15	0
43.375	0	2.29486e-14	0	0	0	0
43.625	0	1.29095e-14	0	0	0	0
43.875	0	1.31156e-14	0	0	0	0
44.125	0	7.92267e-15	0	0	2.64491e-15	0
44.375	0	1.86872e-14	0	0	2.6768e-15	0
44.625	0	1.35486e-14	0	0	0	0
44.875	0	5.45788e-15	0	0	0	0
45.125	0	1.10652e-14	0	0	2.75893e-15	0
45.375	5.23578e-15	1.68154e-14	0	0	0	0
45.625	0	2.83474e-15	0	0	5.63564e-15	0
45.875	0	2.86589e-15	0	0	2.87177e-15	0
46.125	0	8.65448e-15	0	0	0	0
46.375	0	8.76e-15	0	0	0	0
46.625	0	5.89565e-15	0	0	2.9373e-15	0
46.875	0	8.94322e-15	0	0	0	0
47.125	0	1.20594e-14	0	0	0	0
47.375	0	6.08868e-15	0	0	0	0
47.625	0	9.24603e-15	0	0	0	0
47.875	0	6.19774e-15	0	0	3.12755e-15	0
48.125	0	9.4569e-15	0	0	0	0
48.375	0	0	0	0	0	0
48.625	0	1.60416e-14	0	0	0	0
48.875	6.6806e-15	9.74871e-15	0	0	0	0
49.125	0	0	0	0	0	0
49.375	0	6.62004e-15	0	0	0	0
49.625	0	3.3616e-15	0	0	0	0
49.875	0	1.01185e-14	0	0	3.37383e-15	0
50.125	0	0	0	0	0	0
50.375	0	0	0	0	0	0
50.625	0	0	0	0	0	0
50.875	0	0	0	0	0	0
51.125	0	3.53552e-15	0	0	0	0
51.375	0	0	0	0	0	0
51.625	0	7.23728e-15	0	0	0	0
51.875	0	3.64231e-15	0	0	0	0
52.125	0	3.67664e-15	0	0	0	0
52.375	0	3.72764e-15	0	0	0	0
52.625	0	3.76697e-15	0	0	0	0
52.875	0	7.61004e-15	0	0	0	0
53.125	0	3.85063e-15	0	0	0	0
53.375	0	7.75109e-15	0	0	0	0
53.625	0	0	0	0	0	0
53.875	0	3.94132e-15	0	0	0	0
54.125	0	0	0	0	0	0
54.375	0	4.00332e-15	0	0	0	0
54.625	0	0	0	0	0	0
54.875	0	0	0	0	0	0
55.125	0	4.14005e-15	0	0	0	0
55.375	0	0	0	0	0	0
55.625	0	0	0	0	0	0
55.875	0	4.25874e-15	0	0	0	0
56.125	0	0	0	0	0	0
56.375	0	0	0	0	0	0
56.625	0	0	0	0	0	0
56.875	0	8.80331e-15	0	0	0	0
57.125	0	4.4194e-15	0	0	0	0
57.375	0	0	0	0	0	0
57.625	0	4.52797e-15	0	0	0	0
57.875	0	0	0	0	0	0
58.125	0	0	0	0	0	0
58.375	0	0	0	0	0	0
58.625	0	0	0	0	0	0
58.875	0	0	0	0	0	0
59.125	0	0	0	0	0	0
59.375	0	0	0	0	4.77287e-15	0
59.625	0	4.81204e-15	0	0	0	0
59.875	0	0	0	0	0	0
60.125	0	0	0	0	0	0
60.375	0	0	0	0	0	0
60.625	0	0	0	0	0	0
60.875	0	0	0	0	5.05031e-15	0
61.125	0	0	0	0	0	0
61.375	0	0	0	0	0	0
61.625	0	0	0	0	0	0
61.875	0	0	0	0	0	0
62.125	0	0	0	0	0	0
62.375	0	0	0	0	0	0
62.625	0	1.06582e-14	0	0	0	0
62.875	0	0	0	0	0	0
63.125	0	0	0	0	0	0
63.375	0	0	0	0	0	0
63.625	0	0	0	0	0	0
63.875	0	1.10995e-14	0	0	0	0
64.125	0	5.57558e-15	0	0	0	0
64.375	0	5.64327e-15	0	0	0	0
64.625	0	0	0	0	0	0
64.875	0	0	0	0	0	0
65.125	0	0	0	0	0	0
65.375	0	0	0	0	0	0
65.625	0	5.85152e-15	0	7.52521e-15	0	0
65.875	0	0	0	0	0	0
66.125	0	0	0	0	0	0
66.375	0	0	0	0	0	0
66.625	0	0	0	0	0	0
66.875	0	0	0	0	0	0
67.125	0	0	0	0	0	0
67.375	0	0	0	0	0	0
67.625	0	0	0	0	0	0
67.875	0	0	0	0	0	0
68.125	0	0	0	0	0	0
68.375	0	0	0	0	0	0
68.625	0	0	0	0	0	0
68.875	0	0	0	0	0	0
69.125	0	0	0	0	0	0
69.375	0	0	0	0	0	0
69.625	0	0	0	0	0	0
69.875	0	0	0	0	0	0
70.125	0	0	0	0	0	0
70.375	0	0	0	0	0	0
70.625	0	0	0	0	0	0
70.875	0	6.84381e-15	0	0	0	0
71.125	0	0	0	0	0	0
71.375	0	0	0	0	0	0
71.625	0	0	0	0	0	0
71.875	0	0	0	0	0	0
72.125	0	0	0	0	0	0
72.375	0	7.14165e-15	0	0	0	0
72.625	0	0	0	0	0	0
72.875	0	0	0	0	0	0
73.125	0	0	0	0	0	0
73.375	0	0	0	0	0	0
73.625	0	0	0	0	0	0
73.875	0	0	0	0	0	0
74.125	0	0	0	0	0	0
74.375	0	0	0	0	0	0
74.625	0	0	0	0	0	0
74.875	0	7.61853e-15	0	0	0	0
75.125	0	0	0	0	0	0
75.375	0	0	0	0	0	0
75.625	0	0	0	0	0	0
75.875	0	0	0	0	0	0
76.125	0	0	0	0	0	0
76.375	0	0	0	0	0	0
76.625	0	0	0	0	0	0
76.875	0	0	0	0	0	0
77.125	0	0	0	0	0	0
77.375	0	0	0	0	0	0
77.625	0	0	0	0	0	0
77.875	0	0	0	0	0	0
78.125	0	0	0	0	0	0
78.375	0	0	0	0	0	0
78.625	0	0	0	0	0	0
78.875	0	0	0	0	0	0
79.125	0	0	0	0	0	0
79.375	0	0	0	0	0	0
79.625	0	0	0	0	0	0
79.875	0	0	0	0	0	0
80.125	0	0	0	0	0	0
80.375	0	0	0	0	0	0
80.625	0	0	0	0	0	0
80.875	0	0	0	0	0	0
81.125	0	0	0	0	0	0
81.375	0	0	0	0	0	0
81.625	0	0	0	0	0	0
81.875	0	0	0	0	0	0
82.125	0	0	0	0	0	0
82.375	0	0	0	0	0	0
82.625	0	0	0	0	0	0
82.875	0	0	0	0	0	0
83.125	0	0	0	0	0	0
83.375	0	0	0	0	0	0
83.625	0	0	0	0	0	0
83.875	0	0	0	0	0	0
84.125	0	0	0	0	0	0
84.375	0	0	0	0	0	0
84.625	0	0	0	0	0	0
84.875	0	0	0	0	0	0
85.125	0	0	0	0	0	0
85.375	0	0	0	0	0	0
85.625	0	0	0	0	0	0
85.875	0	0	0	0	0	0
86.125	0	0	0	0	0	0
86.375	0	0	0	0	0	0
86.625	0	0	0	0	0	0
86.875	0	0	0	0	0	0
87.125	0	0	0	0	0	0
87.375	0	0	0	0	0	0
87.625	0	0	0	0	0	0
87.875	0	0	0	0	0	0
88.125	0	0	0	0	0	0
88.375	0	0	0	0	0	0
88.625	0	1.06546e-14	0	0	0	0
88.875	0	0	0	0	0	0
89.125	0	0	0	0	0	0
89.375	0	0	0	0	0	0
89.625	0	0	0	0	0	0
89.875	0	0	0	0	0	0
90.125	0	0	0	0	0	0
90.375	0	0	0	0	0	0
90.625	0	0	0	0	0	0
90.875	0	0	0	0	0	0
91.125	0	0	0	0	0	0
91.375	0	0	0	0	0	0
91.625	0	0	0	0	0	0
91.875	0	0	0	0	0	0
92.125	0	0	0	0	0	0
92.375	0	0	0	0	0	0
92.625	0	0	0	0	0	0
92.875	0	0	0	0	0	0
93.125	0	0	0	0	0	0
93.375	0	0	0	0	0	0
93.625	0	0	0	0	0	0
93.875	0	0	0	0	0	0
94.125	0	0	0	0	0	0
94.375	0	0	0	0	0	0
94.625	0	0	0	0	0	0
94.875	0	0	0	0	0	0
95.125	0	0	0	0	0	0
95.375	0	0	0	0	0	0
95.625	0	0	0	0	0	0
95.875	0	0	0	0	0	0
96.125	0	0	0	0	0	0
96.375	0	0	0	0	0	0
96.625	0	0	0	0	0	0
96.875	0	0	0	0	0	0
97.125	0	0	0	0	0	0
97.375	0	0	0	0	0	0
97.625	0	0	0	0	0	0
97.875	0	0	0	0	0	0
98.125	0	0	0	0	0	0
98.375	0	0	0	0	0	0
98.625	0	0	0	0	0	0
98.875	0	0	0	0	0	0
99.125	0	0	0	0	0	0
99.375	0	0	0	0	0	0
99.625	0	0	0	0	0	0
99.875	0	0	0	0	0	0
100.125	0	0	0	0	0	0
100.375	0	0	0	0	0	0
100.625	0	0	0	0	0	0
100.875	0	0	0	0	0	0
101.125	0	0	0	0	0	0
101.375	0	0	0	0	0	0
101.625	0	0	0	0	0	0
101.875	0	0	0	0	0	0
102.125	0	0	0	0	0	0
102.375	0	0	0	0	0	0
102.625	0	0	0	0	0	0
102.875	0	0	0	0	0	0
103.125	0	0	0	0	0	0
103.375	0	0	0	0	0	0
103.625	0	0	0	0	0	0
103.875	0	0	0	0	0	0
104.125	0	0	0	0	0	0
104.375	0	0	0	0	0	0
104.625	0	0	0	0	0	0
104.875	0	0	0	0	0	0
105.125	0	0	0	0	0	0
105.375	0	0	0	0	0	0
105.625	0	0	0	0	0	0
105.875	0	0	0	0	0	0
106.125	0	0	0	0	0	0
106.375	0	0	0	0	0	0
106.625	0	0	0	0	0	0
106.875	0	0	0	0	0	0
107.125	0	0	0	0	0	0
107.375	0	0	0	0	0	0
107.625	0	0	0	0	0	0
107.875	0	0	0	0	0	0
108.125	0	0	0	0	0	0
108.375	0	0	0	0	0	0
108.625	0	0	0	0	0	0
108.875	0	0	0	0	0	0
109.125	0	0	0	0	0	0
109.375	0	0	0	0	0	0
109.625	0	0	0	0	0	0
109.875	0	0	0	0	0	0
110.125	0	0	0	0	0	0
110.375	0	0	0	0	0	0
110.625	0	0	0	0	0	0
110.875	0	0	0	0	0	0
111.125	0	0	0	0	0	0
111.375	0	0	0	0	0	0
111.625	0	0	0	0	0	0
111.875	0	0	0	0	0	0
112.125	0	0	0	0	0	0
112.375	0	0	0	0	0	0
112.625	0	0	0	0	0	0
112.875	0	0	0	0	0	0
113.125	0	0	0	0	0	0
113.375	0	0	0	0	0	0
113.625	0	0	0	0	0	0
113.875	0	0	0	0	0	0
114.125	0	0	0	0	0	0
114.375	0	0	0	0	0	0
114.625	0	0	0	0	0	0
114.875	0	0	0	0	0	0
115.125	0	0	0	0	0	0
115.375	0	0	0	0	0	0
115.625	0	0	0	0	0	0
115.875	0	0	0	0	0	0
116.125	0	0	0	0	0	0
116.375	0	0	0	0	0	0
116.625	0	0	0	0	0	0
116.875	0	0	0	0	0	0
117.125	0	0	0	0	0	0
117.375	0	0	0	0	0	0
117.625	0	0	0	0	0	0
117.875	0	0	0	0	0	0
118.125	0	0	0	0	0	0
118.375	0	0	0	0	0	0
118.625	0	0	0	0	0	0
118.875	0	0	0	0	0	0
119.125	0	0	0	0	0	0
119.375	0	0	0	0	0	0
119.625	0	0	0	0	0	0
119.875	0	0	0	0	0	0
120.125	0	0	0	0	0	0
120.375	0	0	0	0	0	0
120.625	0	0	0	0	0	0
120.875	0	0	0	0	0	0
121.125	0	0	0	0	0	0
121.375	0	0	0	0	0	0
121.625	0	0	0	0	0	0
121.875	0	0	0	0	0	0
122.125	0	0	0	0	0	0
122.375	0	0	0	0	0	0
122.625	0	0	0	0	0	0
122.875	0	0	0	0	0	0
123.125	0	0	0	0	0	0
123.375	0	0	0	0	0	0
123.625	0	0	0	0	0	0
123.875	0	0	0	0	0	0
124.125	0	0	0	0	0	0
124.375	0	0	0	0	0	0
124.625	0	0	0	0	0	0
124.875	0	0	0	0	0	0
125.125	0	0	0	0	0	0
