0.125	2.9185e-14	4.87508e-13	0	1.01946e-15	4.31139e-13	0
0.375	1.10352e-13	5.4819e-12	0	1.07469e-14	1.40935e-12	0
0.625	1.69159e-13	1.68444e-11	0	1.6832e-14	1.67127e-12	0
0.875	2.73156e-13	2.68346e-11	0	1.65332e-14	1.84866e-12	0
1.125	2.91561e-13	3.27158e-11	0	1.73273e-14	1.94129e-12	0
1.375	3.05993e-13	3.58289e-11	0	1.44027e-14	1.98632e-12	0
1.625	2.6078e-13	4.00478e-11	0	1.50457e-14	1.99197e-12	0
1.875	2.82445e-13	4.51714e-11	0	1.1407e-14	1.91962e-12	0
2.125	2.33485e-13	4.90311e-11	0	1.09125e-14	1.84817e-12	0
2.375	2.35089e-13	4.99056e-11	0	7.30735e-15	1.78927e-12	0
2.625	2.1117e-13	4.68381e-11	0	6.57035e-15	1.85537e-12	0
2.875	1.8479e-13	4.21698e-11	0	8.84024e-15	1.7239e-12	0
3.125	1.68899e-13	3.62984e-11	0	1.21812e-14	1.55374e-12	0
3.375	1.68314e-13	2.9954e-11	0	1.25703e-14	1.54909e-12	0
3.625	1.63722e-13	2.27761e-11	0	6.5983e-15	1.23996e-12	0
3.875	1.13114e-13	1.58894e-11	0	7.59581e-15	1.30911e-12	0
4.125	1.18785e-13	1.10578e-11	0	1.09196e-14	1.17975e-12	0
4.375	9.2293e-14	7.72097e-12	0	6.26382e-15	1.31905e-12	0
4.625	8.17677e-14	6.0621e-12	0	5.6881e-15	1.388e-12	0
4.875	9.38056e-14	5.11328e-12	0	6.7689e-15	1.36818e-12	0
5.125	1.23495e-13	4.20776e-12	0	5.41078e-15	1.41725e-12	0
5.375	6.32506e-14	3.45493e-12	0	1.22003e-14	1.25917e-12	0
5.625	6.66961e-14	2.85094e-12	0	1.23125e-14	1.28158e-12	0
5.875	4.86359e-14	2.26647e-12	0	1.22489e-14	1.29753e-12	0
6.125	4.59801e-14	2.18197e-12	0	5.36167e-15	1.06705e-12	0
6.375	4.22406e-14	1.76452e-12	0	1.16521e-14	9.60687e-13	0
6.625	3.21859e-14	1.78812e-12	0	5.19015e-15	8.86103e-13	0
6.875	6.43544e-14	1.53019e-12	0	6.70821e-15	7.99478e-13	0
7.125	3.8296e-14	1.61748e-12	0	7.02989e-15	8.07677e-13	0
7.375	2.83496e-14	1.44485e-12	0	6.87313e-15	7.01676e-13	0
7.625	2.19642e-14	1.46611e-12	0	7.06991e-15	7.00855e-13	0
7.875	2.76458e-14	1.53063e-12	0	4.5291e-15	6.53145e-13	0
8.125	2.88044e-14	1.27766e-12	0	4.19274e-15	5.83799e-13	0
8.375	1.55078e-14	1.29681e-12	0	7.78162e-15	5.77995e-13	0
8.625	3.33855e-14	1.24186e-12	0	3.03951e-15	5.16567e-13	0
8.875	2.1724e-14	9.32953e-13	0	4.59724e-15	4.15304e-13	0
9.125	2.57665e-14	1.03163e-12	0	2.04846e-15	4.67081e-13	0
9.375	1.34884e-14	1.03688e-12	0	3.34411e-15	4.44972e-13	0
9.625	1.6031e-14	9.03995e-13	0	5.53179e-15	4.13759e-13	0
9.875	2.3245e-14	8.75717e-13	0	3.01953e-15	4.76943e-13	0
10.125	1.05209e-14	8.83468e-13	0	6.3972e-15	3.61745e-13	0
10.375	1.58686e-14	8.38865e-13	0	2.87905e-15	3.08921e-13	0
10.625	1.8973e-14	8.15403e-13	0	7.52724e-15	4.61752e-13	0
10.875	3.53038e-14	8.84948e-13	0	6.0882e-15	3.40694e-13	0
11.125	1.73733e-14	8.5866e-13	0	2.90657e-15	3.40927e-13	0
11.375	1.69796e-14	7.1471e-13	0	2.63909e-15	3.52446e-13	0
11.625	8.81026e-15	6.73411e-13	0	1.51394e-15	2.64598e-13	0
11.875	1.93368e-14	6.15733e-13	0	1.37481e-15	2.88222e-13	0
12.125	1.02032e-14	6.51802e-13	0	2.32113e-15	1.52201e-13	0
12.375	1.26574e-14	5.34511e-13	0	3.54573e-15	2.51345e-13	0
12.625	2.66849e-14	5.74926e-13	0	3.32381e-15	1.605e-13	0
12.875	7.51631e-15	4.90847e-13	0	3.1436e-15	2.0829e-13	0
13.125	9.63946e-15	5.63258e-13	0	2.22754e-15	1.41326e-13	0
13.375	7.72325e-15	5.43175e-13	0	1.46753e-15	1.79505e-13	0
13.625	1.00123e-14	4.32445e-13	0	3.13053e-15	3.13202e-13	0
13.875	9.0349e-15	4.77381e-13	0	1.16124e-15	1.96317e-13	0
14.125	4.53573e-15	4.6112e-13	0	1.62715e-15	1.1359e-13	0
14.375	8.84982e-15	3.58747e-13	0	2.1954e-15	2.24257e-13	0
14.625	1.10013e-14	4.5988e-13	0	1.55484e-15	1.38045e-13	0
14.875	5.05926e-15	3.80789e-13	0	2.09349e-15	1.58623e-13	0
15.125	3.77748e-15	2.76892e-13	0	2.40477e-15	1.03325e-13	0
15.375	3.78407e-15	3.71262e-13	0	2.93435e-15	1.13991e-13	0
15.625	8.90251e-15	3.72679e-13	0	2.76658e-15	1.85855e-13	0
15.875	5.98578e-15	3.67175e-13	0	8.1134e-16	2.00761e-13	0
16.125	1.15799e-14	2.74833e-13	0	3.35561e-15	6.97576e-14	0
16.375	5.18083e-15	2.38949e-13	0	1.49342e-15	2.5789e-13	0
16.625	9.12572e-15	2.33074e-13	0	1.45807e-15	8.14785e-14	0
16.875	8.12643e-15	3.84342e-13	0	1.2182e-15	1.00028e-13	0
17.125	7.50121e-15	2.08833e-13	0	3.09284e-15	1.25044e-13	0
17.375	2.57112e-15	2.80611e-13	0	7.62529e-16	1.30602e-13	0
17.625	8.21202e-15	2.37731e-13	0	9.93561e-16	7.62219e-14	0
17.875	5.67867e-15	2.20546e-13	0	1.93871e-15	7.56068e-14	0
18.125	2.42955e-15	1.57187e-13	0	0	3.23654e-14	0
18.375	2.30004e-15	2.07226e-13	0	6.44001e-16	7.80247e-14	0
18.625	3.56047e-15	1.69297e-13	0	0	4.86419e-14	0
18.875	7.21128e-15	2.52314e-13	0	3.83575e-15	5.56309e-14	0
19.125	3.55743e-15	2.05983e-13	0	1.83936e-15	5.49356e-14	0
19.375	5.86521e-15	1.35663e-13	0	7.91298e-16	8.67112e-14	0
19.625	5.86375e-15	1.40433e-13	0	1.00549e-15	5.37332e-14	0
19.875	1.07686e-14	2.66785e-13	0	0	8.85938e-14	0
20.125	3.63464e-15	1.69344e-13	0	0	5.69194e-14	0
20.375	5.14616e-15	1.39936e-13	0	0	2.2799e-14	0
20.625	2.04074e-15	1.32581e-13	0	0	8.86553e-14	0
20.875	4.6303e-15	2.11867e-13	0	0	1.78269e-14	0
21.125	8.2887e-15	1.36873e-13	0	0	1.58104e-14	0
21.375	8.75824e-16	1.02665e-13	0	0	2.95533e-14	0
21.625	4.4972e-15	1.9507e-13	0	0	1.80376e-14	0
21.875	1.02006e-15	1.68931e-13	0	1.51726e-15	2.28048e-14	0
22.125	8.17435e-16	1.32142e-13	0	1.66685e-15	1.80849e-14	0
22.375	3.04249e-15	2.2579e-13	0	0	6.65802e-14	0
22.625	3.8153e-15	8.90526e-14	0	1.47904e-15	1.49993e-14	0
22.875	1.89429e-15	1.59837e-13	0	0	1.55206e-14	0
23.125	0	1.27163e-13	0	0	1.0774e-14	0
23.375	2.60956e-15	6.29718e-14	0	3.2703e-15	6.41649e-14	0
23.625	9.49329e-16	1.26558e-13	0	1.55163e-15	6.37141e-14	0
23.875	2.1652e-15	7.71041e-14	0	0	2.15592e-14	0
24.125	8.73794e-15	1.8675e-13	0	1.32937e-15	2.549e-14	0
24.375	0	7.85808e-14	0	1.04728e-15	1.93379e-14	0
24.625	1.47306e-15	1.22516e-13	0	0	1.60508e-14	0
24.875	2.60116e-15	7.46312e-14	0	0	1.76362e-14	0
25.125	1.67182e-15	1.13989e-13	0	0	1.60282e-14	0
25.375	9.8088e-15	1.12722e-13	0	0	9.05446e-15	0
25.625	0	1.2335e-13	0	0	1.35684e-14	0
25.875	0	1.34389e-13	0	1.53841e-15	7.04334e-14	0
26.125	1.42483e-15	1.15075e-13	0	0	2.55669e-14	0
26.375	1.18716e-15	7.42444e-14	0	0	7.56378e-15	0
26.625	1.43805e-15	6.47015e-14	0	1.4489e-15	9.82138e-15	0
26.875	0	1.2152e-13	0	0	1.28836e-14	0
27.125	0	1.13836e-13	0	0	1.00947e-14	0
27.375	1.57134e-15	1.25189e-13	0	0	1.8336e-14	0
27.625	1.28388e-15	4.76079e-14	0	0	1.14568e-14	0
27.875	1.46739e-15	6.09323e-14	0	0	6.36699e-15	0
28.125	1.71887e-15	5.48776e-14	0	0	1.184e-14	0
28.375	0	6.23699e-14	0	0	1.31327e-14	0
28.625	4.3279e-15	4.11554e-14	0	0	1.22375e-14	0
28.875	2.12293e-15	5.09204e-14	0	0	1.80824e-14	0
29.125	0	5.06756e-14	0	0	1.03653e-14	0
29.375	0	1.30207e-13	0	0	8.20544e-15	0
29.625	1.58438e-15	5.60395e-14	0	0	7.16541e-15	0
29.875	3.47481e-15	5.56844e-14	0	0	1.33352e-14	0
30.125	0	4.06449e-14	0	0	8.61471e-15	0
30.375	0	5.00968e-14	0	0	7.5333e-15	0
30.625	4.44397e-15	4.84154e-14	0	0	7.64823e-15	0
30.875	2.13731e-15	1.3762e-13	0	0	8.92534e-14	0
31.125	3.50407e-15	3.28912e-14	0	0	1.18591e-14	0
31.375	0	6.14744e-14	0	0	1.06709e-14	0
31.625	0	4.47928e-14	0	0	8.16709e-15	0
31.875	0	3.0118e-14	0	0	9.663e-15	0
32.125	2.58502e-15	4.68887e-14	0	0	1.25902e-14	0
32.375	0	3.83844e-14	0	0	7.10243e-15	0
32.625	0	5.21301e-14	0	0	7.22964e-15	0
32.875	0	3.51978e-14	0	0	5.86911e-15	0
33.125	3.20608e-15	4.32115e-14	0	0	5.96259e-15	0
33.375	0	4.23262e-14	0	2.86996e-15	1.05691e-14	0
33.625	0	5.22365e-14	0	0	6.11757e-15	0
33.875	0	1.36529e-13	0	0	6.22624e-15	0
34.125	0	4.74479e-14	0	0	9.49581e-15	0
34.375	2.58739e-15	1.30307e-13	0	0	8.01134e-15	0
34.625	2.3164e-15	3.90691e-14	0	0	4.90379e-15	0
34.875	0	4.29458e-14	0	0	8.29047e-15	0
35.125	0	3.51619e-14	0	0	1.00548e-14	0
35.375	6.21711e-15	3.90715e-14	0	0	6.81612e-15	0
35.625	0	3.10536e-14	0	0	1.03176e-14	0
35.875	0	3.99029e-14	0	0	1.73929e-15	0
36.125	2.22506e-15	2.83475e-14	0	0	1.12588e-13	0
36.375	0	3.77197e-14	0	0	1.78865e-15	0
36.625	3.28598e-15	4.37612e-14	0	0	1.09425e-14	0
36.875	0	3.13731e-14	0	0	3.70602e-15	0
37.125	2.19494e-15	3.18167e-14	0	0	7.48407e-15	0
37.375	0	3.61048e-14	0	0	1.9057e-15	0
37.625	0	3.07416e-14	0	0	7.67879e-15	0
37.875	2.95258e-15	2.72727e-14	0	0	7.80027e-15	0
38.125	0	3.94634e-14	0	0	9.88477e-15	0
38.375	0	2.60052e-14	0	0	1.19854e-14	0
38.625	0	1.82272e-14	0	0	0	0
38.875	0	2.05567e-14	0	0	2.04445e-15	0
39.125	0	2.70254e-14	0	0	8.33011e-15	0
39.375	3.60846e-15	4.21192e-14	0	0	1.26397e-14	0
39.625	0	2.56169e-14	0	0	6.37279e-15	0
39.875	0	1.94091e-14	0	2.9582e-15	2.14912e-15	0
40.125	0	1.74929e-14	0	0	6.56444e-15	0
40.375	0	2.87664e-14	0	0	8.83996e-15	0
40.625	4.09833e-15	1.56636e-14	0	0	4.48871e-15	0
40.875	2.78421e-15	2.49387e-14	0	0	2.26307e-15	0
41.125	0	1.6114e-14	0	0	2.29458e-15	0
41.375	0	2.78988e-14	0	0	4.65303e-15	0
41.625	0	1.41668e-14	0	0	4.71617e-15	0
41.875	0	2.38371e-14	0	0	7.13504e-15	0
42.125	0	2.17046e-14	0	0	2.4135e-15	0
42.375	0	3.16933e-14	0	0	2.44044e-15	0
42.625	0	9.86154e-15	0	0	2.47288e-15	0
42.875	0	1.73133e-14	0	0	4.97141e-15	0
43.125	0	2.02237e-14	0	0	2.5327e-15	0
43.375	0	7.66913e-15	0	0	7.68209e-15	0
43.625	0	1.55071e-14	0	0	7.73579e-15	0
43.875	0	2.61153e-14	0	0	5.25678e-15	0
44.125	0	2.64153e-14	0	0	0	0
44.375	0	2.40817e-14	0	0	5.35109e-15	0
44.625	0	8.09999e-15	0	0	5.41226e-15	0
44.875	0	2.73251e-14	0	0	2.72481e-15	0
45.125	0	1.10522e-14	0	0	0	0
45.375	0	1.67977e-14	0	0	5.59558e-15	0
45.625	0	1.41565e-14	0	0	2.8316e-15	0
45.875	0	2.28509e-14	0	0	0	0
46.125	0	8.69412e-15	0	0	5.7732e-15	0
46.375	0	8.77122e-15	0	0	0	0
46.625	0	1.4763e-14	0	0	0	0
46.875	0	1.19304e-14	0	0	0	0
47.125	0	2.71377e-14	0	0	0	0
47.375	0	1.21975e-14	0	0	0	0
47.625	0	1.54074e-14	0	0	0	0
47.875	0	1.55842e-14	0	0	3.1254e-15	0
48.125	5.53227e-15	1.57282e-14	0	0	0	0
48.375	0	1.27052e-14	0	0	3.18104e-15	0
48.625	0	9.65e-15	0	0	0	0
48.875	0	9.73621e-15	0	0	3.25685e-15	0
49.125	0	1.96526e-14	0	0	0	0
49.375	0	6.61482e-15	0	0	3.32535e-15	0
49.625	0	6.70215e-15	0	0	0	0
49.875	0	1.35024e-14	0	0	0	0
50.125	0	3.40039e-15	0	0	0	0
50.375	0	1.37846e-14	0	0	0	0
50.625	0	1.7425e-14	0	0	0	0
50.875	0	7.03879e-15	0	0	7.01518e-15	0
51.125	0	1.42292e-14	0	0	0	0
51.375	0	3.58053e-15	0	0	3.57732e-15	0
51.625	0	1.08603e-14	0	0	0	0
51.875	0	1.82895e-14	0	0	0	0
52.125	0	7.38021e-15	0	0	0	0
52.375	0	0	0	0	3.73107e-15	0
52.625	0	1.5051e-14	0	0	0	0
52.875	0	1.14106e-14	0	0	0	0
53.125	0	1.53583e-14	0	0	0	0
53.375	0	7.75029e-15	0	0	0	0
53.625	0	3.89387e-15	0	0	0	0
53.875	0	1.18711e-14	0	0	0	0
54.125	0	7.96132e-15	0	0	0	0
54.375	0	1.20474e-14	0	0	0	0
54.625	0	8.09989e-15	0	0	0	0
54.875	0	1.63429e-14	0	0	0	0
55.125	0	1.23499e-14	0	0	0	0
55.375	0	4.15642e-15	0	0	0	0
55.625	0	4.20664e-15	0	0	0	0
55.875	0	1.27193e-14	0	0	0	0
56.125	0	1.28649e-14	0	0	0	0
56.375	0	1.29293e-14	0	0	0	0
56.625	0	8.7407e-15	0	0	0	0
56.875	0	0	0	0	0	0
57.125	0	4.43512e-15	0	0	0	0
57.375	0	4.47875e-15	0	0	0	0
57.625	5.34465e-15	1.35681e-14	0	0	0	0
57.875	0	9.0855e-15	0	0	0	0
58.125	0	1.37836e-14	0	0	0	0
58.375	0	4.63283e-15	0	0	0	0
58.625	0	9.32123e-15	0	0	0	0
58.875	0	0	0	0	0	0
59.125	0	2.37466e-14	0	0	0	0
59.375	0	9.5888e-15	0	0	0	0
59.625	0	1.93343e-14	0	0	0	0
59.875	0	4.88795e-15	0	0	0	0
60.125	0	0	0	0	0	0
60.375	0	4.94867e-15	0	0	0	0
60.625	0	5.00399e-15	0	0	4.97649e-15	0
60.875	0	0	0	0	0	0
61.125	0	1.01583e-14	0	0	0	0
61.375	0	1.53175e-14	0	0	0	0
61.625	0	1.54328e-14	0	0	0	0
61.875	0	5.21586e-15	0	0	5.21642e-15	0
62.125	0	0	0	0	0	0
62.375	0	0	0	0	0	0
62.625	0	0	0	0	0	0
62.875	0	5.35414e-15	0	0	0	0
63.125	0	1.08162e-14	0	0	0	0
63.375	0	5.4546e-15	0	0	0	0
63.625	0	0	0	0	0	0
63.875	0	0	0	0	0	0
64.125	0	5.59529e-15	0	0	0	0
64.375	0	1.12613e-14	0	0	0	0
64.625	0	1.13515e-14	0	0	0	0
64.875	0	5.70032e-15	0	0	0	0
65.125	0	0	0	0	0	0
65.375	0	0	0	0	0	0
65.625	0	0	0	0	0	0
65.875	0	5.89909e-15	0	0	0	0
66.125	0	5.91675e-15	0	0	0	0
66.375	0	1.19889e-14	0	0	0	0
66.625	0	6.04915e-15	0	0	0	0
66.875	0	6.05275e-15	0	0	0	0
67.125	0	0	0	0	0	0
67.375	0	6.17166e-15	0	0	0	0
67.625	0	0	0	0	0	0
67.875	0	1.25187e-14	0	0	0	0
68.125	0	0	0	0	0	0
68.375	0	6.34903e-15	0	0	0	0
68.625	0	0	0	0	0	0
68.875	0	0	0	0	0	0
69.125	0	0	0	0	0	0
69.375	0	0	0	0	0	0
69.625	0	0	0	0	0	0
69.875	0	0	0	0	0	0
70.125	0	0	0	0	0	0
70.375	0	0	0	0	0	0
70.625	0	6.76757e-15	0	0	0	0
70.875	0	0	0	0	0	0
71.125	0	6.87104e-15	0	0	0	0
71.375	0	6.93303e-15	0	0	0	0
71.625	0	0	0	0	0	0
71.875	0	0	0	0	0	0
72.125	0	0	0	0	0	0
72.375	0	0	0	0	0	0
72.625	0	0	0	0	0	0
72.875	0	0	0	0	0	0
73.125	0	0	0	0	0	0
73.375	0	0	0	0	0	0
73.625	0	0	0	0	0	0
73.875	0	0	0	0	0	0
74.125	0	7.47721e-15	0	0	0	0
74.375	0	7.4886e-15	0	0	0	0
74.625	0	0	0	0	0	0
74.875	0	0	0	0	0	0
75.125	0	0	0	0	0	0
75.375	0	7.73407e-15	0	0	0	0
75.625	0	0	0	0	0	0
75.875	0	0	0	0	0	0
76.125	0	0	0	0	0	0
76.375	0	0	0	0	0	0
76.625	0	7.96773e-15	0	0	0	0
76.875	0	8.01384e-15	0	0	0	0
77.125	0	0	0	0	0	0
77.375	0	0	0	0	0	0
77.625	0	0	0	0	0	0
77.875	0	0	0	0	0	0
78.125	0	0	0	0	0	0
78.375	0	0	0	0	0	0
78.625	0	0	0	0	0	0
78.875	0	0	0	0	0	0
79.125	0	8.51391e-15	0	0	0	0
79.375	0	0	0	0	0	0
79.625	0	0	0	0	0	0
79.875	0	0	0	0	0	0
80.125	0	0	0	0	0	0
80.375	0	0	0	0	0	0
80.625	0	0	0	0	0	0
80.875	0	0	0	0	0	0
81.125	0	0	0	0	0	0
81.375	0	0	0	0	0	0
81.625	0	0	0	0	0	0
81.875	0	0	0	0	0	0
82.125	0	0	0	0	0	0
82.375	0	0	0	0	0	0
82.625	0	0	0	0	0	0
82.875	0	0	0	0	0	0
83.125	0	0	0	0	0	0
83.375	0	0	0	0	0	0
83.625	0	0	0	0	0	0
83.875	0	0	0	0	0	0
84.125	0	0	0	0	0	0
84.375	0	0	0	0	0	0
84.625	0	0	0	0	0	0
84.875	0	0	0	0	0	0
85.125	0	0	0	0	0	0
85.375	0	0	0	0	0	0
85.625	0	0	0	0	0	0
85.875	0	0	0	0	0	0
86.125	0	0	0	0	0	0
86.375	0	0	0	0	0	0
86.625	0	0	0	0	0	0
86.875	0	0	0	0	0	0
87.125	0	0	0	0	0	0
87.375	0	0	0	0	0	0
87.625	0	0	0	0	0	0
87.875	0	0	0	0	0	0
88.125	0	0	0	0	0	0
88.375	0	0	0	0	0	0
88.625	0	0	0	0	0	0
88.875	0	0	0	0	0	0
89.125	0	0	0	0	0	0
89.375	0	0	0	0	0	0
89.625	0	0	0	0	0	0
89.875	0	0	0	0	0	0
90.125	0	0	0	0	0	0
90.375	0	0	0	0	0	0
90.625	0	0	0	0	0	0
90.875	0	0	0	0	0	0
91.125	0	0	0	0	0	0
91.375	0	0	0	0	0	0
91.625	0	0	0	0	0	0
91.875	0	0	0	0	0	0
92.125	0	0	0	0	0	0
92.375	0	0	0	0	0	0
92.625	0	0	0	0	0	0
92.875	0	0	0	0	0	0
93.125	0	0	0	0	0	0
93.375	0	0	0	0	0	0
93.625	0	0	0	0	0	0
93.875	0	0	0	0	0	0
94.125	0	0	0	0	0	0
94.375	0	0	0	0	0	0
94.625	0	0	0	0	0	0
94.875	0	0	0	0	0	0
95.125	0	0	0	0	0	0
95.375	0	0	0	0	0	0
95.625	0	0	0	0	0	0
95.875	0	0	0	0	0	0
96.125	0	0	0	0	0	0
96.375	0	0	0	0	0	0
96.625	0	0	0	0	0	0
96.875	0	0	0	0	0	0
97.125	0	0	0	0	0	0
97.375	0	0	0	0	0	0
97.625	0	0	0	0	0	0
97.875	0	0	0	0	0	0
98.125	0	0	0	0	0	0
98.375	0	0	0	0	0	0
98.625	0	0	0	0	0	0
98.875	0	0	0	0	0	0
99.125	0	0	0	0	0	0
99.375	0	0	0	0	0	0
99.625	0	0	0	0	0	0
99.875	0	0	0	0	0	0
100.125	0	0	0	0	0	0
100.375	0	0	0	0	0	0
100.625	0	0	0	0	0	0
100.875	0	0	0	0	0	0
101.125	0	0	0	0	0	0
101.375	0	0	0	0	0	0
101.625	0	0	0	0	0	0
101.875	0	0	0	0	0	0
102.125	0	0	0	0	0	0
102.375	0	0	0	0	0	0
102.625	0	0	0	0	0	0
102.875	0	0	0	0	0	0
103.125	0	0	0	0	0	0
103.375	0	0	0	0	0	0
103.625	0	0	0	0	0	0
103.875	0	0	0	0	0	0
104.125	0	0	0	0	0	0
104.375	0	0	0	0	0	0
104.625	0	0	0	0	0	0
104.875	0	0	0	0	0	0
105.125	0	0	0	0	0	0
105.375	0	0	0	0	0	0
105.625	0	0	0	0	0	0
105.875	0	0	0	0	0	0
106.125	0	0	0	0	0	0
106.375	0	0	0	0	0	0
106.625	0	0	0	0	0	0
106.875	0	0	0	0	0	0
107.125	0	0	0	0	0	0
107.375	0	0	0	0	0	0
107.625	0	0	0	0	0	0
107.875	0	0	0	0	0	0
108.125	0	0	0	0	0	0
108.375	0	0	0	0	0	0
108.625	0	0	0	0	0	0
108.875	0	0	0	0	0	0
109.125	0	0	0	0	0	0
109.375	0	0	0	0	0	0
109.625	0	0	0	0	0	0
109.875	0	0	0	0	0	0
110.125	0	0	0	0	0	0
110.375	0	0	0	0	0	0
110.625	0	0	0	0	0	0
110.875	0	0	0	0	0	0
111.125	0	0	0	0	0	0
111.375	0	0	0	0	0	0
111.625	0	0	0	0	0	0
111.875	0	0	0	0	0	0
112.125	0	0	0	0	0	0
112.375	0	0	0	0	0	0
112.625	0	0	0	0	0	0
112.875	0	0	0	0	0	0
113.125	0	0	0	0	0	0
113.375	0	0	0	0	0	0
113.625	0	0	0	0	0	0
113.875	0	0	0	0	0	0
114.125	0	0	0	0	0	0
114.375	0	0	0	0	0	0
114.625	0	0	0	0	0	0
114.875	0	0	0	0	0	0
115.125	0	0	0	0	0	0
115.375	0	0	0	0	0	0
115.625	0	0	0	0	0	0
115.875	0	0	0	0	0	0
116.125	0	0	0	0	0	0
116.375	0	0	0	0	0	0
116.625	0	0	0	0	0	0
116.875	0	0	0	0	0	0
117.125	0	0	0	0	0	0
117.375	0	0	0	0	0	0
117.625	0	0	0	0	0	0
117.875	0	0	0	0	0	0
118.125	0	0	0	0	0	0
118.375	0	0	0	0	0	0
118.625	0	0	0	0	0	0
118.875	0	0	0	0	0	0
119.125	0	0	0	0	0	0
119.375	0	0	0	0	0	0
119.625	0	0	0	0	0	0
119.875	0	0	0	0	0	0
120.125	0	0	0	0	0	0
120.375	0	0	0	0	0	0
120.625	0	0	0	0	0	0
120.875	0	0	0	0	0	0
121.125	0	0	0	0	0	0
121.375	0	0	0	0	0	0
121.625	0	0	0	0	0	0
121.875	0	0	0	0	0	0
122.125	0	0	0	0	0	0
122.375	0	0	0	0	0	0
122.625	0	0	0	0	0	0
122.875	0	0	0	0	0	0
123.125	0	0	0	0	0	0
123.375	0	0	0	0	0	0
123.625	0	0	0	0	0	0
123.875	0	0	0	0	0	0
124.125	0	0	0	0	0	0
124.375	0	0	0	0	0	0
124.625	0	0	0	0	0	0
124.875	0	0	0	0	0	0
125.125	0	0	0	0	0	0
