0.125	2.87074e-16	6.6838e-14	0	7.4108e-16	9.43311e-14	0
0.375	1.29901e-15	1.79064e-13	0	1.69279e-14	1.67555e-12	0
0.625	2.17338e-15	2.21085e-13	0	3.7266e-14	5.12444e-12	0
0.875	1.84932e-15	1.71789e-13	0	6.06844e-14	6.29887e-12	0
1.125	1.23693e-15	1.82033e-13	0	3.11137e-14	6.93932e-12	0
1.375	1.33725e-15	1.42563e-13	0	3.76781e-14	6.83407e-12	0
1.625	1.72219e-15	1.33129e-13	0	4.03322e-14	6.1275e-12	0
1.875	1.121e-15	1.16174e-13	0	3.83323e-14	5.25719e-12	0
2.125	9.80053e-16	1.0504e-13	0	1.42855e-14	4.42322e-12	0
2.375	7.34433e-16	9.45036e-14	0	1.25343e-14	3.52629e-12	0
2.625	9.4769e-16	1.07797e-13	0	8.15739e-15	2.78659e-12	0
2.875	6.50371e-16	7.97018e-14	0	7.73551e-15	2.40183e-12	0
3.125	6.0002e-16	6.76625e-14	0	7.54444e-15	1.82313e-12	0
3.375	4.07372e-16	6.20684e-14	0	4.33884e-15	1.64527e-12	0
3.625	3.57538e-15	4.54326e-14	0	9.5483e-16	1.33871e-12	0
3.875	3.27132e-16	4.48294e-14	0	1.14244e-15	1.0033e-12	0
4.125	5.54987e-16	4.66635e-14	0	5.58819e-15	8.52199e-13	0
4.375	1.43346e-16	3.75408e-14	0	1.14584e-14	7.9117e-13	0
4.625	2.75218e-16	4.16607e-14	0	1.19967e-14	5.88051e-13	0
4.875	1.31361e-16	3.92936e-14	0	1.25313e-15	6.08315e-13	0
5.125	0	2.15622e-14	0	7.55278e-16	4.00861e-13	0
5.375	1.04754e-16	2.81135e-14	0	7.81478e-16	3.26025e-13	0
5.625	6.08841e-16	3.51478e-14	0	2.04821e-15	2.15927e-13	0
5.875	0	1.27581e-14	0	2.83586e-16	2.30756e-13	0
6.125	0	2.93116e-15	0	2.73203e-16	1.40498e-13	0
6.375	0	2.57173e-14	0	1.06402e-15	1.38033e-13	0
6.625	0	2.51246e-14	0	0	1.08246e-13	0
6.875	4.57595e-16	9.21335e-15	0	9.91736e-16	7.32189e-14	0
7.125	0	8.66343e-15	0	0	2.79346e-14	0
7.375	2.61429e-16	1.06392e-14	0	0	3.85279e-14	0
7.625	0	9.60104e-15	0	0	2.58666e-14	0
7.875	0	2.23102e-15	0	0	2.5964e-14	0
8.125	0	1.57967e-14	0	3.63036e-16	1.6324e-14	0
8.375	0	3.51756e-15	0	8.77614e-16	6.47798e-15	0
8.625	0	2.79125e-15	0	0	6.69731e-15	0
8.875	4.44756e-16	1.17838e-14	0	0	4.89293e-15	0
9.125	0	8.01348e-16	0	0	4.93565e-15	0
9.375	0	2.36334e-15	0	0	6.59741e-15	0
9.625	0	2.52071e-16	0	4.32512e-16	5.06381e-15	0
9.875	0	1.65881e-15	0	0	5.21008e-15	0
10.125	0	1.04431e-15	0	0	4.93827e-15	0
10.375	0	1.21364e-15	0	0	3.90676e-15	0
10.625	0	1.0699e-15	0	0	3.10517e-15	0
10.875	0	1.14893e-15	0	0	2.87862e-15	0
11.125	0	1.06081e-15	0	0	4.19196e-15	0
11.375	0	1.19784e-15	0	0	2.11313e-15	0
11.625	0	9.04136e-16	0	0	2.07725e-15	0
11.875	0	1.28917e-15	0	0	8.95238e-16	0
12.125	0	0	0	0	2.2823e-15	0
12.375	0	9.11971e-16	0	0	3.74459e-15	0
12.625	0	5.00907e-16	0	0	1.87346e-15	0
12.875	0	0	0	0	1.37585e-15	0
13.125	4.91347e-16	1.37304e-15	0	0	4.99933e-16	0
13.375	0	0	0	0	5.14718e-16	0
13.625	0	2.0513e-15	0	0	5.05999e-16	0
13.875	0	9.50432e-16	0	0	5.36896e-16	0
14.125	0	1.03408e-15	0	0	5.16764e-16	0
14.375	0	1.38471e-15	0	0	5.55305e-16	0
14.625	0	1.50821e-15	0	0	0	0
14.875	0	1.10688e-15	0	0	0	0
15.125	0	5.81053e-16	0	0	5.72443e-16	0
15.375	0	5.87672e-16	0	0	5.30497e-16	0
15.625	0	0	0	0	5.97007e-16	0
15.875	0	6.16665e-16	0	0	0	0
16.125	0	5.57163e-16	0	0	0	0
16.375	0	0	0	0	6.14125e-16	0
16.625	0	0	0	0	1.27858e-15	0
16.875	0	0	0	0	6.51568e-16	0
17.125	7.59748e-16	0	0	0	0	0
17.375	0	0	0	0	0	0
17.625	0	5.42609e-16	0	0	0	0
17.875	0	0	0	0	0	0
18.125	0	1.24049e-15	0	0	0	0
18.375	0	7.04106e-16	0	0	0	0
18.625	0	1.35167e-15	0	0	0	0
18.875	0	0	0	0	0	0
19.125	0	0	0	0	0	0
19.375	0	7.20311e-16	0	0	0	0
19.625	0	0	0	0	0	0
19.875	0	0	0	0	0	0
20.125	0	0	0	0	0	0
20.375	0	7.68265e-16	0	0	0	0
20.625	0	0	0	0	0	0
20.875	0	0	0	0	0	0
21.125	0	0	0	0	0	0
21.375	0	0	0	0	0	0
21.625	0	0	0	0	0	0
21.875	0	0	0	0	0	0
22.125	0	0	0	0	0	0
22.375	0	0	0	0	0	0
22.625	0	0	0	0	0	0
22.875	0	0	0	0	0	0
23.125	0	0	0	0	0	0
23.375	0	0	0	0	0	0
23.625	0	0	0	0	0	0
23.875	0	0	0	0	0	0
24.125	0	0	0	0	0	0
24.375	0	0	0	0	0	0
24.625	0	0	0	0	0	0
24.875	0	0	0	0	0	0
25.125	0	0	0	0	0	0
25.375	0	0	0	0	0	0
25.625	0	0	0	0	0	0
25.875	0	0	0	0	0	0
26.125	0	0	0	0	0	0
26.375	0	0	0	0	0	0
26.625	0	0	0	0	0	0
26.875	0	0	0	0	0	0
27.125	0	0	0	0	0	0
27.375	0	0	0	0	0	0
27.625	0	0	0	0	0	0
27.875	0	0	0	0	0	0
28.125	0	0	0	0	0	0
28.375	0	0	0	0	0	0
28.625	0	0	0	0	0	0
28.875	0	0	0	0	0	0
29.125	0	0	0	0	0	0
29.375	0	0	0	0	0	0
29.625	0	0	0	0	0	0
29.875	0	0	0	0	0	0
30.125	0	0	0	0	0	0
30.375	0	0	0	0	0	0
30.625	0	0	0	0	0	0
30.875	0	0	0	0	0	0
31.125	0	0	0	0	0	0
31.375	0	0	0	0	0	0
31.625	0	0	0	0	0	0
31.875	0	0	0	0	0	0
32.125	0	0	0	0	0	0
32.375	0	0	0	0	0	0
32.625	0	0	0	0	0	0
32.875	0	0	0	0	0	0
33.125	0	0	0	0	0	0
33.375	0	0	0	0	0	0
33.625	0	0	0	0	0	0
33.875	0	0	0	0	0	0
34.125	0	0	0	0	0	0
34.375	0	0	0	0	0	0
34.625	0	0	0	0	0	0
34.875	0	0	0	0	0	0
35.125	0	0	0	0	0	0
35.375	0	0	0	0	0	0
35.625	0	0	0	0	0	0
35.875	0	0	0	0	0	0
36.125	0	0	0	0	0	0
36.375	0	0	0	0	0	0
36.625	0	0	0	0	0	0
36.875	0	0	0	0	0	0
37.125	0	0	0	0	0	0
37.375	0	0	0	0	0	0
37.625	0	0	0	0	0	0
37.875	0	0	0	0	0	0
38.125	0	0	0	0	0	0
38.375	0	0	0	0	0	0
38.625	0	0	0	0	0	0
38.875	0	0	0	0	0	0
39.125	0	0	0	0	0	0
39.375	0	0	0	0	0	0
39.625	0	0	0	0	0	0
39.875	0	0	0	0	0	0
40.125	0	0	0	0	0	0
40.375	0	0	0	0	0	0
40.625	0	0	0	0	0	0
40.875	0	0	0	0	0	0
41.125	0	0	0	0	0	0
41.375	0	0	0	0	0	0
41.625	0	0	0	0	0	0
41.875	0	0	0	0	0	0
42.125	0	0	0	0	0	0
42.375	0	0	0	0	0	0
42.625	0	0	0	0	0	0
42.875	0	0	0	0	0	0
43.125	0	0	0	0	0	0
43.375	0	0	0	0	0	0
43.625	0	0	0	0	0	0
43.875	0	0	0	0	0	0
44.125	0	0	0	0	0	0
44.375	0	0	0	0	0	0
44.625	0	0	0	0	0	0
44.875	0	0	0	0	0	0
45.125	0	0	0	0	0	0
45.375	0	0	0	0	0	0
45.625	0	0	0	0	0	0
45.875	0	0	0	0	0	0
46.125	0	0	0	0	0	0
46.375	0	0	0	0	0	0
46.625	0	0	0	0	0	0
46.875	0	0	0	0	0	0
47.125	0	0	0	0	0	0
47.375	0	0	0	0	0	0
47.625	0	0	0	0	0	0
47.875	0	0	0	0	0	0
48.125	0	0	0	0	0	0
48.375	0	0	0	0	0	0
48.625	0	0	0	0	0	0
48.875	0	0	0	0	0	0
49.125	0	0	0	0	0	0
49.375	0	0	0	0	0	0
49.625	0	0	0	0	0	0
49.875	0	0	0	0	0	0
50.125	0	0	0	0	0	0
50.375	0	0	0	0	0	0
50.625	0	0	0	0	0	0
50.875	0	0	0	0	0	0
51.125	0	0	0	0	0	0
51.375	0	0	0	0	0	0
51.625	0	0	0	0	0	0
51.875	0	0	0	0	0	0
52.125	0	0	0	0	0	0
52.375	0	0	0	0	0	0
52.625	0	0	0	0	0	0
52.875	0	0	0	0	0	0
53.125	0	0	0	0	0	0
53.375	0	0	0	0	0	0
53.625	0	0	0	0	0	0
53.875	0	0	0	0	0	0
54.125	0	0	0	0	0	0
54.375	0	0	0	0	0	0
54.625	0	0	0	0	0	0
54.875	0	0	0	0	0	0
55.125	0	0	0	0	0	0
55.375	0	0	0	0	0	0
55.625	0	0	0	0	0	0
55.875	0	0	0	0	0	0
56.125	0	0	0	0	0	0
56.375	0	0	0	0	0	0
56.625	0	0	0	0	0	0
56.875	0	0	0	0	0	0
57.125	0	0	0	0	0	0
57.375	0	0	0	0	0	0
57.625	0	0	0	0	0	0
57.875	0	0	0	0	0	0
58.125	0	0	0	0	0	0
58.375	0	0	0	0	0	0
58.625	0	0	0	0	0	0
58.875	0	0	0	0	0	0
59.125	0	0	0	0	0	0
59.375	0	0	0	0	0	0
59.625	0	0	0	0	0	0
59.875	0	0	0	0	0	0
60.125	0	0	0	0	0	0
60.375	0	0	0	0	0	0
60.625	0	0	0	0	0	0
60.875	0	0	0	0	0	0
61.125	0	0	0	0	0	0
61.375	0	0	0	0	0	0
61.625	0	0	0	0	0	0
61.875	0	0	0	0	0	0
62.125	0	0	0	0	0	0
62.375	0	0	0	0	0	0
62.625	0	0	0	0	0	0
62.875	0	0	0	0	0	0
63.125	0	0	0	0	0	0
63.375	0	0	0	0	0	0
63.625	0	0	0	0	0	0
63.875	0	0	0	0	0	0
64.125	0	0	0	0	0	0
64.375	0	0	0	0	0	0
64.625	0	0	0	0	0	0
64.875	0	0	0	0	0	0
65.125	0	0	0	0	0	0
65.375	0	0	0	0	0	0
65.625	0	0	0	0	0	0
65.875	0	0	0	0	0	0
66.125	0	0	0	0	0	0
66.375	0	0	0	0	0	0
66.625	0	0	0	0	0	0
66.875	0	0	0	0	0	0
67.125	0	0	0	0	0	0
67.375	0	0	0	0	0	0
67.625	0	0	0	0	0	0
67.875	0	0	0	0	0	0
68.125	0	0	0	0	0	0
68.375	0	0	0	0	0	0
68.625	0	0	0	0	0	0
68.875	0	0	0	0	0	0
69.125	0	0	0	0	0	0
69.375	0	0	0	0	0	0
69.625	0	0	0	0	0	0
69.875	0	0	0	0	0	0
70.125	0	0	0	0	0	0
70.375	0	0	0	0	0	0
70.625	0	0	0	0	0	0
70.875	0	0	0	0	0	0
71.125	0	0	0	0	0	0
71.375	0	0	0	0	0	0
71.625	0	0	0	0	0	0
71.875	0	0	0	0	0	0
72.125	0	0	0	0	0	0
72.375	0	0	0	0	0	0
72.625	0	0	0	0	0	0
72.875	0	0	0	0	0	0
73.125	0	0	0	0	0	0
73.375	0	0	0	0	0	0
73.625	0	0	0	0	0	0
73.875	0	0	0	0	0	0
74.125	0	0	0	0	0	0
74.375	0	0	0	0	0	0
74.625	0	0	0	0	0	0
74.875	0	0	0	0	0	0
75.125	0	0	0	0	0	0
75.375	0	0	0	0	0	0
75.625	0	0	0	0	0	0
75.875	0	0	0	0	0	0
76.125	0	0	0	0	0	0
76.375	0	0	0	0	0	0
76.625	0	0	0	0	0	0
76.875	0	0	0	0	0	0
77.125	0	0	0	0	0	0
77.375	0	0	0	0	0	0
77.625	0	0	0	0	0	0
77.875	0	0	0	0	0	0
78.125	0	0	0	0	0	0
78.375	0	0	0	0	0	0
78.625	0	0	0	0	0	0
78.875	0	0	0	0	0	0
79.125	0	0	0	0	0	0
79.375	0	0	0	0	0	0
79.625	0	0	0	0	0	0
79.875	0	0	0	0	0	0
80.125	0	0	0	0	0	0
80.375	0	0	0	0	0	0
80.625	0	0	0	0	0	0
80.875	0	0	0	0	0	0
81.125	0	0	0	0	0	0
81.375	0	0	0	0	0	0
81.625	0	0	0	0	0	0
81.875	0	0	0	0	0	0
82.125	0	0	0	0	0	0
82.375	0	0	0	0	0	0
82.625	0	0	0	0	0	0
82.875	0	0	0	0	0	0
83.125	0	0	0	0	0	0
83.375	0	0	0	0	0	0
83.625	0	0	0	0	0	0
83.875	0	0	0	0	0	0
84.125	0	0	0	0	0	0
84.375	0	0	0	0	0	0
84.625	0	0	0	0	0	0
84.875	0	0	0	0	0	0
85.125	0	0	0	0	0	0
85.375	0	0	0	0	0	0
85.625	0	0	0	0	0	0
85.875	0	0	0	0	0	0
86.125	0	0	0	0	0	0
86.375	0	0	0	0	0	0
86.625	0	0	0	0	0	0
86.875	0	0	0	0	0	0
87.125	0	0	0	0	0	0
87.375	0	0	0	0	0	0
87.625	0	0	0	0	0	0
87.875	0	0	0	0	0	0
88.125	0	0	0	0	0	0
88.375	0	0	0	0	0	0
88.625	0	0	0	0	0	0
88.875	0	0	0	0	0	0
89.125	0	0	0	0	0	0
89.375	0	0	0	0	0	0
89.625	0	0	0	0	0	0
89.875	0	0	0	0	0	0
90.125	0	0	0	0	0	0
90.375	0	0	0	0	0	0
90.625	0	0	0	0	0	0
90.875	0	0	0	0	0	0
91.125	0	0	0	0	0	0
91.375	0	0	0	0	0	0
91.625	0	0	0	0	0	0
91.875	0	0	0	0	0	0
92.125	0	0	0	0	0	0
92.375	0	0	0	0	0	0
92.625	0	0	0	0	0	0
92.875	0	0	0	0	0	0
93.125	0	0	0	0	0	0
93.375	0	0	0	0	0	0
93.625	0	0	0	0	0	0
93.875	0	0	0	0	0	0
94.125	0	0	0	0	0	0
94.375	0	0	0	0	0	0
94.625	0	0	0	0	0	0
94.875	0	0	0	0	0	0
95.125	0	0	0	0	0	0
95.375	0	0	0	0	0	0
95.625	0	0	0	0	0	0
95.875	0	0	0	0	0	0
96.125	0	0	0	0	0	0
96.375	0	0	0	0	0	0
96.625	0	0	0	0	0	0
96.875	0	0	0	0	0	0
97.125	0	0	0	0	0	0
97.375	0	0	0	0	0	0
97.625	0	0	0	0	0	0
97.875	0	0	0	0	0	0
98.125	0	0	0	0	0	0
98.375	0	0	0	0	0	0
98.625	0	0	0	0	0	0
98.875	0	0	0	0	0	0
99.125	0	0	0	0	0	0
99.375	0	0	0	0	0	0
99.625	0	0	0	0	0	0
99.875	0	0	0	0	0	0
100.125	0	0	0	0	0	0
100.375	0	0	0	0	0	0
100.625	0	0	0	0	0	0
100.875	0	0	0	0	0	0
101.125	0	0	0	0	0	0
101.375	0	0	0	0	0	0
101.625	0	0	0	0	0	0
101.875	0	0	0	0	0	0
102.125	0	0	0	0	0	0
102.375	0	0	0	0	0	0
102.625	0	0	0	0	0	0
102.875	0	0	0	0	0	0
103.125	0	0	0	0	0	0
103.375	0	0	0	0	0	0
103.625	0	0	0	0	0	0
103.875	0	0	0	0	0	0
104.125	0	0	0	0	0	0
104.375	0	0	0	0	0	0
104.625	0	0	0	0	0	0
104.875	0	0	0	0	0	0
105.125	0	0	0	0	0	0
105.375	0	0	0	0	0	0
105.625	0	0	0	0	0	0
105.875	0	0	0	0	0	0
106.125	0	0	0	0	0	0
106.375	0	0	0	0	0	0
106.625	0	0	0	0	0	0
106.875	0	0	0	0	0	0
107.125	0	0	0	0	0	0
107.375	0	0	0	0	0	0
107.625	0	0	0	0	0	0
107.875	0	0	0	0	0	0
108.125	0	0	0	0	0	0
108.375	0	0	0	0	0	0
108.625	0	0	0	0	0	0
108.875	0	0	0	0	0	0
109.125	0	0	0	0	0	0
109.375	0	0	0	0	0	0
109.625	0	0	0	0	0	0
109.875	0	0	0	0	0	0
110.125	0	0	0	0	0	0
110.375	0	0	0	0	0	0
110.625	0	0	0	0	0	0
110.875	0	0	0	0	0	0
111.125	0	0	0	0	0	0
111.375	0	0	0	0	0	0
111.625	0	0	0	0	0	0
111.875	0	0	0	0	0	0
112.125	0	0	0	0	0	0
112.375	0	0	0	0	0	0
112.625	0	0	0	0	0	0
112.875	0	0	0	0	0	0
113.125	0	0	0	0	0	0
113.375	0	0	0	0	0	0
113.625	0	0	0	0	0	0
113.875	0	0	0	0	0	0
114.125	0	0	0	0	0	0
114.375	0	0	0	0	0	0
114.625	0	0	0	0	0	0
114.875	0	0	0	0	0	0
115.125	0	0	0	0	0	0
115.375	0	0	0	0	0	0
115.625	0	0	0	0	0	0
115.875	0	0	0	0	0	0
116.125	0	0	0	0	0	0
116.375	0	0	0	0	0	0
116.625	0	0	0	0	0	0
116.875	0	0	0	0	0	0
117.125	0	0	0	0	0	0
117.375	0	0	0	0	0	0
117.625	0	0	0	0	0	0
117.875	0	0	0	0	0	0
118.125	0	0	0	0	0	0
118.375	0	0	0	0	0	0
118.625	0	0	0	0	0	0
118.875	0	0	0	0	0	0
119.125	0	0	0	0	0	0
119.375	0	0	0	0	0	0
119.625	0	0	0	0	0	0
119.875	0	0	0	0	0	0
120.125	0	0	0	0	0	0
120.375	0	0	0	0	0	0
120.625	0	0	0	0	0	0
120.875	0	0	0	0	0	0
121.125	0	0	0	0	0	0
121.375	0	0	0	0	0	0
121.625	0	0	0	0	0	0
121.875	0	0	0	0	0	0
122.125	0	0	0	0	0	0
122.375	0	0	0	0	0	0
122.625	0	0	0	0	0	0
122.875	0	0	0	0	0	0
123.125	0	0	0	0	0	0
123.375	0	0	0	0	0	0
123.625	0	0	0	0	0	0
123.875	0	0	0	0	0	0
124.125	0	0	0	0	0	0
124.375	0	0	0	0	0	0
124.625	0	0	0	0	0	0
124.875	0	0	0	0	0	0
125.125	0	0	0	0	0	0
