-1.   10.   10.   0.   0.   0.   0.
-0.997   9.931160484209337   9.931160484209337   0.   0.   0.   0.
-0.9939999999999999   9.862794856312104   9.862794856312104   0.   0.   0.   0.
-0.9909999999999999   9.794899854086988   9.794899854086988   0.   0.   0.   0.
-0.9879999999999999   9.727472237769649   9.727472237769649   0.   0.   0.   0.
-0.9849999999999999   9.660508789898134   9.660508789898134   0.   0.   0.   0.
-0.9819999999999999   9.59400631515933   9.59400631515933   0.   0.   0.   0.
-0.9789999999999999   9.527961640236517   9.527961640236517   0.   0.   0.   0.
-0.9759999999999999   9.46237161365793   9.46237161365793   0.   0.   0.   0.
-0.9729999999999999   9.397233105646376   9.397233105646376   0.   0.   0.   0.
-0.9699999999999999   9.33254300796991   9.33254300796991   0.   0.   0.   0.
-0.9669999999999999   9.268298233793492   9.268298233793492   0.   0.   0.   0.
-0.9639999999999999   9.204495717531711   9.204495717531711   0.   0.   0.   0.
-0.9609999999999999   9.141132414702502   9.141132414702502   0.   0.   0.   0.
-0.9579999999999999   9.078205301781856   9.078205301781856   0.   0.   0.   0.
-0.9549999999999999   9.015711376059567   9.015711376059567   0.   0.   0.   0.
-0.9519999999999999   8.953647655495936   8.953647655495936   0.   0.   0.   0.
-0.9489999999999999   8.892011178579483   8.892011178579483   0.   0.   0.   0.
-0.9459999999999999   8.830799004185626   8.830799004185626   0.   0.   0.   0.
-0.9429999999999999   8.770008211436346   8.770008211436346   0.   0.   0.   0.
-0.9399999999999999   8.709635899560805   8.709635899560805   0.   0.   0.   0.
-0.9369999999999999   8.649679187756932   8.649679187756932   0.   0.   0.   0.
-0.934   8.590135215053958   8.590135215053958   0.   0.   0.   0.
-0.931   8.531001140175895   8.531001140175895   0.   0.   0.   0.
-0.928   8.472274141405964   8.472274141405964   0.   0.   0.   0.
-0.925   8.413951416451952   8.413951416451952   0.   0.   0.   0.
-0.922   8.35603018231248   8.35603018231248   0.   0.   0.   0.
-0.919   8.298507675144225   8.298507675144225   0.   0.   0.   0.
-0.916   8.241381150130022   8.241381150130022   0.   0.   0.   0.
-0.913   8.184647881347897   8.184647881347897   0.   0.   0.   0.
-0.91   8.128305161640993   8.128305161640993   0.   0.   0.   0.
-0.907   8.072350302488382   8.072350302488382   0.   0.   0.   0.
-0.904   8.016780633876791   8.016780633876791   0.   0.   0.   0.
-0.901   7.961593504173187   7.961593504173187   0.   0.   0.   0.
-0.898   7.906786279998251   7.906786279998251   0.   0.   0.   0.
-0.895   7.852356346100717   7.852356346100717   0.   0.   0.   0.
-0.892   7.798301105232588   7.798301105232588   0.   0.   0.   0.
-0.889   7.744617978025186   7.744617978025186   0.   0.   0.   0.
-0.886   7.691304402866095   7.691304402866095   0.   0.   0.   0.
-0.883   7.638357835776907   7.638357835776907   0.   0.   0.   0.
-0.88   7.585775750291838   7.585775750291838   0.   0.   0.   0.
-0.877   7.533555637337173   7.533555637337173   0.   0.   0.   0.
-0.874   7.481695005111543   7.481695005111543   0.   0.   0.   0.
-0.871   7.430191378967014   7.430191378967014   0.   0.   0.   0.
-0.8679999999999999   7.379042301291009   7.379042301291009   0.   0.   0.   0.
-0.8649999999999999   7.32824533138904   7.32824533138904   0.   0.   0.   0.
-0.8619999999999999   7.27779804536824   7.27779804536824   0.   0.   0.   0.
-0.8589999999999999   7.227698036021703   7.227698036021703   0.   0.   0.   0.
-0.8559999999999999   7.177942912713617   7.177942912713617   0.   0.   0.   0.
-0.8529999999999999   7.128530301265194   7.128530301265194   0.   0.   0.   0.
-0.8499999999999999   7.079457843841377   7.079457843841377   0.   0.   0.   0.
-0.8469999999999999   7.030723198838334   7.030723198838334   0.   0.   0.   0.
-0.8439999999999999   6.982324040771713   6.982324040771713   0.   0.   0.   0.
-0.8409999999999999   6.93425806016569   6.93425806016569   0.   0.   0.   0.
-0.8379999999999999   6.88652296344276   6.88652296344276   0.   0.   0.   0.
-0.8349999999999999   6.839116472814292   6.839116472814292   0.   0.   0.   0.
-0.8319999999999999   6.792036326171844   6.792036326171844   0.   0.   0.   0.
-0.8289999999999999   6.745280276979218   6.745280276979218   0.   0.   0.   0.
-0.8259999999999999   6.698846094165263   6.698846094165263   0.   0.   0.   0.
-0.8229999999999999   6.652731562017412   6.652731562017412   0.   0.   0.   0.
-0.8199999999999999   6.60693448007596   6.60693448007596   0.   0.   0.   0.
-0.8169999999999999   6.561452663029053   6.561452663029053   0.   0.   0.   0.
-0.8139999999999999   6.516283940608426   6.516283940608426   0.   0.   0.   0.
-0.8109999999999999   6.47142615748583   6.47142615748583   0.   0.   0.   0.
-0.808   6.426877173170196   6.426877173170196   0.   0.   0.   0.
-0.805   6.382634861905487   6.382634861905487   0.   0.   0.   0.
-0.802   6.338697112569269   6.338697112569269   0.   0.   0.   0.
-0.799   6.295061828571976   6.295061828571976   0.   0.   0.   0.
-0.796   6.251726927756858   6.251726927756858   0.   0.   0.   0.
-0.793   6.208690342300635   6.208690342300635   0.   0.   0.   0.
-0.79   6.165950018614822   6.165950018614822   0.   0.   0.   0.
-0.787   6.123503917247735   6.123503917247735   0.   0.   0.   0.
-0.784   6.081350012787178   6.081350012787178   0.   0.   0.   0.
-0.781   6.039486293763798   6.039486293763798   0.   0.   0.   0.
-0.778   5.997910762555094   5.997910762555094   0.   0.   0.   0.
-0.775   5.956621435290104   5.956621435290104   0.   0.   0.   0.
-0.772   5.915616341754739   5.915616341754739   0.   0.   0.   0.
-0.769   5.874893525297767   5.874893525297767   0.   0.   0.   0.
-0.766   5.834451042737447   5.834451042737447   0.   0.   0.   0.
-0.763   5.794286964268811   5.794286964268811   0.   0.   0.   0.
-0.76   5.754399373371569   5.754399373371569   0.   0.   0.   0.
-0.757   5.71478636671867   5.71478636671867   0.   0.   0.   0.
-0.754   5.675446054085471   5.675446054085471   0.   0.   0.   0.
-0.751   5.636376558259544   5.636376558259544   0.   0.   0.   0.
-0.748   5.597576014951101   5.597576014951101   0.   0.   0.   0.
-0.745   5.559042572704035   5.559042572704035   0.   0.   0.   0.
-0.7419999999999999   5.520774392807573   5.520774392807573   0.   0.   0.   0.
-0.7389999999999999   5.482769649208537   5.482769649208537   0.   0.   0.   0.
-0.7359999999999999   5.445026528424211   5.445026528424211   0.   0.   0.   0.
-0.7329999999999999   5.407543229455808   5.407543229455808   0.   0.   0.   0.
-0.7299999999999999   5.370317963702527   5.370317963702527   0.   0.   0.   0.
-0.7269999999999999   5.333348954876209   5.333348954876209   0.   0.   0.   0.
-0.7239999999999999   5.296634438916577   5.296634438916577   0.   0.   0.   0.
-0.7209999999999999   5.260172663907061   5.260172663907061   0.   0.   0.   0.
-0.7179999999999999   5.223961889991198   5.223961889991198   0.   0.   0.   0.
-0.7149999999999999   5.18800038928961   5.18800038928961   0.   0.   0.   0.
-0.7119999999999999   5.152286445817564   5.152286445817564   0.   0.   0.   0.
-0.7089999999999999   5.116818355403077   5.116818355403077   0.   0.   0.   0.
-0.7059999999999999   5.081594425605604   5.081594425605604   0.   0.   0.   0.
-0.7029999999999999   5.046612975635282   5.046612975635282   0.   0.   0.   0.
-0.6999999999999999   5.011872336272722   5.011872336272722   0.   0.   0.   0.
-0.6969999999999999   4.977370849789359   4.977370849789359   0.   0.   0.   0.
-0.6939999999999999   4.943106869868353   4.943106869868353   0.   0.   0.   0.
-0.6909999999999999   4.909078761526029   4.909078761526029   0.   0.   0.   0.
-0.6879999999999999   4.875284901033862   4.875284901033862   0.   0.   0.   0.
-0.6849999999999999   4.841723675840992   4.841723675840992   0.   0.   0.   0.
-0.6819999999999999   4.808393484497284   4.808393484497284   0.   0.   0.   0.
-0.679   4.775292736576909   4.775292736576909   0.   0.   0.   0.
-0.676   4.742419852602447   4.742419852602447   0.   0.   0.   0.
-0.673   4.70977326396953   4.70977326396953   0.   0.   0.   0.
-0.67   4.677351412871982   4.677351412871982   0.   0.   0.   0.
-0.667   4.645152752227494   4.645152752227494   0.   0.   0.   0.
-0.664   4.613175745603793   4.613175745603793   0.   0.   0.   0.
-0.661   4.581418867145335   4.581418867145335   0.   0.   0.   0.
-0.658   4.549880601500485   4.549880601500485   0.   0.   0.   0.
-0.655   4.518559443749223   4.518559443749223   0.   0.   0.   0.
-0.652   4.487453899331321   4.487453899331321   0.   0.   0.   0.
-0.649   4.456562483975033   4.456562483975033   0.   0.   0.   0.
-0.646   4.425883723626266   4.425883723626266   0.   0.   0.   0.
-0.643   4.395416154378245   4.395416154378245   0.   0.   0.   0.
-0.64   4.36515832240166   4.36515832240166   0.   0.   0.   0.
-0.637   4.335108783875289   4.335108783875289   0.   0.   0.   0.
-0.634   4.305266104917106   4.305266104917106   0.   0.   0.   0.
-0.631   4.275628861515862   4.275628861515862   0.   0.   0.   0.
-0.628   4.246195639463128   4.246195639463128   0.   0.   0.   0.
-0.625   4.216965034285822   4.216965034285822   0.   0.   0.   0.
-0.622   4.187935651179183   4.187935651179183   0.   0.   0.   0.
-0.6189999999999999   4.15910610494022   4.15910610494022   0.   0.   0.   0.
-0.6159999999999999   4.130475019901613   4.130475019901613   0.   0.   0.   0.
-0.6129999999999999   4.102041029866068   4.102041029866068   0.   0.   0.   0.
-0.6099999999999999   4.073802778041127   4.073802778041127   0.   0.   0.   0.
-0.6069999999999999   4.045758916974426   4.045758916974426   0.   0.   0.   0.
-0.6039999999999999   4.017908108489399   4.017908108489399   0.   0.   0.   0.
-0.6009999999999999   3.99024902362142   3.99024902362142   0.   0.   0.   0.
-0.5979999999999999   3.962780342554394   3.962780342554394   0.   0.   0.   0.
-0.5949999999999999   3.935500754557774   3.935500754557774   0.   0.   0.   0.
-0.5919999999999999   3.908408957924019   3.908408957924019   0.   0.   0.   0.
-0.5889999999999999   3.881503659906482   3.881503659906482   0.   0.   0.   0.
-0.5859999999999999   3.854783576657717   3.854783576657717   0.   0.   0.   0.
-0.5829999999999999   3.828247433168225   3.828247433168225   0.   0.   0.   0.
-0.5799999999999999   3.801893963205611   3.801893963205611   0.   0.   0.   0.
-0.5769999999999999   3.775721909254159   3.775721909254159   0.   0.   0.   0.
-0.5739999999999999   3.749730022454834   3.749730022454834   0.   0.   0.   0.
-0.5709999999999999   3.723917062545685   3.723917062545685   0.   0.   0.   0.
-0.5679999999999999   3.698281797802661   3.698281797802661   0.   0.   0.   0.
-0.5649999999999999   3.672823004980846   3.672823004980846   0.   0.   0.   0.
-0.5619999999999999   3.647539469256077   3.647539469256077   0.   0.   0.   0.
-0.5589999999999999   3.622429984166985   3.622429984166985   0.   0.   0.   0.
-0.5559999999999999   3.597493351557422   3.597493351557422   0.   0.   0.   0.
-0.5529999999999999   3.572728381519288   3.572728381519288   0.   0.   0.   0.
-0.55   3.548133892335754   3.548133892335754   0.   0.   0.   0.
-0.547   3.523708710424872   3.523708710424872   0.   0.   0.   0.
-0.544   3.499451670283573   3.499451670283573   0.   0.   0.   0.
-0.541   3.475361614432058   3.475361614432058   0.   0.   0.   0.
-0.538   3.451437393358562   3.451437393358562   0.   0.   0.   0.
-0.535   3.427677865464504   3.427677865464504   0.   0.   0.   0.
-0.532   3.404081897010008   3.404081897010008   0.   0.   0.   0.
-0.529   3.380648362059816   3.380648362059816   0.   0.   0.   0.
-0.526   3.357376142429547   3.357376142429547   0.   0.   0.   0.
-0.523   3.334264127632349   3.334264127632349   0.   0.   0.   0.
-0.52   3.311311214825911   3.311311214825911   0.   0.   0.   0.
-0.517   3.28851630875983   3.28851630875983   0.   0.   0.   0.
-0.514   3.265878321723358   3.265878321723358   0.   0.   0.   0.
-0.511   3.243396173493492   3.243396173493492   0.   0.   0.   0.
-0.508   3.221068791283434   3.221068791283434   0.   0.   0.   0.
-0.505   3.198895109691398   3.198895109691398   0.   0.   0.   0.
-0.502   3.17687407064977   3.17687407064977   0.   0.   0.   0.
-0.499   3.155004623374626   3.155004623374626   0.   0.   0.   0.
-0.496   3.133285724315585   3.133285724315585   0.   0.   0.   0.
-0.4929999999999999   3.111716337106017   3.111716337106017   0.   0.   0.   0.
-0.4899999999999999   3.09029543251359   3.09029543251359   0.   0.   0.   0.
-0.4869999999999999   3.069021988391157   3.069021988391157   0.   0.   0.   0.
-0.4839999999999999   3.047894989627983   3.047894989627983   0.   0.   0.   0.
-0.4809999999999999   3.026913428101305   3.026913428101305   0.   0.   0.   0.
-0.4779999999999999   3.00607630262823   3.00607630262823   0.   0.   0.   0.
-0.4749999999999999   2.985382618917959   2.985382618917959   0.   0.   0.   0.
-0.4719999999999999   2.964831389524342   2.964831389524342   0.   0.   0.   0.
-0.4689999999999999   2.944421633798761   2.944421633798761   0.   0.   0.   0.
-0.4659999999999999   2.924152377843335   2.924152377843335   0.   0.   0.   0.
-0.4629999999999999   2.90402265446445   2.90402265446445   0.   0.   0.   0.
-0.4599999999999999   2.884031503126605   2.884031503126605   0.   0.   0.   0.
-0.4569999999999999   2.86417796990658   2.86417796990658   0.   0.   0.   0.
-0.454   2.844461107447915   2.844461107447915   0.   0.   0.   0.
-0.451   2.824879974915707   2.824879974915707   0.   0.   0.   0.
-0.448   2.805433637951713   2.805433637951713   0.   0.   0.   0.
-0.445   2.78612116862977   2.78612116862977   0.   0.   0.   0.
-0.442   2.766941645411511   2.766941645411511   0.   0.   0.   0.
-0.439   2.747894153102397   2.747894153102397   0.   0.   0.   0.
-0.436   2.72897778280804   2.72897778280804   0.   0.   0.   0.
-0.433   2.710191631890842   2.710191631890842   0.   0.   0.   0.
-0.4299999999999999   2.691534803926915   2.691534803926915   0.   0.   0.   0.
-0.4269999999999999   2.673006408663311   2.673006408663311   0.   0.   0.   0.
-0.4239999999999999   2.654605561975539   2.654605561975539   0.   0.   0.   0.
-0.4209999999999999   2.636331385825379   2.636331385825379   0.   0.   0.   0.
-0.4179999999999999   2.618183008218985   2.618183008218985   0.   0.   0.   0.
-0.4149999999999999   2.600159563165271   2.600159563165271   0.   0.   0.   0.
-0.4119999999999999   2.582260190634595   2.582260190634595   0.   0.   0.   0.
-0.4089999999999999   2.564484036517717   2.564484036517717   0.   0.   0.   0.
-0.4059999999999999   2.54683025258504   2.54683025258504   0.   0.   0.   0.
-0.4029999999999999   2.529297996446144   2.529297996446144   0.   0.   0.   0.
-0.3999999999999999   2.51188643150958   2.51188643150958   0.   0.   0.   0.
-0.3969999999999999   2.494594726942954   2.494594726942954   0.   0.   0.   0.
-0.3939999999999999   2.477422057633285   2.477422057633285   0.   0.   0.   0.
-0.391   2.460367604147627   2.460367604147627   0.   0.   0.   0.
-0.388   2.443430552693971   2.443430552693971   0.   0.   0.   0.
-0.385   2.426610095082415   2.426610095082415   0.   0.   0.   0.
-0.382   2.409905428686594   2.409905428686594   0.   0.   0.   0.
-0.379   2.393315756405387   2.393315756405387   0.   0.   0.   0.
-0.376   2.376840286624876   2.376840286624876   0.   0.   0.   0.
-0.373   2.360478233180577   2.360478233180577   0.   0.   0.   0.
-0.37   2.344228815319922   2.344228815319922   0.   0.   0.   0.
-0.3669999999999999   2.328091257665007   2.328091257665007   0.   0.   0.   0.
-0.3639999999999999   2.312064790175594   2.312064790175594   0.   0.   0.   0.
-0.3609999999999999   2.296148648112361   2.296148648112361   0.   0.   0.   0.
-0.3579999999999999   2.280342072000418   2.280342072000418   0.   0.   0.   0.
-0.3549999999999999   2.264644307593059   2.264644307593059   0.   0.   0.   0.
-0.3519999999999999   2.249054605835781   2.249054605835781   0.   0.   0.   0.
-0.3489999999999999   2.233572222830531   2.233572222830531   0.   0.   0.   0.
-0.3459999999999999   2.218196419800218   2.218196419800218   0.   0.   0.   0.
-0.3429999999999999   2.202926463053456   2.202926463053456   0.   0.   0.   0.
-0.3399999999999999   2.187761623949552   2.187761623949552   0.   0.   0.   0.
-0.3369999999999999   2.172701178863744   2.172701178863744   0.   0.   0.   0.
-0.3339999999999999   2.157744409152666   2.157744409152666   0.   0.   0.   0.
-0.3309999999999999   2.142890601120058   2.142890601120058   0.   0.   0.   0.
-0.3279999999999999   2.128139045982711   2.128139045982711   0.   0.   0.   0.
-0.325   2.113489039836646   2.113489039836646   0.   0.   0.   0.
-0.322   2.098939883623524   2.098939883623524   0.   0.   0.   0.
-0.319   2.084490883097288   2.084490883097288   0.   0.   0.   0.
-0.316   2.070141348791042   2.070141348791042   0.   0.   0.   0.
-0.313   2.055890595984141   2.055890595984141   0.   0.   0.   0.
-0.31   2.041737944669529   2.041737944669529   0.   0.   0.   0.
-0.307   2.027682719521282   2.027682719521282   0.   0.   0.   0.
-0.3039999999999999   2.013724249862388   2.013724249862388   0.   0.   0.   0.
-0.3009999999999999   1.999861869632744   1.999861869632744   0.   0.   0.   0.
-0.2979999999999999   1.986094917357371   1.986094917357371   0.   0.   0.   0.
-0.2949999999999999   1.972422736114853   1.972422736114853   0.   0.   0.   0.
-0.2919999999999999   1.958844673505989   1.958844673505989   0.   0.   0.   0.
-0.2889999999999999   1.945360081622662   1.945360081622662   0.   0.   0.   0.
-0.2859999999999999   1.931968317016924   1.931968317016924   0.   0.   0.   0.
-0.2829999999999999   1.918668740670289   1.918668740670289   0.   0.   0.   0.
-0.2799999999999999   1.905460717963247   1.905460717963247   0.   0.   0.   0.
-0.2769999999999999   1.892343618644975   1.892343618644975   0.   0.   0.   0.
-0.2739999999999999   1.879316816803268   1.879316816803268   0.   0.   0.   0.
-0.2709999999999999   1.866379690834669   1.866379690834669   0.   0.   0.   0.
-0.2679999999999999   1.853531623414811   1.853531623414811   0.   0.   0.   0.
-0.2649999999999999   1.840772001468955   1.840772001468955   0.   0.   0.   0.
-0.262   1.828100216142742   1.828100216142742   0.   0.   0.   0.
-0.259   1.815515662773135   1.815515662773135   0.   0.   0.   0.
-0.256   1.803017740859568   1.803017740859568   0.   0.   0.   0.
-0.253   1.790605854035294   1.790605854035294   0.   0.   0.   0.
-0.2499999999999999   1.778279410038922   1.778279410038922   0.   0.   0.   0.
-0.247   1.766037820686164   1.766037820686164   0.   0.   0.   0.
-0.2439999999999999   1.753880501841761   1.753880501841761   0.   0.   0.   0.
-0.2409999999999999   1.741806873391614   1.741806873391614   0.   0.   0.   0.
-0.2379999999999999   1.729816359215101   1.729816359215101   0.   0.   0.   0.
-0.2349999999999999   1.717908387157588   1.717908387157588   0.   0.   0.   0.
-0.2319999999999999   1.706082389003123   1.706082389003123   0.   0.   0.   0.
-0.2289999999999999   1.694337800447328   1.694337800447328   0.   0.   0.   0.
-0.2259999999999999   1.682674061070467   1.682674061070467   0.   0.   0.   0.
-0.2229999999999999   1.671090614310707   1.671090614310707   0.   0.   0.   0.
-0.2199999999999999   1.65958690743756   1.65958690743756   0.   0.   0.   0.
-0.2169999999999999   1.648162391525508   1.648162391525508   0.   0.   0.   0.
-0.214   1.636816521427808   1.636816521427808   0.   0.   0.   0.
-0.2109999999999999   1.625548755750484   1.625548755750484   0.   0.   0.   0.
-0.2079999999999999   1.614358556826486   1.614358556826486   0.   0.   0.   0.
-0.2049999999999999   1.603245390690041   1.603245390690041   0.   0.   0.   0.
-0.2019999999999999   1.59220872705117   1.59220872705117   0.   0.   0.   0.
-0.1989999999999999   1.581248039270383   1.581248039270383   0.   0.   0.   0.
-0.1959999999999999   1.570362804333552   1.570362804333552   0.   0.   0.   0.
-0.1929999999999999   1.559552502826953   1.559552502826953   0.   0.   0.   0.
-0.1899999999999999   1.548816618912481   1.548816618912481   0.   0.   0.   0.
-0.1869999999999999   1.538154640303034   1.538154640303034   0.   0.   0.   0.
-0.184   1.527566058238072   1.527566058238072   0.   0.   0.   0.
-0.1809999999999999   1.517050367459336   1.517050367459336   0.   0.   0.   0.
-0.1779999999999999   1.506607066186741   1.506607066186741   0.   0.   0.   0.
-0.1749999999999999   1.496235656094433   1.496235656094433   0.   0.   0.   0.
-0.1719999999999999   1.485935642287006   1.485935642287006   0.   0.   0.   0.
-0.1689999999999999   1.475706533275894   1.475706533275894   0.   0.   0.   0.
-0.1659999999999999   1.465547840955911   1.465547840955911   0.   0.   0.   0.
-0.1629999999999999   1.455459080581966   1.455459080581966   0.   0.   0.   0.
-0.1599999999999999   1.445439770745927   1.445439770745927   0.   0.   0.   0.
-0.1569999999999999   1.435489433353655   1.435489433353655   0.   0.   0.   0.
-0.1539999999999999   1.425607593602187   1.425607593602187   0.   0.   0.   0.
-0.151   1.415793779957081   1.415793779957081   0.   0.   0.   0.
-0.1479999999999999   1.406047524129913   1.406047524129913   0.   0.   0.   0.
-0.1449999999999999   1.396368361055937   1.396368361055937   0.   0.   0.   0.
-0.1419999999999999   1.386755828871888   1.386755828871888   0.   0.   0.   0.
-0.1389999999999999   1.377209468893946   1.377209468893946   0.   0.   0.   0.
-0.1359999999999999   1.367728825595849   1.367728825595849   0.   0.   0.   0.
-0.1329999999999999   1.358313446587154   1.358313446587154   0.   0.   0.   0.
-0.1299999999999999   1.348962882591653   1.348962882591653   0.   0.   0.   0.
-0.1269999999999999   1.339676687425935   1.339676687425935   0.   0.   0.   0.
-0.1239999999999999   1.330454417978091   1.330454417978091   0.   0.   0.   0.
-0.1209999999999999   1.321295634186575   1.321295634186575   0.   0.   0.   0.
-0.1179999999999999   1.312199899019203   1.312199899019203   0.   0.   0.   0.
-0.1149999999999999   1.303166778452299   1.303166778452299   0.   0.   0.   0.
-0.1119999999999999   1.294195841449985   1.294195841449985   0.   0.   0.   0.
-0.1089999999999999   1.285286659943615   1.285286659943615   0.   0.   0.   0.
-0.1059999999999999   1.276438808811343   1.276438808811343   0.   0.   0.   0.
-0.1029999999999999   1.267651865857845   1.267651865857845   0.   0.   0.   0.
-0.0999999999999999   1.258925411794167   1.258925411794167   0.   0.   0.   0.
-0.09699999999999997   1.25025903021772   1.25025903021772   0.   0.   0.   0.
-0.09399999999999998   1.241652307592411   1.241652307592411   0.   0.   0.   0.
-0.09099999999999998   1.233104833228909   1.233104833228909   0.   0.   0.   0.
-0.08799999999999998   1.224616199265048   1.224616199265048   0.   0.   0.   0.
-0.08499999999999997   1.216186000646367   1.216186000646367   0.   0.   0.   0.
-0.08199999999999997   1.20781383510678   1.20781383510678   0.   0.   0.   0.
-0.07899999999999998   1.199499303149378   1.199499303149378   0.   0.   0.   0.
-0.07599999999999998   1.191242008027374   1.191242008027374   0.   0.   0.   0.
-0.07299999999999998   1.183041555725164   1.183041555725164   0.   0.   0.   0.
-0.06999999999999997   1.174897554939529   1.174897554939529   0.   0.   0.   0.
-0.06699999999999997   1.166809617060962   1.166809617060962   0.   0.   0.   0.
-0.06399999999999997   1.158777356155126   1.158777356155126   0.   0.   0.   0.
-0.06099999999999997   1.150800388944435   1.150800388944435   0.   0.   0.   0.
-0.05799999999999998   1.142878334789771   1.142878334789771   0.   0.   0.   0.
-0.05499999999999997   1.135010815672314   1.135010815672314   0.   0.   0.   0.
-0.05199999999999997   1.12719745617551   1.12719745617551   0.   0.   0.   0.
-0.04899999999999998   1.119437883467151   1.119437883467151   0.   0.   0.   0.
-0.04599999999999997   1.111731727281591   1.111731727281591   0.   0.   0.   0.
-0.04299999999999998   1.104078619902073   1.104078619902073   0.   0.   0.   0.
-0.03999999999999998   1.096478196143185   1.096478196143185   0.   0.   0.   0.
-0.03699999999999997   1.088930093333433   1.088930093333433   0.   0.   0.   0.
-0.03399999999999998   1.081433951297937   1.081433951297937   0.   0.   0.   0.
-0.03099999999999997   1.073989412341244   1.073989412341244   0.   0.   0.   0.
-0.02799999999999998   1.066596121230257   1.066596121230257   0.   0.   0.   0.
-0.02499999999999998   1.059253725177288   1.059253725177288   0.   0.   0.   0.
-0.02199999999999997   1.051961873823222   1.051961873823222   0.   0.   0.   0.
-0.01899999999999997   1.0447202192208   1.0447202192208   0.   0.   0.   0.
-0.01599999999999998   1.037528415818012   1.037528415818012   0.   0.   0.   0.
-0.01299999999999998   1.030386120441616   1.030386120441616   0.   0.   0.   0.
-0.009999999999999979   1.023292992280754   1.023292992280754   0.   0.   0.   0.
-0.006999999999999979   1.016248692870695   1.016248692870695   0.   0.   0.   0.
-0.003999999999999979   1.009252886076684   1.009252886076684   0.   0.   0.   0.
-0.0009999999999999792   1.002305238077899   1.002305238077899   0.   0.   0.   0.
0.00200000000000002   0.9954054173515268   0.9954054173515268   0.   0.   0.   0.
0.00500000000000002   0.9885530946569387   0.9885530946569387   0.   0.   0.   0.
0.008000000000000021   0.9817479430199844   0.9817479430199844   0.   0.   0.   0.
0.01100000000000002   0.9749896377173868   0.9749896377173868   0.   0.   0.   0.
0.01400000000000002   0.9682778562612491   0.9682778562612491   0.   0.   0.   0.
0.01700000000000002   0.9616122783836645   0.9616122783836645   0.   0.   0.   0.
0.02000000000000002   0.9549925860214358   0.9549925860214358   0.   0.   0.   0.
0.02300000000000002   0.9484184633008971   0.9484184633008971   0.   0.   0.   0.
0.02600000000000002   0.9418895965228412   0.9418895965228412   0.   0.   0.   0.
0.02900000000000002   0.9354056741475518   0.9354056741475518   0.   0.   0.   0.
0.03200000000000002   0.9289663867799362   0.9289663867799362   0.   0.   0.   0.
0.03500000000000002   0.9225714271547631   0.9225714271547631   0.   0.   0.   0.
0.03800000000000002   0.9162204901219996   0.9162204901219996   0.   0.   0.   0.
0.04100000000000002   0.9099132726322515   0.9099132726322515   0.   0.   0.   0.
0.04400000000000002   0.9036494737223013   0.9036494737223013   0.   0.   0.   0.
0.04700000000000002   0.8974287945007484   0.8974287945007484   0.   0.   0.   0.
0.05000000000000002   0.8912509381337454   0.8912509381337454   0.   0.   0.   0.
0.05300000000000001   0.8851156098308354   0.8851156098308354   0.   0.   0.   0.
0.05600000000000002   0.8790225168308842   0.8790225168308842   0.   0.   0.   0.
0.05900000000000002   0.8729713683881116   0.8729713683881116   0.   0.   0.   0.
0.06200000000000002   0.8669618757582165   0.8669618757582165   0.   0.   0.   0.
0.06500000000000001   0.8609937521846006   0.8609937521846006   0.   0.   0.   0.
0.06800000000000001   0.8550667128846832   0.8550667128846832   0.   0.   0.   0.
0.07100000000000002   0.8491804750363138   0.8491804750363138   0.   0.   0.   0.
0.07400000000000002   0.8433347577642753   0.8433347577642753   0.   0.   0.   0.
0.07700000000000002   0.8375292821268824   0.8375292821268824   0.   0.   0.   0.
0.08000000000000001   0.8317637711026709   0.8317637711026709   0.   0.   0.   0.
0.08300000000000001   0.8260379495771785   0.8260379495771785   0.   0.   0.   0.
0.08600000000000002   0.8203515443298181   0.8203515443298181   0.   0.   0.   0.
0.08900000000000002   0.8147042840208396   0.8147042840208396   0.   0.   0.   0.
0.09200000000000002   0.8090958991783822   0.8090958991783822   0.   0.   0.   0.
0.09500000000000002   0.8035261221856171   0.8035261221856171   0.   0.   0.   0.
0.09800000000000001   0.7979946872679765   0.7979946872679765   0.   0.   0.   0.
0.101   0.7925013304804717   0.7925013304804717   0.   0.   0.   0.
0.104   0.7870457896950985   0.7870457896950985   0.   0.   0.   0.
0.107   0.7816278045883294   0.7816278045883294   0.   0.   0.   0.
0.11   0.7762471166286917   0.7762471166286917   0.   0.   0.   0.
0.113   0.7709034690644299   0.7709034690644299   0.   0.   0.   0.
0.116   0.7655966069112563   0.7655966069112563   0.   0.   0.   0.
0.119   0.7603262769401818   0.7603262769401818   0.   0.   0.   0.
0.122   0.7550922276654338   0.7550922276654338   0.   0.   0.   0.
0.125   0.7498942093324557   0.7498942093324557   0.   0.   0.   0.
0.128   0.7447319739059891   0.7447319739059891   0.   0.   0.   0.
0.131   0.7396052750582377   0.7396052750582377   0.   0.   0.   0.
0.134   0.7345138681571149   0.7345138681571149   0.   0.   0.   0.
0.137   0.7294575102545687   0.7294575102545687   0.   0.   0.   0.
0.14   0.7244359600749901   0.7244359600749901   0.   0.   0.   0.
0.143   0.7194489780036994   0.7194489780036994   0.   0.   0.   0.
0.146   0.7144963260755133   0.7144963260755133   0.   0.   0.   0.
0.149   0.7095777679633887   0.7095777679633887   0.   0.   0.   0.
0.152   0.7046930689671469   0.7046930689671469   0.   0.   0.   0.
0.155   0.6998419960022734   0.6998419960022734   0.   0.   0.   0.
0.158   0.6950243175887967   0.6950243175887967   0.   0.   0.   0.
0.161   0.6902398038402418   0.6902398038402418   0.   0.   0.   0.
0.164   0.6854882264526615   0.6854882264526615   0.   0.   0.   0.
0.167   0.6807693586937413   0.6807693586937413   0.   0.   0.   0.
0.17   0.6760829753919818   0.6760829753919818   0.   0.   0.   0.
0.173   0.6714288529259522   0.6714288529259522   0.   0.   0.   0.
0.176   0.6668067692136221   0.6668067692136221   0.   0.   0.   0.
0.179   0.6622165037017618   0.6622165037017618   0.   0.   0.   0.
0.182   0.6576578373554203   0.6576578373554203   0.   0.   0.   0.
0.185   0.6531305526474723   0.6531305526474723   0.   0.   0.   0.
0.188   0.6486344335482383   0.6486344335482383   0.   0.   0.   0.
0.191   0.6441692655151771   0.6441692655151771   0.   0.   0.   0.
0.194   0.639734835482648   0.639734835482648   0.   0.   0.   0.
0.197   0.6353309318517436   0.6353309318517436   0.   0.   0.   0.
0.2   0.6309573444801932   0.6309573444801932   0.   0.   0.   0.
0.203   0.6266138646723353   0.6266138646723353   0.   0.   0.   0.
0.206   0.6223002851691594   0.6223002851691594   0.   0.   0.   0.
0.209   0.6180164001384158   0.6180164001384158   0.   0.   0.   0.
0.212   0.6137620051647941   0.6137620051647941   0.   0.   0.   0.
0.215   0.6095368972401691   0.6095368972401691   0.   0.   0.   0.
0.218   0.6053408747539135   0.6053408747539135   0.   0.   0.   0.
0.221   0.6011737374832779   0.6011737374832779   0.   0.   0.   0.
0.224   0.5970352865838368   0.5970352865838368   0.   0.   0.   0.
0.227   0.5929253245799998   0.5929253245799998   0.   0.   0.   0.
0.23   0.5888436553555889   0.5888436553555889   0.   0.   0.   0.
0.233   0.5847900841444806   0.5847900841444806   0.   0.   0.   0.
0.236   0.580764417521312   0.580764417521312   0.   0.   0.   0.
0.239   0.5767664633922507   0.5767664633922507   0.   0.   0.   0.
0.242   0.5727960309858292   0.5727960309858292   0.   0.   0.   0.
0.245   0.5688529308438414   0.5688529308438414   0.   0.   0.   0.
0.248   0.5649369748123025   0.5649369748123025   0.   0.   0.   0.
0.251   0.5610479760324704   0.5610479760324704   0.   0.   0.   0.
0.254   0.5571857489319298   0.5571857489319298   0.   0.   0.   0.
0.257   0.5533501092157366   0.5533501092157366   0.   0.   0.   0.
0.26   0.5495408738576245   0.5495408738576245   0.   0.   0.   0.
0.263   0.5457578610912708   0.5457578610912708   0.   0.   0.   0.
0.266   0.5420008904016239   0.5420008904016239   0.   0.   0.   0.
0.269   0.5382697825162882   0.5382697825162882   0.   0.   0.   0.
0.272   0.5345643593969716   0.5345643593969716   0.   0.   0.   0.
0.275   0.5308844442309883   0.5308844442309883   0.   0.   0.   0.
0.278   0.5272298614228226   0.5272298614228226   0.   0.   0.   0.
0.281   0.5236004365857501   0.5236004365857501   0.   0.   0.   0.
0.284   0.5199959965335159   0.5199959965335159   0.   0.   0.   0.
0.287   0.5164163692720709   0.5164163692720709   0.   0.   0.   0.
0.29   0.5128613839913648   0.5128613839913648   0.   0.   0.   0.
0.293   0.5093308710571953   0.5093308710571953   0.   0.   0.   0.
0.296   0.5058246620031139   0.5058246620031139   0.   0.   0.   0.
0.299   0.5023425895223869   0.5023425895223869   0.   0.   0.   0.
0.302   0.4988844874600121   0.4988844874600121   0.   0.   0.   0.
0.305   0.4954501908047901   0.4954501908047901   0.   0.   0.   0.
0.308   0.4920395356814508   0.4920395356814508   0.   0.   0.   0.
0.311   0.4886523593428335   0.4886523593428335   0.   0.   0.   0.
0.314   0.4852885001621211   0.4852885001621211   0.   0.   0.   0.
0.317   0.4819477976251272   0.4819477976251272   0.   0.   0.   0.
0.32   0.4786300923226383   0.4786300923226383   0.   0.   0.   0.
0.323   0.4753352259428053   0.4753352259428053   0.   0.   0.   0.
0.326   0.4720630412635905   0.4720630412635905   0.   0.   0.   0.
0.329   0.4688133821452651   0.4688133821452651   0.   0.   0.   0.
0.332   0.4655860935229589   0.4655860935229589   0.   0.   0.   0.
0.335   0.4623810213992602   0.4623810213992602   0.   0.   0.   0.
0.338   0.4591980128368685   0.4591980128368685   0.   0.   0.   0.
0.341   0.4560369159512961   0.4560369159512961   0.   0.   0.   0.
0.344   0.4528975799036206   0.4528975799036206   0.   0.   0.   0.
0.347   0.4497798548932879   0.4497798548932879   0.   0.   0.   0.
0.35   0.446683592150963   0.446683592150963   0.   0.   0.   0.
0.353   0.4436086439314325   0.4436086439314325   0.   0.   0.   0.
0.356   0.4405548635065532   0.4405548635065532   0.   0.   0.   0.
0.359   0.437522105158252   0.437522105158252   0.   0.   0.   0.
0.362   0.4345102241715715   0.4345102241715715   0.   0.   0.   0.
0.365   0.4315190768277651   0.4315190768277651   0.   0.   0.   0.
0.368   0.4285485203974395   0.4285485203974395   0.   0.   0.   0.
0.371   0.4255984131337429   0.4255984131337429   0.   0.   0.   0.
0.374   0.4226686142656029   0.4226686142656029   0.   0.   0.   0.
0.377   0.4197589839910075   0.4197589839910075   0.   0.   0.   0.
0.38   0.4168693834703354   0.4168693834703354   0.   0.   0.   0.
0.383   0.4139996748197304   0.4139996748197304   0.   0.   0.   0.
0.386   0.4111497211045221   0.4111497211045221   0.   0.   0.   0.
0.389   0.4083193863326921   0.4083193863326921   0.   0.   0.   0.
0.392   0.4055085354483837   0.4055085354483837   0.   0.   0.   0.
0.395   0.402717034325459   0.402717034325459   0.   0.   0.   0.
0.398   0.3999447497610975   0.3999447497610975   0.   0.   0.   0.
0.401   0.3971915494694403   0.3971915494694403   0.   0.   0.   0.
0.404   0.3944573020752783   0.3944573020752783   0.   0.   0.   0.
0.407   0.391741877107783   0.391741877107783   0.   0.   0.   0.
0.41   0.3890451449942805   0.3890451449942805   0.   0.   0.   0.
0.413   0.3863669770540691   0.3863669770540691   0.   0.   0.   0.
0.416   0.3837072454922787   0.3837072454922787   0.   0.   0.   0.
0.419   0.381065823393773   0.381065823393773   0.   0.   0.   0.
0.422   0.3784425847170933   0.3784425847170933   0.   0.   0.   0.
0.425   0.3758374042884441   0.3758374042884441   0.   0.   0.   0.
0.428   0.3732501577957205   0.3732501577957205   0.   0.   0.   0.
0.431   0.3706807217825759   0.3706807217825759   0.   0.   0.   0.
0.434   0.3681289736425313   0.3681289736425313   0.   0.   0.   0.
0.437   0.3655947916131248   0.3655947916131248   0.   0.   0.   0.
0.44   0.3630780547701013   0.3630780547701013   0.   0.   0.   0.
0.443   0.3605786430216424   0.3605786430216424   0.   0.   0.   0.
0.446   0.358096437102636   0.358096437102636   0.   0.   0.   0.
0.449   0.3556313185689853   0.3556313185689853   0.   0.   0.   0.
0.452   0.3531831697919569   0.3531831697919569   0.   0.   0.   0.
0.455   0.3507518739525679   0.3507518739525679   0.   0.   0.   0.
0.458   0.3483373150360117   0.3483373150360117   0.   0.   0.   0.
0.461   0.3459393778261219   0.3459393778261219   0.   0.   0.   0.
0.464   0.3435579478998745   0.3435579478998745   0.   0.   0.   0.
0.467   0.3411929116219285   0.3411929116219285   0.   0.   0.   0.
0.47   0.3388441561392024   0.3388441561392024   0.   0.   0.   0.
0.473   0.3365115693754907   0.3365115693754907   0.   0.   0.   0.
0.476   0.3341950400261142   0.3341950400261142   0.   0.   0.   0.
0.479   0.3318944575526103   0.3318944575526103   0.   0.   0.   0.
0.482   0.3296097121774577   0.3296097121774577   0.   0.   0.   0.
0.485   0.3273406948788381   0.3273406948788381   0.   0.   0.   0.
0.488   0.3250872973854343   0.3250872973854343   0.   0.   0.   0.
0.491   0.3228494121712635   0.3228494121712635   0.   0.   0.   0.
0.494   0.3206269324505465   0.3206269324505465   0.   0.   0.   0.
0.497   0.3184197521726124   0.3184197521726124   0.   0.   0.   0.
0.5   0.3162277660168379   0.3162277660168379   0.   0.   0.   0.
0.503   0.3140508693876217   0.3140508693876217   0.   0.   0.   0.
0.506   0.3118889584093936   0.3118889584093936   0.   0.   0.   0.
0.509   0.309741929921658   0.309741929921658   0.   0.   0.   0.
0.512   0.3076096814740708   0.3076096814740708   0.   0.   0.   0.
0.515   0.3054921113215513   0.3054921113215513   0.   0.   0.   0.
0.518   0.303389118419427   0.303389118419427   0.   0.   0.   0.
0.521   0.3013006024186121   0.3013006024186121   0.   0.   0.   0.
0.524   0.2992264636608189   0.2992264636608189   0.   0.   0.   0.
0.527   0.2971666031738025   0.2971666031738025   0.   0.   0.   0.
0.53   0.2951209226666385   0.2951209226666385   0.   0.   0.   0.
0.533   0.293089324525032   0.293089324525032   0.   0.   0.   0.
0.536   0.2910717118066605   0.2910717118066605   0.   0.   0.   0.
0.539   0.2890679882365475   0.2890679882365475   0.   0.   0.   0.
0.542   0.287078058202469   0.287078058202469   0.   0.   0.   0.
0.545   0.2851018267503909   0.2851018267503909   0.   0.   0.   0.
0.548   0.2831391995799378   0.2831391995799378   0.   0.   0.   0.
0.551   0.281190083039894   0.281190083039894   0.   0.   0.   0.
0.554   0.2792543841237337   0.2792543841237337   0.   0.   0.   0.
0.557   0.277332010465184   0.277332010465184   0.   0.   0.   0.
0.56   0.2754228703338166   0.2754228703338166   0.   0.   0.   0.
0.563   0.2735268726306712   0.2735268726306712   0.   0.   0.   0.
0.566   0.2716439268839082   0.2716439268839082   0.   0.   0.   0.
0.569   0.269773943244492   0.269773943244492   0.   0.   0.   0.
0.572   0.2679168324819031   0.2679168324819031   0.   0.   0.   0.
0.575   0.2660725059798809   0.2660725059798809   0.   0.   0.   0.
0.578   0.2642408757321946   0.2642408757321946   0.   0.   0.   0.
0.581   0.2624218543384441   0.2624218543384441   0.   0.   0.   0.
0.584   0.2606153549998895   0.2606153549998895   0.   0.   0.   0.
0.587   0.258821291515309   0.258821291515309   0.   0.   0.   0.
0.59   0.2570395782768863   0.2570395782768863   0.   0.   0.   0.
0.593   0.2552701302661246   0.2552701302661246   0.   0.   0.   0.
0.596   0.2535128630497907   0.2535128630497907   0.   0.   0.   0.
0.599   0.2517676927758855   0.2517676927758855   0.   0.   0.   0.
0.6019999999999999   0.2500345361696431   0.2500345361696431   0.   0.   0.   0.
0.6049999999999999   0.248313310529557   0.248313310529557   0.   0.   0.   0.
0.6079999999999999   0.2466039337234339   0.2466039337234339   0.   0.   0.   0.
0.6109999999999999   0.2449063241844745   0.2449063241844745   0.   0.   0.   0.
0.6139999999999999   0.2432204009073815   0.2432204009073815   0.   0.   0.   0.
0.6169999999999999   0.241546083444494   0.241546083444494   0.   0.   0.   0.
0.62   0.239883291901949   0.239883291901949   0.   0.   0.   0.
0.623   0.238231946935869   0.238231946935869   0.   0.   0.   0.
0.626   0.2365919697485758   0.2365919697485758   0.   0.   0.   0.
0.629   0.2349632820848307   0.2349632820848307   0.   0.   0.   0.
0.632   0.2333458062281002   0.2333458062281002   0.   0.   0.   0.
0.635   0.2317394649968478   0.2317394649968478   0.   0.   0.   0.
0.638   0.2301441817408508   0.2301441817408508   0.   0.   0.   0.
0.641   0.2285598803375429   0.2285598803375429   0.   0.   0.   0.
0.644   0.2269864851883821   0.2269864851883821   0.   0.   0.   0.
0.647   0.2254239212152429   0.2254239212152429   0.   0.   0.   0.
0.65   0.2238721138568339   0.2238721138568339   0.   0.   0.   0.
0.653   0.2223309890651402   0.2223309890651402   0.   0.   0.   0.
0.656   0.2208004733018899   0.2208004733018899   0.   0.   0.   0.
0.659   0.2192804935350448   0.2192804935350448   0.   0.   0.   0.
0.662   0.2177709772353158   0.2177709772353158   0.   0.   0.   0.
0.665   0.216271852372702   0.216271852372702   0.   0.   0.   0.
0.668   0.2147830474130533   0.2147830474130533   0.   0.   0.   0.
0.671   0.2133044913146575   0.2133044913146575   0.   0.   0.   0.
0.674   0.2118361135248501   0.2118361135248501   0.   0.   0.   0.
0.677   0.2103778439766475   0.2103778439766475   0.   0.   0.   0.
0.68   0.2089296130854039   0.2089296130854039   0.   0.   0.   0.
0.683   0.2074913517454909   0.2074913517454909   0.   0.   0.   0.
0.686   0.2060629913269999   0.2060629913269999   0.   0.   0.   0.
0.689   0.2046444636724673   0.2046444636724673   0.   0.   0.   0.
0.692   0.2032357010936221   0.2032357010936221   0.   0.   0.   0.
0.695   0.201836636368156   0.201836636368156   0.   0.   0.   0.
0.698   0.200447202736516   0.200447202736516   0.   0.   0.   0.
0.701   0.1990673338987186   0.1990673338987186   0.   0.   0.   0.
0.704   0.197696964011186   0.197696964011186   0.   0.   0.   0.
0.707   0.1963360276836046   0.1963360276836046   0.   0.   0.   0.
0.71   0.1949844599758044   0.1949844599758044   0.   0.   0.   0.
0.713   0.1936421963946606   0.1936421963946606   0.   0.   0.   0.
0.716   0.1923091728910157   0.1923091728910157   0.   0.   0.   0.
0.719   0.1909853258566237   0.1909853258566237   0.   0.   0.   0.
0.722   0.1896705921211145   0.1896705921211145   0.   0.   0.   0.
0.725   0.18836490894898   0.18836490894898   0.   0.   0.   0.
0.7279999999999999   0.18706821403658   0.18706821403658   0.   0.   0.   0.
0.7309999999999999   0.1857804455091698   0.1857804455091698   0.   0.   0.   0.
0.7339999999999999   0.1845015419179473   0.1845015419179473   0.   0.   0.   0.
0.7369999999999999   0.1832314422371211   0.1832314422371211   0.   0.   0.   0.
0.7399999999999999   0.1819700858609983   0.1819700858609983   0.   0.   0.   0.
0.7429999999999999   0.1807174126010927   0.1807174126010927   0.   0.   0.   0.
0.746   0.1794733626832526   0.1794733626832526   0.   0.   0.   0.
0.749   0.1782378767448089   0.1782378767448089   0.   0.   0.   0.
0.752   0.1770108958317421   0.1770108958317421   0.   0.   0.   0.
0.755   0.1757923613958692   0.1757923613958692   0.   0.   0.   0.
0.758   0.1745822152920503   0.1745822152920503   0.   0.   0.   0.
0.761   0.1733803997754138   0.1733803997754138   0.   0.   0.   0.
0.764   0.1721868574986006   0.1721868574986006   0.   0.   0.   0.
0.767   0.1710015315090287   0.1710015315090287   0.   0.   0.   0.
0.77   0.1698243652461744   0.1698243652461744   0.   0.   0.   0.
0.773   0.1686553025388741   0.1686553025388741   0.   0.   0.   0.
0.776   0.1674942876026437   0.1674942876026437   0.   0.   0.   0.
0.779   0.1663412650370169   0.1663412650370169   0.   0.   0.   0.
0.782   0.1651961798229014   0.1651961798229014   0.   0.   0.   0.
0.785   0.1640589773199539   0.1640589773199539   0.   0.   0.   0.
0.788   0.1629296032639722   0.1629296032639722   0.   0.   0.   0.
0.791   0.1618080037643065   0.1618080037643065   0.   0.   0.   0.
0.794   0.1606941253012877   0.1606941253012877   0.   0.   0.   0.
0.797   0.1595879147236732   0.1595879147236732   0.   0.   0.   0.
0.8   0.1584893192461113   0.1584893192461113   0.   0.   0.   0.
0.803   0.1573982864466219   0.1573982864466219   0.   0.   0.   0.
0.806   0.1563147642640953   0.1563147642640953   0.   0.   0.   0.
0.809   0.1552387009958081   0.1552387009958081   0.   0.   0.   0.
0.812   0.1541700452949559   0.1541700452949559   0.   0.   0.   0.
0.815   0.153108746168203   0.153108746168203   0.   0.   0.   0.
0.818   0.1520547529732495   0.1520547529732495   0.   0.   0.   0.
0.821   0.1510080154164148   0.1510080154164148   0.   0.   0.   0.
0.824   0.1499684835502373   0.1499684835502373   0.   0.   0.   0.
0.827   0.1489361077710914   0.1489361077710914   0.   0.   0.   0.
0.83   0.1479108388168207   0.1479108388168207   0.   0.   0.   0.
0.833   0.1468926277643866   0.1468926277643866   0.   0.   0.   0.
0.836   0.1458814260275348   0.1458814260275348   0.   0.   0.   0.
0.839   0.1448771853544761   0.1448771853544761   0.   0.   0.   0.
0.842   0.1438798578255845   0.1438798578255845   0.   0.   0.   0.
0.845   0.1428893958511102   0.1428893958511102   0.   0.   0.   0.
0.848   0.1419057521689091   0.1419057521689091   0.   0.   0.   0.
0.851   0.1409288798421874   0.1409288798421874   0.   0.   0.   0.
0.854   0.1399587322572618   0.1399587322572618   0.   0.   0.   0.
0.8569999999999999   0.1389952631213353   0.1389952631213353   0.   0.   0.   0.
0.8599999999999999   0.1380384264602884   0.1380384264602884   0.   0.   0.   0.
0.8629999999999999   0.1370881766164853   0.1370881766164853   0.   0.   0.   0.
0.8659999999999999   0.136144468246595   0.136144468246595   0.   0.   0.   0.
0.8689999999999999   0.1352072563194277   0.1352072563194277   0.   0.   0.   0.
0.872   0.1342764961137863   0.1342764961137863   0.   0.   0.   0.
0.875   0.1333521432163324   0.1333521432163324   0.   0.   0.   0.
0.878   0.1324341535194664   0.1324341535194664   0.   0.   0.   0.
0.881   0.1315224832192238   0.1315224832192238   0.   0.   0.   0.
0.884   0.1306170888131841   0.1306170888131841   0.   0.   0.   0.
0.887   0.1297179270983955   0.1297179270983955   0.   0.   0.   0.
0.89   0.1288249551693133   0.1288249551693133   0.   0.   0.   0.
0.893   0.1279381304157524   0.1279381304157524   0.   0.   0.   0.
0.896   0.1270574105208541   0.1270574105208541   0.   0.   0.   0.
0.899   0.126182753459067   0.126182753459067   0.   0.   0.   0.
0.902   0.1253141174941415   0.1253141174941415   0.   0.   0.   0.
0.905   0.1244514611771385   0.1244514611771385   0.   0.   0.   0.
0.908   0.123594743344451   0.123594743344451   0.   0.   0.   0.
0.911   0.1227439231158407   0.1227439231158407   0.   0.   0.   0.
0.914   0.1218989598924866   0.1218989598924866   0.   0.   0.   0.
0.917   0.1210598133550482   0.1210598133550482   0.   0.   0.   0.
0.92   0.1202264434617412   0.1202264434617412   0.   0.   0.   0.
0.923   0.1193988104464272   0.1193988104464272   0.   0.   0.   0.
0.926   0.118576874816716   0.118576874816716   0.   0.   0.   0.
0.929   0.1177605973520807   0.1177605973520807   0.   0.   0.   0.
0.932   0.116949939101987   0.116949939101987   0.   0.   0.   0.
0.935   0.1161448613840342   0.1161448613840342   0.   0.   0.   0.
0.938   0.1153453257821092   0.1153453257821092   0.   0.   0.   0.
0.941   0.1145512941445535   0.1145512941445535   0.   0.   0.   0.
0.944   0.113762728582343   0.113762728582343   0.   0.   0.   0.
0.947   0.1129795914672797   0.1129795914672797   0.   0.   0.   0.
0.95   0.1122018454301963   0.1122018454301963   0.   0.   0.   0.
0.953   0.1114294533591729   0.1114294533591729   0.   0.   0.   0.
0.956   0.1106623783977666   0.1106623783977666   0.   0.   0.   0.
0.959   0.109900583943252   0.109900583943252   0.   0.   0.   0.
0.962   0.1091440336448756   0.1091440336448756   0.   0.   0.   0.
0.965   0.1083926914021203   0.1083926914021203   0.   0.   0.   0.
0.968   0.1076465213629834   0.1076465213629834   0.   0.   0.   0.
0.971   0.1069054879222657   0.1069054879222657   0.   0.   0.   0.
0.974   0.1061695557198724   0.1061695557198724   0.   0.   0.   0.
0.977   0.1054386896391258   0.1054386896391258   0.   0.   0.   0.
0.98   0.1047128548050899   0.1047128548050899   0.   0.   0.   0.
0.9830000000000001   0.1039920165829059   0.1039920165829059   0.   0.   0.   0.
0.9859999999999999   0.1032761405761397   0.1032761405761397   0.   0.   0.   0.
0.9889999999999999   0.1025651926251407   0.1025651926251407   0.   0.   0.   0.
0.9919999999999999   0.1018591388054116   0.1018591388054116   0.   0.   0.   0.
0.995   0.1011579454259898   0.1011579454259898   0.   0.   0.   0.
0.998   0.1004615790278395   0.1004615790278395   0.   0.   0.   0.
1.001   0.0997700063822553   0.0997700063822553   0.   0.   0.   0.
1.004   0.09908319448927675   0.09908319448927675   0.   0.   0.   0.
1.007   0.09840111057611333   0.09840111057611333   0.   0.   0.   0.
1.01   0.09772372209558107   0.09772372209558107   0.   0.   0.   0.
1.013   0.09705099672454893   0.09705099672454893   0.   0.   0.   0.
1.016   0.09638290236239706   0.09638290236239706   0.   0.   0.   0.
1.019   0.09571940712948441   0.09571940712948441   0.   0.   0.   0.
1.022   0.09506047936562815   0.09506047936562815   0.   0.   0.   0.
1.025   0.0944060876285923   0.0944060876285923   0.   0.   0.   0.
1.028   0.09375620069258802   0.09375620069258802   0.   0.   0.   0.
1.031   0.09311078754678299   0.09311078754678299   0.   0.   0.   0.
1.034   0.09246981739382226   0.09246981739382226   0.   0.   0.   0.
1.037   0.09183325964835806   0.09183325964835806   0.   0.   0.   0.
1.04   0.09120108393559095   0.09120108393559095   0.   0.   0.   0.
1.043   0.09057326008981998   0.09057326008981998   0.   0.   0.   0.
1.046   0.08994975815300351   0.08994975815300351   0.   0.   0.   0.
1.048999999999999   0.08933054837332953   0.08933054837332953   0.   0.   0.   0.
1.052   0.08871560120379608   0.08871560120379608   0.   0.   0.   0.
1.054999999999999   0.08810488730080141   0.08810488730080141   0.   0.   0.   0.
1.058   0.08749837752274358   0.08749837752274358   0.   0.   0.   0.
1.060999999999999   0.08689604292863019   0.08689604292863019   0.   0.   0.   0.
1.064   0.08629785477669701   0.08629785477669701   0.   0.   0.   0.
1.066999999999999   0.08570378452303696   0.08570378452303696   0.   0.   0.   0.
1.07   0.08511380382023763   0.08511380382023763   0.   0.   0.   0.
1.073   0.08452788451602899   0.08452788451602899   0.   0.   0.   0.
1.076   0.08394599865193973   0.08394599865193973   0.   0.   0.   0.
1.079   0.08336811846196343   0.08336811846196343   0.   0.   0.   0.
1.082   0.0827942163712334   0.0827942163712334   0.   0.   0.   0.
1.085   0.08222426499470712   0.08222426499470712   0.   0.   0.   0.
1.088   0.08165823713585923   0.08165823713585923   0.   0.   0.   0.
1.091   0.08109610578538407   0.08109610578538407   0.   0.   0.   0.
1.094   0.08053784411990665   0.08053784411990665   0.   0.   0.   0.
1.097   0.07998342550070285   0.07998342550070285   0.   0.   0.   0.
1.1   0.07943282347242813   0.07943282347242813   0.   0.   0.   0.
1.103   0.07888601176185544   0.07888601176185544   0.   0.   0.   0.
1.106   0.07834296427662117   0.07834296427662117   0.   0.   0.   0.
1.109   0.0778036551039804   0.0778036551039804   0.   0.   0.   0.
1.112   0.07726805850957022   0.07726805850957022   0.   0.   0.   0.
1.115   0.0767361489361819   0.0767361489361819   0.   0.   0.   0.
1.118   0.07620790100254118   0.07620790100254118   0.   0.   0.   0.
1.121   0.07568328950209743   0.07568328950209743   0.   0.   0.   0.
1.124   0.07516228940182052   0.07516228940182052   0.   0.   0.   0.
1.127   0.07464487584100665   0.07464487584100665   0.   0.   0.   0.
1.13   0.07413102413009173   0.07413102413009173   0.   0.   0.   0.
1.133   0.07362070974947361   0.07362070974947361   0.   0.   0.   0.
1.136   0.07311390834834172   0.07311390834834172   0.   0.   0.   0.
1.139   0.07261059574351547   0.07261059574351547   0.   0.   0.   0.
1.142   0.07211074791828993   0.07211074791828993   0.   0.   0.   0.
1.145   0.0716143410212902   0.0716143410212902   0.   0.   0.   0.
1.148   0.07112135136533288   0.07112135136533288   0.   0.   0.   0.
1.151   0.07063175542629618   0.07063175542629618   0.   0.   0.   0.
1.154   0.07014552984199709   0.07014552984199709   0.   0.   0.   0.
1.157   0.06966265141107687   0.06966265141107687   0.   0.   0.   0.
1.16   0.06918309709189361   0.06918309709189361   0.   0.   0.   0.
1.163   0.06870684400142321   0.06870684400142321   0.   0.   0.   0.
1.166   0.06823386941416693   0.06823386941416693   0.   0.   0.   0.
1.169   0.06776415076106749   0.06776415076106749   0.   0.   0.   0.
1.172   0.06729766562843174   0.06729766562843174   0.   0.   0.   0.
1.175   0.06683439175686145   0.06683439175686145   0.   0.   0.   0.
1.177999999999999   0.0663743070401909   0.0663743070401909   0.   0.   0.   0.
1.181   0.06591738952443213   0.06591738952443213   0.   0.   0.   0.
1.183999999999999   0.06546361740672751   0.06546361740672751   0.   0.   0.   0.
1.187   0.06501296903430905   0.06501296903430905   0.   0.   0.   0.
1.189999999999999   0.06456542290346556   0.06456542290346556   0.   0.   0.   0.
1.193   0.06412095765851615   0.06412095765851615   0.   0.   0.   0.
1.196   0.06367955209079158   0.06367955209079158   0.   0.   0.   0.
1.199   0.06324118513762193   0.06324118513762193   0.   0.   0.   0.
1.202   0.0628058358813318   0.0628058358813318   0.   0.   0.   0.
1.205   0.06237348354824191   0.06237348354824191   0.   0.   0.   0.
1.208   0.06194410750767814   0.06194410750767814   0.   0.   0.   0.
1.211   0.0615176872709868   0.0615176872709868   0.   0.   0.   0.
1.214   0.06109420249055719   0.06109420249055719   0.   0.   0.   0.
1.217   0.06067363295885052   0.06067363295885052   0.   0.   0.   0.
1.22   0.06025595860743577   0.06025595860743577   0.   0.   0.   0.
1.223   0.05984115950603196   0.05984115950603196   0.   0.   0.   0.
1.226   0.05942921586155727   0.05942921586155727   0.   0.   0.   0.
1.229   0.05902010801718441   0.05902010801718441   0.   0.   0.   0.
1.232   0.05861381645140287   0.05861381645140287   0.   0.   0.   0.
1.235   0.05821032177708713   0.05821032177708713   0.   0.   0.   0.
1.238   0.05780960474057181   0.05780960474057181   0.   0.   0.   0.
1.241   0.05741164622073274   0.05741164622073274   0.   0.   0.   0.
1.244   0.05701642722807474   0.05701642722807474   0.   0.   0.   0.
1.247   0.05662392890382531   0.05662392890382531   0.   0.   0.   0.
1.25   0.0562341325190349   0.0562341325190349   0.   0.   0.   0.
1.253   0.05584701947368306   0.05584701947368306   0.   0.   0.   0.
1.256   0.05546257129579107   0.05546257129579107   0.   0.   0.   0.
1.259   0.05508076964054032   0.05508076964054032   0.   0.   0.   0.
1.262   0.05470159628939715   0.05470159628939715   0.   0.   0.   0.
1.265   0.0543250331492433   0.0543250331492433   0.   0.   0.   0.
1.268   0.05395106225151275   0.05395106225151275   0.   0.   0.   0.
1.271   0.05357966575133414   0.05357966575133414   0.   0.   0.   0.
1.274   0.05321082592667941   0.05321082592667941   0.   0.   0.   0.
1.277   0.05284452517751802   0.05284452517751802   0.   0.   0.   0.
1.28   0.05248074602497725   0.05248074602497725   0.   0.   0.   0.
1.283   0.05211947111050802   0.05211947111050802   0.   0.   0.   0.
1.286   0.05176068319505676   0.05176068319505676   0.   0.   0.   0.
1.289   0.05140436515824259   0.05140436515824259   0.   0.   0.   0.
1.292   0.05105049999754061   0.05105049999754061   0.   0.   0.   0.
1.295   0.05069907082747042   0.05069907082747042   0.   0.   0.   0.
1.298   0.05035006087879048   0.05035006087879048   0.   0.   0.   0.
1.301   0.05000345349769783   0.05000345349769783   0.   0.   0.   0.
1.304   0.0496592321450336   0.0496592321450336   0.   0.   0.   0.
1.306999999999999   0.04931738039549359   0.04931738039549359   0.   0.   0.   0.
1.31   0.04897788193684461   0.04897788193684461   0.   0.   0.   0.
1.312999999999999   0.04864072056914616   0.04864072056914616   0.   0.   0.   0.
1.316   0.04830588020397725   0.04830588020397725   0.   0.   0.   0.
1.319   0.04797334486366891   0.04797334486366891   0.   0.   0.   0.
1.322   0.04764309868054156   0.04764309868054156   0.   0.   0.   0.
1.325   0.04731512589614805   0.04731512589614805   0.   0.   0.   0.
1.328   0.04698941086052153   0.04698941086052153   0.   0.   0.   0.
1.331   0.04666593803142886   0.04666593803142886   0.   0.   0.   0.
1.334   0.04634469197362878   0.04634469197362878   0.   0.   0.   0.
1.337   0.0460256573581356   0.0460256573581356   0.   0.   0.   0.
1.34   0.04570881896148749   0.04570881896148749   0.   0.   0.   0.
1.343   0.04539416166502032   0.04539416166502032   0.   0.   0.   0.
1.346   0.045081670454146   0.045081670454146   0.   0.   0.   0.
1.349   0.04477133041763625   0.04477133041763625   0.   0.   0.   0.
1.352   0.04446312674691085   0.04446312674691085   0.   0.   0.   0.
1.355   0.04415704473533125   0.04415704473533125   0.   0.   0.   0.
1.358   0.04385306977749856   0.04385306977749856   0.   0.   0.   0.
1.361   0.04355118736855685   0.04355118736855685   0.   0.   0.   0.
1.364   0.04325138310350085   0.04325138310350085   0.   0.   0.   0.
1.367   0.04295364267648873   0.04295364267648873   0.   0.   0.   0.
1.37   0.04265795188015925   0.04265795188015925   0.   0.   0.   0.
1.373   0.04236429660495411   0.04236429660495411   0.   0.   0.   0.
1.376   0.0420726628384444   0.0420726628384444   0.   0.   0.   0.
1.379   0.04178303666466217   0.04178303666466217   0.   0.   0.   0.
1.382   0.04149540426343628   0.04149540426343628   0.   0.   0.   0.
1.385   0.04120975190973302   0.04120975190973302   0.   0.   0.   0.
1.388   0.04092606597300108   0.04092606597300108   0.   0.   0.   0.
1.391   0.04064433291652127   0.04064433291652127   0.   0.   0.   0.
1.394   0.04036453929676048   0.04036453929676048   0.   0.   0.   0.
1.397   0.04008667176273027   0.04008667176273027   0.   0.   0.   0.
1.4   0.03981071705534971   0.03981071705534971   0.   0.   0.   0.
1.403   0.03953666200681278   0.03953666200681278   0.   0.   0.   0.
1.406   0.03926449353995997   0.03926449353995997   0.   0.   0.   0.
1.409   0.03899419866765434   0.03899419866765434   0.   0.   0.   0.
1.412   0.03872576449216171   0.03872576449216171   0.   0.   0.   0.
1.415   0.03845917820453535   0.03845917820453535   0.   0.   0.   0.
1.418   0.03819442708400464   0.03819442708400464   0.   0.   0.   0.
1.421   0.03793149849736818   0.03793149849736818   0.   0.   0.   0.
1.424   0.03767037989839087   0.03767037989839087   0.   0.   0.   0.
1.427   0.03741105882720532   0.03741105882720532   0.   0.   0.   0.
1.43   0.03715352290971724   0.03715352290971724   0.   0.   0.   0.
1.433   0.03689775985701503   0.03689775985701503   0.   0.   0.   0.
1.435999999999999   0.03664375746478333   0.03664375746478333   0.   0.   0.   0.
1.439   0.0363915036127207   0.0363915036127207   0.   0.   0.   0.
1.441999999999999   0.03614098626396133   0.03614098626396133   0.   0.   0.   0.
1.445   0.03589219346450051   0.03589219346450051   0.   0.   0.   0.
1.448   0.03564511334262442   0.03564511334262442   0.   0.   0.   0.
1.451   0.03539973410834346   0.03539973410834346   0.   0.   0.   0.
1.454   0.03515604405282981   0.03515604405282981   0.   0.   0.   0.
1.457   0.03491403154785861   0.03491403154785861   0.   0.   0.   0.
1.46   0.03467368504525316   0.03467368504525316   0.   0.   0.   0.
1.463   0.03443499307633383   0.03443499307633383   0.   0.   0.   0.
1.466   0.03419794425137088   0.03419794425137088   0.   0.   0.   0.
1.469   0.03396252725904083   0.03396252725904083   0.   0.   0.   0.
1.472   0.03372873086588688   0.03372873086588688   0.   0.   0.   0.
1.475   0.03349654391578275   0.03349654391578275   0.   0.   0.   0.
1.478   0.03326595532940045   0.03326595532940045   0.   0.   0.   0.
1.481   0.03303695410368147   0.03303695410368147   0.   0.   0.   0.
1.484   0.0328095293113119   0.0328095293113119   0.   0.   0.   0.
1.487   0.03258367010020087   0.03258367010020087   0.   0.   0.   0.
1.49   0.03235936569296282   0.03235936569296282   0.   0.   0.   0.
1.493   0.03213660538640316   0.03213660538640316   0.   0.   0.   0.
1.496   0.03191537855100761   0.03191537855100761   0.   0.   0.   0.
1.499   0.03169567463043489   0.03169567463043489   0.   0.   0.   0.
1.502   0.03147748314101316   0.03147748314101316   0.   0.   0.   0.
1.505   0.03126079367123953   0.03126079367123953   0.   0.   0.   0.
1.508   0.03104559588128355   0.03104559588128355   0.   0.   0.   0.
1.511   0.03083187950249353   0.03083187950249353   0.   0.   0.   0.
1.514   0.03061963433690677   0.03061963433690677   0.   0.   0.   0.
1.517   0.03040885025676278   0.03040885025676278   0.   0.   0.   0.
1.52   0.03019951720402016   0.03019951720402016   0.   0.   0.   0.
1.523   0.0299916251898765   0.0299916251898765   0.   0.   0.   0.
1.526   0.02978516429429189   0.02978516429429189   0.   0.   0.   0.
1.529   0.02958012466551544   0.02958012466551544   0.   0.   0.   0.
1.532   0.0293764965196153   0.0293764965196153   0.   0.   0.   0.
1.535   0.02917427014001165   0.02917427014001165   0.   0.   0.   0.
1.538   0.02897343587701323   0.02897343587701323   0.   0.   0.   0.
1.541   0.02877398414735668   0.02877398414735668   0.   0.   0.   0.
1.544   0.02857590543374946   0.02857590543374946   0.   0.   0.   0.
1.547   0.02837919028441554   0.02837919028441554   0.   0.   0.   0.
1.55   0.02818382931264453   0.02818382931264453   0.   0.   0.   0.
1.553   0.02798981319634361   0.02798981319634361   0.   0.   0.   0.
1.556   0.02779713267759288   0.02779713267759288   0.   0.   0.   0.
1.559   0.02760577856220344   0.02760577856220344   0.   0.   0.   0.
1.562   0.02741574171927882   0.02741574171927882   0.   0.   0.   0.
1.564999999999999   0.02722701308077912   0.02722701308077912   0.   0.   0.   0.
1.568   0.02703958364108843   0.02703958364108843   0.   0.   0.   0.
1.571   0.02685344445658507   0.02685344445658507   0.   0.   0.   0.
1.574   0.02666858664521479   0.02666858664521479   0.   0.   0.   0.
1.577   0.026485001386067   0.026485001386067   0.   0.   0.   0.
1.58   0.02630267991895381   0.02630267991895381   0.   0.   0.   0.
1.583   0.02612161354399206   0.02612161354399206   0.   0.   0.   0.
1.586   0.02594179362118813   0.02594179362118813   0.   0.   0.   0.
1.589   0.02576321157002575   0.02576321157002575   0.   0.   0.   0.
1.592   0.02558585886905645   0.02558585886905645   0.   0.   0.   0.
1.595   0.02540972705549305   0.02540972705549305   0.   0.   0.   0.
1.598   0.02523480772480574   0.02523480772480574   0.   0.   0.   0.
1.601   0.02506109253032113   0.02506109253032113   0.   0.   0.   0.
1.604   0.0248885731828239   0.0248885731828239   0.   0.   0.   0.
1.607   0.0247172414501613   0.0247172414501613   0.   0.   0.   0.
1.61   0.0245470891568503   0.0245470891568503   0.   0.   0.   0.
1.613   0.02437810818368752   0.02437810818368752   0.   0.   0.   0.
1.616   0.02421029046736177   0.02421029046736177   0.   0.   0.   0.
1.619   0.02404362800006933   0.02404362800006933   0.   0.   0.   0.
1.622   0.02387811282913177   0.02387811282913177   0.   0.   0.   0.
1.625   0.02371373705661655   0.02371373705661655   0.   0.   0.   0.
1.628   0.02355049283896008   0.02355049283896008   0.   0.   0.   0.
1.631   0.02338837238659354   0.02338837238659354   0.   0.   0.   0.
1.634   0.02322736796357106   0.02322736796357106   0.   0.   0.   0.
1.637   0.02306747188720069   0.02306747188720069   0.   0.   0.   0.
1.64   0.02290867652767772   0.02290867652767772   0.   0.   0.   0.
1.643   0.0227509743077207   0.0227509743077207   0.   0.   0.   0.
1.646   0.02259435770220976   0.02259435770220976   0.   0.   0.   0.
1.649   0.02243881923782766   0.02243881923782766   0.   0.   0.   0.
1.652   0.02228435149270302   0.02228435149270302   0.   0.   0.   0.
1.655   0.02213094709605637   0.02213094709605637   0.   0.   0.   0.
1.658   0.02197859872784824   0.02197859872784824   0.   0.   0.   0.
1.661   0.02182729911843001   0.02182729911843001   0.   0.   0.   0.
1.664   0.02167704104819694   0.02167704104819694   0.   0.   0.   0.
1.667   0.02152781734724372   0.02152781734724372   0.   0.   0.   0.
1.67   0.02137962089502231   0.02137962089502231   0.   0.   0.   0.
1.673   0.02123244462000219   0.02123244462000219   0.   0.   0.   0.
1.676   0.02108628149933288   0.02108628149933288   0.   0.   0.   0.
1.679   0.02094112455850892   0.02094112455850892   0.   0.   0.   0.
1.682   0.02079696687103694   0.02079696687103694   0.   0.   0.   0.
1.685   0.02065380155810529   0.02065380155810529   0.   0.   0.   0.
1.688   0.02051162178825564   0.02051162178825564   0.   0.   0.   0.
1.691   0.02037042077705717   0.02037042077705717   0.   0.   0.   0.
1.694   0.02023019178678271   0.02023019178678271   0.   0.   0.   0.
1.697   0.02009092812608727   0.02009092812608727   0.   0.   0.   0.
1.7   0.01995262314968879   0.01995262314968879   0.   0.   0.   0.
1.703   0.01981527025805097   0.01981527025805097   0.   0.   0.   0.
1.706   0.01967886289706844   0.01967886289706844   0.   0.   0.   0.
1.709   0.01954339455775394   0.01954339455775394   0.   0.   0.   0.
1.712   0.01940885877592778   0.01940885877592778   0.   0.   0.   0.
1.715   0.01927524913190935   0.01927524913190935   0.   0.   0.   0.
1.718   0.01914255925021085   0.01914255925021085   0.   0.   0.   0.
1.721   0.01901078279923299   0.01901078279923299   0.   0.   0.   0.
1.724   0.01887991349096293   0.01887991349096293   0.   0.   0.   0.
1.727   0.01874994508067418   0.01874994508067418   0.   0.   0.   0.
1.73   0.01862087136662867   0.01862087136662867   0.   0.   0.   0.
1.733   0.01849268618978077   0.01849268618978077   0.   0.   0.   0.
1.736   0.01836538343348346   0.01836538343348346   0.   0.   0.   0.
1.739   0.01823895702319637   0.01823895702319637   0.   0.   0.   0.
1.742   0.01811340092619602   0.01811340092619602   0.   0.   0.   0.
1.745   0.01798870915128787   0.01798870915128787   0.   0.   0.   0.
1.748   0.0178648757485205   0.0178648757485205   0.   0.   0.   0.
1.751   0.01774189480890165   0.01774189480890165   0.   0.   0.   0.
1.754   0.01761976046411629   0.01761976046411629   0.   0.   0.   0.
1.757   0.01749846688624656   0.01749846688624656   0.   0.   0.   0.
1.76   0.01737800828749375   0.01737800828749375   0.   0.   0.   0.
1.763   0.01725837891990203   0.01725837891990203   0.   0.   0.   0.
1.766   0.01713957307508425   0.01713957307508425   0.   0.   0.   0.
1.769   0.0170215850839495   0.0170215850839495   0.   0.   0.   0.
1.772   0.01690440931643264   0.01690440931643264   0.   0.   0.   0.
1.775   0.01678804018122559   0.01678804018122559   0.   0.   0.   0.
1.778   0.01667247212551062   0.01667247212551062   0.   0.   0.   0.
1.781   0.01655769963469527   0.01655769963469527   0.   0.   0.   0.
1.784   0.01644371723214931   0.01644371723214931   0.   0.   0.   0.
1.787   0.01633051947894333   0.01633051947894333   0.   0.   0.   0.
1.79   0.01621810097358929   0.01621810097358929   0.   0.   0.   0.
1.793   0.01610645635178269   0.01610645635178269   0.   0.   0.   0.
1.796   0.01599558028614668   0.01599558028614668   0.   0.   0.   0.
1.799   0.01588546748597778   0.01588546748597778   0.   0.   0.   0.
1.802   0.01577611269699348   0.01577611269699348   0.   0.   0.   0.
1.805   0.01566751070108148   0.01566751070108148   0.   0.   0.   0.
1.808   0.01555965631605074   0.01555965631605074   0.   0.   0.   0.
1.811   0.01545254439538413   0.01545254439538413   0.   0.   0.   0.
1.814   0.01534616982799294   0.01534616982799294   0.   0.   0.   0.
1.816999999999999   0.01524052753797291   0.01524052753797291   0.   0.   0.   0.
1.82   0.01513561248436208   0.01513561248436208   0.   0.   0.   0.
1.823   0.01503141966090022   0.01503141966090022   0.   0.   0.   0.
1.826   0.01492794409578996   0.01492794409578996   0.   0.   0.   0.
1.829   0.01482518085145953   0.01482518085145953   0.   0.   0.   0.
1.832   0.01472312502432718   0.01472312502432718   0.   0.   0.   0.
1.835   0.01462177174456718   0.01462177174456718   0.   0.   0.   0.
1.838   0.01452111617587742   0.01452111617587742   0.   0.   0.   0.
1.841   0.01442115351524868   0.01442115351524868   0.   0.   0.   0.
1.844   0.01432187899273543   0.01432187899273543   0.   0.   0.   0.
1.847   0.0142232878712282   0.0142232878712282   0.   0.   0.   0.
1.85   0.01412537544622754   0.01412537544622754   0.   0.   0.   0.
1.853   0.01402813704561958   0.01402813704561958   0.   0.   0.   0.
1.856   0.01393156802945302   0.01393156802945302   0.   0.   0.   0.
1.859   0.01383566378971781   0.01383566378971781   0.   0.   0.   0.
1.862   0.01374041975012515   0.01374041975012515   0.   0.   0.   0.
1.865   0.01364583136588924   0.01364583136588924   0.   0.   0.   0.
1.868   0.01355189412351035   0.01355189412351035   0.   0.   0.   0.
1.871   0.01345860354055948   0.01345860354055948   0.   0.   0.   0.
1.874   0.01336595516546441   0.01336595516546441   0.   0.   0.   0.
1.877   0.01327394457729739   0.01327394457729739   0.   0.   0.   0.
1.88   0.01318256738556406   0.01318256738556406   0.   0.   0.   0.
1.883   0.01309181922999407   0.01309181922999407   0.   0.   0.   0.
1.886   0.0130016957803329   0.0130016957803329   0.   0.   0.   0.
1.889   0.01291219273613534   0.01291219273613534   0.   0.   0.   0.
1.892   0.01282330582656021   0.01282330582656021   0.   0.   0.   0.
1.895   0.01273503081016661   0.01273503081016661   0.   0.   0.   0.
1.898   0.01264736347471151   0.01264736347471151   0.   0.   0.   0.
1.901   0.01256029963694874   0.01256029963694874   0.   0.   0.   0.
1.904   0.01247383514242942   0.01247383514242942   0.   0.   0.   0.
1.907   0.01238796586530369   0.01238796586530369   0.   0.   0.   0.
1.91   0.01230268770812381   0.01230268770812381   0.   0.   0.   0.
1.913   0.01221799660164871   0.01221799660164871   0.   0.   0.   0.
1.916   0.01213388850464976   0.01213388850464976   0.   0.   0.   0.
1.919   0.01205035940371797   0.01205035940371797   0.   0.   0.   0.
1.922   0.01196740531307243   0.01196740531307243   0.   0.   0.   0.
1.925   0.01188502227437018   0.01188502227437018   0.   0.   0.   0.
1.928   0.01180320635651729   0.01180320635651729   0.   0.   0.   0.
1.931   0.0117219536554813   0.0117219536554813   0.   0.   0.   0.
1.934   0.0116412602941049   0.0116412602941049   0.   0.   0.   0.
1.937   0.01156112242192098   0.01156112242192098   0.   0.   0.   0.
1.94   0.01148153621496882   0.01148153621496882   0.   0.   0.   0.
1.943   0.01140249787561168   0.01140249787561168   0.   0.   0.   0.
1.946   0.01132400363235557   0.01132400363235557   0.   0.   0.   0.
1.949   0.01124604973966926   0.01124604973966926   0.   0.   0.   0.
1.952   0.01116863247780561   0.01116863247780561   0.   0.   0.   0.
1.955   0.011091748152624   0.011091748152624   0.   0.   0.   0.
1.958   0.01101539309541415   0.01101539309541415   0.   0.   0.   0.
1.961   0.01093956366272093   0.01093956366272093   0.   0.   0.   0.
1.964   0.01086425623617065   0.01086425623617065   0.   0.   0.   0.
1.967   0.01078946722229828   0.01078946722229828   0.   0.   0.   0.
1.97   0.01071519305237606   0.01071519305237606   0.   0.   0.   0.
1.973   0.01064143018224315   0.01064143018224315   0.   0.   0.   0.
1.976   0.01056817509213658   0.01056817509213658   0.   0.   0.   0.
1.979   0.01049542428652322   0.01049542428652322   0.   0.   0.   0.
1.982   0.01042317429393304   0.01042317429393304   0.   0.   0.   0.
1.985   0.01035142166679343   0.01035142166679343   0.   0.   0.   0.
1.988   0.01028016298126473   0.01028016298126473   0.   0.   0.   0.
1.991   0.01020939483707679   0.01020939483707679   0.   0.   0.   0.
1.994   0.01013911385736679   0.01013911385736679   0.   0.   0.   0.
1.997   0.01006931668851803   0.01006931668851803   0.   0.   0.   0.
2.   0.01   0.01   0.   0.   0.   0.