 0.000 0.000  0.000000
 0.000 0.005  0.227435
 0.000 0.010  0.509636
 0.000 0.015  0.906281
 0.000 0.020  1.374659
 0.000 0.025  1.879661
 0.000 0.030  2.492894
 0.000 0.035  3.172343
 0.000 0.040  3.933459
 0.000 0.045  4.788102
 0.000 0.050  5.732160
 0.000 0.055  6.766447
 0.000 0.060  7.917714
 0.000 0.065  9.150101
 0.000 0.070 10.425199
 0.000 0.075 11.768352
 0.000 0.080 13.225210
 0.000 0.085 14.798486
 0.000 0.090 16.443346
 0.000 0.095 18.169613
 0.000 0.100 19.992021
 0.000 0.105 21.928083
 0.000 0.110 23.924934
 0.000 0.115 25.982614
 0.000 0.120 28.115654
 0.000 0.125 30.310084
 0.000 0.130 32.615257
 0.000 0.135 34.981646
 0.000 0.140 37.454475
 0.000 0.145 40.016641
 0.000 0.150 42.670386
 0.002 0.000  0.016139
 0.002 0.005  0.216884
 0.002 0.010  0.476825
 0.002 0.015  0.846541
 0.002 0.020  1.295206
 0.002 0.025  1.776825
 0.002 0.030  2.370584
 0.002 0.035  3.033420
 0.002 0.040  3.772423
 0.002 0.045  4.599904
 0.002 0.050  5.534693
 0.002 0.055  6.541805
 0.002 0.060  7.665870
 0.002 0.065  8.884486
 0.002 0.070 10.129518
 0.002 0.075 11.463146
 0.002 0.080 12.892865
 0.002 0.085 14.439017
 0.002 0.090 16.074247
 0.002 0.095 17.778260
 0.002 0.100 19.573691
 0.002 0.105 21.483674
 0.002 0.110 23.460264
 0.002 0.115 25.500409
 0.002 0.120 27.615721
 0.002 0.125 29.791344
 0.002 0.130 32.070047
 0.002 0.135 34.415901
 0.002 0.140 36.862507
 0.002 0.145 39.415048
 0.002 0.150 42.042841
 0.004 0.000  0.043562
 0.004 0.005  0.217444
 0.004 0.010  0.455130
 0.004 0.015  0.797823
 0.004 0.020  1.224654
 0.004 0.025  1.684857
 0.004 0.030  2.251427
 0.004 0.035  2.905239
 0.004 0.040  3.622051
 0.004 0.045  4.422275
 0.004 0.050  5.339212
 0.004 0.055  6.327606
 0.004 0.060  7.424373
 0.004 0.065  8.626278
 0.004 0.070  9.844026
 0.004 0.075 11.168102
 0.004 0.080 12.570583
 0.004 0.085 14.089514
 0.004 0.090 15.713895
 0.004 0.095 17.396767
 0.004 0.100 19.165124
 0.004 0.105 21.048086
 0.004 0.110 23.002889
 0.004 0.115 25.021887
 0.004 0.120 27.116124
 0.004 0.125 29.282013
 0.004 0.130 31.534150
 0.004 0.135 33.859395
 0.004 0.140 36.279683
 0.004 0.145 38.807010
 0.004 0.150 41.424322
 0.006 0.000  0.082379
 0.006 0.005  0.229306
 0.006 0.010  0.444659
 0.006 0.015  0.760237
 0.006 0.020  1.165157
 0.006 0.025  1.603869
 0.006 0.030  2.143154
 0.006 0.035  2.786088
 0.006 0.040  3.482456
 0.006 0.045  4.255326
 0.006 0.050  5.144869
 0.006 0.055  6.123963
 0.006 0.060  7.193335
 0.006 0.065  8.373505
 0.006 0.070  9.568837
 0.006 0.075 10.876022
 0.006 0.080 12.258480
 0.006 0.085 13.750093
 0.006 0.090 15.352078
 0.006 0.095 17.022491
 0.006 0.100 18.766433
 0.006 0.105 20.622276
 0.006 0.110 22.555215
 0.006 0.115 24.552991
 0.006 0.120 26.626077
 0.006 0.125 28.777235
 0.006 0.130 31.007683
 0.006 0.135 33.312243
 0.006 0.140 35.706119
 0.006 0.145 38.207172
 0.006 0.150 40.813525
 0.008 0.000  0.132698
 0.008 0.005  0.252580
 0.008 0.010  0.445524
 0.008 0.015  0.733893
 0.008 0.020  1.116826
 0.008 0.025  1.533970
 0.008 0.030  2.045877
 0.008 0.035  2.666523
 0.008 0.040  3.351331
 0.008 0.045  4.099171
 0.008 0.050  4.961223
 0.008 0.055  5.930987
 0.008 0.060  6.972868
 0.008 0.065  8.130729
 0.008 0.070  9.304064
 0.008 0.075 10.583770
 0.008 0.080 11.956667
 0.008 0.085 13.420865
 0.008 0.090 15.000375
 0.008 0.095 16.643452
 0.008 0.100 18.377733
 0.008 0.105 20.206362
 0.008 0.110 22.117358
 0.008 0.115 24.093836
 0.008 0.120 26.145694
 0.008 0.125 28.269990
 0.008 0.130 30.490760
 0.008 0.135 32.774561
 0.008 0.140 35.141930
 0.008 0.145 37.616615
 0.008 0.150 40.196752
 0.010 0.000  0.194631
 0.010 0.005  0.287375
 0.010 0.010  0.457833
 0.010 0.015  0.718902
 0.010 0.020  1.079771
 0.010 0.025  1.475273
 0.010 0.030  1.959707
 0.010 0.035  2.557988
 0.010 0.040  3.215231
 0.010 0.045  3.953919
 0.010 0.050  4.788386
 0.010 0.055  5.739367
 0.010 0.060  6.763086
 0.010 0.065  7.894015
 0.010 0.070  9.049819
 0.010 0.075 10.301950
 0.010 0.080 11.665258
 0.010 0.085 13.101946
 0.010 0.090 14.654501
 0.010 0.095 16.274544
 0.010 0.100 17.999138
 0.010 0.105 19.800456
 0.010 0.110 21.689432
 0.010 0.115 23.644537
 0.010 0.120 25.675092
 0.010 0.125 27.772430
 0.010 0.130 29.977003
 0.010 0.135 32.242933
 0.010 0.140 34.587232
 0.010 0.145 37.035455
 0.010 0.150 39.589284
 0.012 0.000  0.268284
 0.012 0.005  0.333800
 0.012 0.010  0.481697
 0.012 0.015  0.715374
 0.012 0.020  1.054104
 0.012 0.025  1.427887
 0.012 0.030  1.884756
 0.012 0.035  2.457262
 0.012 0.040  3.090177
 0.012 0.045  3.819684
 0.012 0.050  4.626470
 0.012 0.055  5.549736
 0.012 0.060  6.564101
 0.012 0.065  7.667329
 0.012 0.070  8.806216
 0.012 0.075 10.030677
 0.012 0.080 11.371494
 0.012 0.085 12.793448
 0.012 0.090 14.318421
 0.012 0.095 15.915883
 0.012 0.100 17.618859
 0.012 0.105 19.404674
 0.012 0.110 21.271553
 0.012 0.115 23.205209
 0.012 0.120 25.214385
 0.012 0.125 27.284670
 0.012 0.130 29.465574
 0.012 0.135 31.707445
 0.012 0.140 34.042142
 0.012 0.145 36.463810
 0.012 0.150 38.991236
 0.014 0.000  0.353767
 0.014 0.005  0.391966
 0.014 0.010  0.517225
 0.014 0.015  0.723418
 0.014 0.020  1.039933
 0.014 0.025  1.391923
 0.014 0.030  1.821133
 0.014 0.035  2.365916
 0.014 0.040  2.976281
 0.014 0.045  3.694216
 0.014 0.050  4.475587
 0.014 0.055  5.371044
 0.014 0.060  6.376025
 0.014 0.065  7.451456
 0.014 0.070  8.573368
 0.014 0.075  9.770062
 0.014 0.080 11.083121
 0.014 0.085 12.495486
 0.014 0.090 13.992781
 0.014 0.095 15.567582
 0.014 0.100 17.242979
 0.014 0.105 19.019131
 0.014 0.110 20.863835
 0.014 0.115 22.775967
 0.014 0.120 24.758883
 0.014 0.125 26.806827
 0.014 0.130 28.960691
 0.014 0.135 31.181705
 0.014 0.140 33.502178
 0.014 0.145 35.901796
 0.014 0.150 38.402727
 0.016 0.000  0.451189
 0.016 0.005  0.461980
 0.016 0.010  0.564525
 0.016 0.015  0.743144
 0.016 0.020  1.035876
 0.016 0.025  1.367491
 0.016 0.030  1.768950
 0.016 0.035  2.285915
 0.016 0.040  2.873654
 0.016 0.045  3.563693
 0.016 0.050  4.335849
 0.016 0.055  5.203401
 0.016 0.060  6.187220
 0.016 0.065  7.246511
 0.016 0.070  8.349980
 0.016 0.075  9.520220
 0.016 0.080 10.805425
 0.016 0.085 12.206458
 0.016 0.090 13.677695
 0.016 0.095 15.229757
 0.016 0.100 16.877478
 0.016 0.105 18.639237
 0.016 0.110 20.465468
 0.016 0.115 22.356928
 0.016 0.120 24.312493
 0.016 0.125 26.339016
 0.016 0.130 28.465746
 0.016 0.135 30.665829
 0.016 0.140 32.959429
 0.016 0.145 35.349530
 0.016 0.150 37.823872
 0.018 0.000  0.560658
 0.018 0.005  0.543952
 0.018 0.010  0.623709
 0.018 0.015  0.774662
 0.018 0.020  1.039640
 0.018 0.025  1.354702
 0.018 0.030  1.728317
 0.018 0.035  2.217372
 0.018 0.040  2.782407
 0.018 0.045  3.444456
 0.018 0.050  4.207369
 0.018 0.055  5.046922
 0.018 0.060  6.002716
 0.018 0.065  7.046179
 0.018 0.070  8.120512
 0.018 0.075  9.281264
 0.018 0.080 10.538520
 0.018 0.085 11.911621
 0.018 0.090 13.373277
 0.018 0.095 14.902521
 0.018 0.100 16.522471
 0.018 0.105 18.256517
 0.018 0.110 20.060510
 0.018 0.115 21.932184
 0.018 0.120 23.876327
 0.018 0.125 25.881354
 0.018 0.130 27.980855
 0.018 0.135 30.159933
 0.018 0.140 32.426567
 0.018 0.145 34.800015
 0.018 0.150 37.254791
 0.020 0.000  0.682281
 0.020 0.005  0.637991
 0.020 0.010  0.694883
 0.020 0.015  0.818081
 0.020 0.020  1.055214
 0.020 0.025  1.353666
 0.020 0.030  1.699345
 0.020 0.035  2.160397
 0.020 0.040  2.702652
 0.020 0.045  3.336617
 0.020 0.050  4.086542
 0.020 0.055  4.901718
 0.020 0.060  5.829392
 0.020 0.065  6.855837
 0.020 0.070  7.902072
 0.020 0.075  9.053307
 0.020 0.080 10.282519
 0.020 0.085 11.627594
 0.020 0.090 13.076523
 0.020 0.095 14.585989
 0.020 0.100 16.178074
 0.020 0.105 17.884311
 0.020 0.110 19.665990
 0.020 0.115 21.516021
 0.020 0.120 23.441306
 0.020 0.125 25.433955
 0.020 0.130 27.506135
 0.020 0.135 29.664136
 0.020 0.140 31.903710
 0.020 0.145 34.250244
 0.020 0.150 36.695599
 0.022 0.000  0.816168
 0.022 0.005  0.744204
 0.022 0.010  0.778158
 0.022 0.015  0.873511
 0.022 0.020  1.082708
 0.022 0.025  1.364145
 0.022 0.030  1.682144
 0.022 0.035  2.115101
 0.022 0.040  2.634499
 0.022 0.045  3.240288
 0.022 0.050  3.961995
 0.022 0.055  4.767900
 0.022 0.060  5.667361
 0.022 0.065  6.674434
 0.022 0.070  7.694772
 0.022 0.075  8.828985
 0.022 0.080 10.037536
 0.022 0.085 11.354489
 0.022 0.090 12.780462
 0.022 0.095 14.274672
 0.022 0.100 15.844400
 0.022 0.105 17.522734
 0.022 0.110 19.282023
 0.022 0.115 21.110336
 0.022 0.120 23.013978
 0.022 0.125 24.984837
 0.022 0.130 27.041702
 0.022 0.135 29.178553
 0.022 0.140 31.390975
 0.022 0.145 33.710503
 0.022 0.150 36.135309
 0.024 0.000  0.962424
 0.024 0.005  0.862699
 0.024 0.010  0.873641
 0.024 0.015  0.941059
 0.024 0.020  1.122231
 0.024 0.025  1.381030
 0.024 0.030  1.676824
 0.024 0.035  2.081595
 0.024 0.040  2.578060
 0.024 0.045  3.155580
 0.024 0.050  3.848975
 0.024 0.055  4.645580
 0.024 0.060  5.516736
 0.024 0.065  6.500931
 0.024 0.070  7.498725
 0.024 0.075  8.604652
 0.024 0.080  9.803683
 0.024 0.085 11.092422
 0.024 0.090 12.495360
 0.024 0.095 13.961441
 0.024 0.100 15.521565
 0.024 0.105 17.171901
 0.024 0.110 18.908724
 0.024 0.115 20.715247
 0.024 0.120 22.597172
 0.024 0.125 24.540409
 0.024 0.130 26.587673
 0.024 0.135 28.703301
 0.024 0.140 30.888478
 0.024 0.145 33.180908
 0.024 0.150 35.578776
 0.026 0.000  1.121158
 0.026 0.005  0.993583
 0.026 0.010  0.978480
 0.026 0.015  1.020835
 0.026 0.020  1.173892
 0.026 0.025  1.409979
 0.026 0.030  1.683494
 0.026 0.035  2.059988
 0.026 0.040  2.533445
 0.026 0.045  3.082603
 0.026 0.050  3.747594
 0.026 0.055  4.528354
 0.026 0.060  5.377627
 0.026 0.065  6.336318
 0.026 0.070  7.314045
 0.026 0.075  8.391590
 0.026 0.080  9.581075
 0.026 0.085 10.841505
 0.026 0.090 12.217245
 0.026 0.095 13.659188
 0.026 0.100 15.209683
 0.026 0.105 16.831928
 0.026 0.110 18.546209
 0.026 0.115 20.330868
 0.026 0.120 22.187116
 0.026 0.125 24.106525
 0.026 0.130 26.132322
 0.026 0.135 28.225577
 0.026 0.140 30.396337
 0.026 0.145 32.661577
 0.026 0.150 35.032416
 0.028 0.000  1.292475
 0.028 0.005  1.136965
 0.028 0.010  1.093819
 0.028 0.015  1.112946
 0.028 0.020  1.237799
 0.028 0.025  1.451101
 0.028 0.030  1.702265
 0.028 0.035  2.050390
 0.028 0.040  2.500764
 0.028 0.045  3.021469
 0.028 0.050  3.657963
 0.028 0.055  4.410193
 0.028 0.060  5.250147
 0.028 0.065  6.180327
 0.028 0.070  7.140842
 0.028 0.075  8.189914
 0.028 0.080  9.354719
 0.028 0.085 10.601853
 0.028 0.090 11.949218
 0.028 0.095 13.368029
 0.028 0.100 14.891936
 0.028 0.105 16.502929
 0.028 0.110 18.194593
 0.028 0.115 19.957315
 0.028 0.120 21.785643
 0.028 0.125 23.683300
 0.028 0.130 25.681405
 0.028 0.135 27.753422
 0.028 0.140 29.914668
 0.028 0.145 32.152628
 0.028 0.150 34.496347
 0.030 0.000  1.476482
 0.030 0.005  1.292951
 0.030 0.010  1.221674
 0.030 0.015  1.217501
 0.030 0.020  1.314061
 0.030 0.025  1.504504
 0.030 0.030  1.733244
 0.030 0.035  2.052911
 0.030 0.040  2.480127
 0.030 0.045  2.972288
 0.030 0.050  3.580194
 0.030 0.055  4.303801
 0.030 0.060  5.134407
 0.030 0.065  6.035985
 0.030 0.070  6.979231
 0.030 0.075  7.999735
 0.030 0.080  9.135983
 0.030 0.085 10.373577
 0.030 0.090 11.692475
 0.030 0.095 13.088078
 0.030 0.100 14.583623
 0.030 0.105 16.185018
 0.030 0.110 17.853991
 0.030 0.115 19.594704
 0.030 0.120 21.395018
 0.030 0.125 23.270852
 0.030 0.130 25.241171
 0.030 0.135 27.291880
 0.030 0.140 29.428058
 0.030 0.145 31.654177
 0.030 0.150 33.970687
 0.032 0.000  1.673286
 0.032 0.005  1.461646
 0.032 0.010  1.362153
 0.032 0.015  1.334605
 0.032 0.020  1.402786
 0.032 0.025  1.570297
 0.032 0.030  1.776541
 0.032 0.035  2.067660
 0.032 0.040  2.471643
 0.032 0.045  2.935169
 0.032 0.050  3.514396
 0.032 0.055  4.209289
 0.032 0.060  5.019715
 0.032 0.065  5.899574
 0.032 0.070  6.826084
 0.032 0.075  7.821167
 0.032 0.080  8.928765
 0.032 0.085 10.151592
 0.032 0.090 11.447130
 0.032 0.095 12.819448
 0.032 0.100 14.286539
 0.032 0.105 15.867209
 0.032 0.110 17.516188
 0.032 0.115 19.236648
 0.032 0.120 21.015358
 0.032 0.125 22.869296
 0.032 0.130 24.811738
 0.032 0.135 26.841066
 0.032 0.140 28.949644
 0.032 0.145 31.164819
 0.032 0.150 33.455552
 0.034 0.000  1.882989
 0.034 0.005  1.643157
 0.034 0.010  1.515361
 0.034 0.015  1.464367
 0.034 0.020  1.504080
 0.034 0.025  1.648588
 0.034 0.030  1.832264
 0.034 0.035  2.094746
 0.034 0.040  2.472334
 0.034 0.045  2.910224
 0.034 0.050  3.460680
 0.034 0.055  4.126767
 0.034 0.060  4.908363
 0.034 0.065  5.770979
 0.034 0.070  6.668683
 0.034 0.075  7.654321
 0.034 0.080  8.733178
 0.034 0.085  9.927283
 0.034 0.090 11.213296
 0.034 0.095 12.562253
 0.034 0.100 14.000798
 0.034 0.105 15.552982
 0.034 0.110 17.179216
 0.034 0.115 18.877630
 0.034 0.120 20.646778
 0.034 0.125 22.478748
 0.034 0.130 24.393222
 0.034 0.135 26.401099
 0.034 0.140 28.481984
 0.034 0.145 30.669621
 0.034 0.150 32.951061
 0.036 0.000  2.105699
 0.036 0.005  1.837589
 0.036 0.010  1.681405
 0.036 0.015  1.606892
 0.036 0.020  1.618051
 0.036 0.025  1.739484
 0.036 0.030  1.900520
 0.036 0.035  2.134277
 0.036 0.040  2.483076
 0.036 0.045  2.897560
 0.036 0.050  3.419156
 0.036 0.055  4.056347
 0.036 0.060  4.809021
 0.036 0.065  5.654337
 0.036 0.070  6.523145
 0.036 0.075  7.499309
 0.036 0.080  8.549332
 0.036 0.085  9.714624
 0.036 0.090 10.982499
 0.036 0.095 12.316606
 0.036 0.100 13.726514
 0.036 0.105 15.250120
 0.036 0.110 16.853534
 0.036 0.115 18.529832
 0.036 0.120 20.281463
 0.036 0.125 22.094475
 0.036 0.130 23.985738
 0.036 0.135 25.972094
 0.036 0.140 28.025196
 0.036 0.145 30.185205
 0.036 0.150 32.450329
 0.038 0.000  2.341518
 0.038 0.005  2.045047
 0.038 0.010  1.860390
 0.038 0.015  1.762287
 0.038 0.020  1.744804
 0.038 0.025  1.840840
 0.038 0.030  1.981416
 0.038 0.035  2.186360
 0.038 0.040  2.506282
 0.038 0.045  2.897287
 0.038 0.050  3.389933
 0.038 0.055  3.998138
 0.038 0.060  4.721798
 0.038 0.065  5.549759
 0.038 0.070  6.389580
 0.038 0.075  7.344915
 0.038 0.080  8.377342
 0.038 0.085  9.513729
 0.038 0.090 10.758107
 0.038 0.095 12.070212
 0.038 0.100 13.463799
 0.038 0.105 14.958738
 0.038 0.110 16.539259
 0.038 0.115 18.193368
 0.038 0.120 19.919786
 0.038 0.125 21.707631
 0.038 0.130 23.589403
 0.038 0.135 25.554168
 0.038 0.140 27.579398
 0.038 0.145 29.711688
 0.038 0.150 31.949262
 0.040 0.000  2.590550
 0.040 0.005  2.265634
 0.040 0.010  2.052420
 0.040 0.015  1.930655
 0.040 0.020  1.884446
 0.040 0.025  1.951667
 0.040 0.030  2.075060
 0.040 0.035  2.251103
 0.040 0.040  2.542060
 0.040 0.045  2.909513
 0.040 0.050  3.373120
 0.040 0.055  3.952249
 0.040 0.060  4.646807
 0.040 0.065  5.451534
 0.040 0.070  6.268099
 0.040 0.075  7.194358
 0.040 0.080  8.217317
 0.040 0.085  9.324709
 0.040 0.090 10.545517
 0.040 0.095 11.828718
 0.040 0.100 13.212769
 0.040 0.105 14.678947
 0.040 0.110 16.236503
 0.040 0.115 17.868353
 0.040 0.120 19.566291
 0.040 0.125 21.332073
 0.040 0.130 23.198390
 0.040 0.135 25.139477
 0.040 0.140 27.144704
 0.040 0.145 29.249188
 0.040 0.150 31.459124
 0.042 0.000  2.852897
 0.042 0.005  2.499454
 0.042 0.010  2.257600
 0.042 0.015  2.112102
 0.042 0.020  2.037083
 0.042 0.025  2.075402
 0.042 0.030  2.181557
 0.042 0.035  2.328613
 0.042 0.040  2.590517
 0.042 0.045  2.934345
 0.042 0.050  3.368826
 0.042 0.055  3.918790
 0.042 0.060  4.584155
 0.042 0.065  5.364741
 0.042 0.070  6.158814
 0.042 0.075  7.055907
 0.042 0.080  8.068088
 0.042 0.085  9.147676
 0.042 0.090 10.340727
 0.042 0.095 11.599047
 0.042 0.100 12.967074
 0.042 0.105 14.410863
 0.042 0.110 15.945381
 0.042 0.115 17.554902
 0.042 0.120 19.224270
 0.042 0.125 20.967918
 0.042 0.130 22.805906
 0.042 0.135 24.725396
 0.042 0.140 26.721232
 0.042 0.145 28.797820
 0.042 0.150 30.980030
 0.044 0.000  3.128663
 0.044 0.005  2.746610
 0.044 0.010  2.476032
 0.044 0.015  2.306732
 0.044 0.020  2.202817
 0.044 0.025  2.212150
 0.044 0.030  2.295167
 0.044 0.035  2.418996
 0.044 0.040  2.651761
 0.044 0.045  2.971892
 0.044 0.050  3.377158
 0.044 0.055  3.897869
 0.044 0.060  4.533953
 0.044 0.065  5.285240
 0.044 0.070  6.061833
 0.044 0.075  6.929670
 0.044 0.080  7.912608
 0.044 0.085  8.982741
 0.044 0.090 10.146647
 0.044 0.095 11.381310
 0.044 0.100 12.720307
 0.044 0.105 14.154599
 0.044 0.110 15.666006
 0.044 0.115 17.247992
 0.044 0.120 18.893837
 0.044 0.125 20.615281
 0.044 0.130 22.424850
 0.044 0.135 24.322675
 0.044 0.140 26.297114
 0.044 0.145 28.357703
 0.044 0.150 30.512098
 0.046 0.000  3.417947
 0.046 0.005  3.007203
 0.046 0.010  2.707819
 0.046 0.015  2.514648
 0.046 0.020  2.381753
 0.046 0.025  2.362016
 0.046 0.030  2.421557
 0.046 0.035  2.522357
 0.046 0.040  2.725896
 0.046 0.045  3.022260
 0.046 0.050  3.398223
 0.046 0.055  3.889594
 0.046 0.060  4.496309
 0.046 0.065  5.218208
 0.046 0.070  5.977268
 0.046 0.075  6.815759
 0.046 0.080  7.769364
 0.046 0.085  8.830016
 0.046 0.090  9.964687
 0.046 0.095 11.175620
 0.046 0.100 12.485497
 0.046 0.105 13.908427
 0.046 0.110 15.398240
 0.046 0.115 16.951620
 0.046 0.120 18.575105
 0.046 0.125 20.274276
 0.046 0.130 22.055338
 0.046 0.135 23.931429
 0.046 0.140 25.877651
 0.046 0.145 27.928951
 0.046 0.150 30.055445
 0.048 0.000  3.720851
 0.048 0.005  3.281336
 0.048 0.010  2.953064
 0.048 0.015  2.735951
 0.048 0.020  2.573995
 0.048 0.025  2.525103
 0.048 0.030  2.561099
 0.048 0.035  2.638801
 0.048 0.040  2.813030
 0.048 0.045  3.085554
 0.048 0.050  3.432129
 0.048 0.055  3.894072
 0.048 0.060  4.471330
 0.048 0.065  5.163754
 0.048 0.070  5.905225
 0.048 0.075  6.714283
 0.048 0.080  7.638467
 0.048 0.085  8.677269
 0.048 0.090  9.794958
 0.048 0.095 10.982087
 0.048 0.100 12.262755
 0.048 0.105 13.656542
 0.048 0.110 15.123200
 0.048 0.115 16.666201
 0.048 0.120 18.268189
 0.048 0.125 19.945017
 0.048 0.130 21.697484
 0.048 0.135 23.551773
 0.048 0.140 25.469689
 0.048 0.145 27.494160
 0.048 0.150 29.610187
 0.050 0.000  4.037474
 0.050 0.005  3.569107
 0.050 0.010  3.211866
 0.050 0.015  2.966349
 0.050 0.020  2.779644
 0.050 0.025  2.701515
 0.050 0.030  2.713897
 0.050 0.035  2.768432
 0.050 0.040  2.913265
 0.050 0.045  3.161880
 0.050 0.050  3.478981
 0.050 0.055  3.911409
 0.050 0.060  4.459124
 0.050 0.065  5.121985
 0.050 0.070  5.845815
 0.050 0.075  6.625352
 0.050 0.080  7.520025
 0.050 0.085  8.529341
 0.050 0.090  9.634580
 0.050 0.095 10.800823
 0.050 0.100 12.052194
 0.050 0.105 13.416749
 0.050 0.110 14.860181
 0.050 0.115 16.380689
 0.050 0.120 17.973202
 0.050 0.125 19.627467
 0.050 0.130 21.351402
 0.050 0.135 23.183822
 0.050 0.140 25.073346
 0.050 0.145 27.069586
 0.050 0.150 29.170791
 0.052 0.000  4.367915
 0.052 0.005  3.870617
 0.052 0.010  3.484328
 0.052 0.015  3.209652
 0.052 0.020  2.998802
 0.052 0.025  2.891353
 0.052 0.030  2.880053
 0.052 0.035  2.911354
 0.052 0.040  3.026707
 0.052 0.045  3.251343
 0.052 0.050  3.538885
 0.052 0.055  3.941713
 0.052 0.060  4.459798
 0.052 0.065  5.093009
 0.052 0.070  5.799144
 0.052 0.075  6.549072
 0.052 0.080  7.414148
 0.052 0.085  8.393889
 0.052 0.090  9.475193
 0.052 0.095 10.629019
 0.052 0.100 11.853924
 0.052 0.105 13.189160
 0.052 0.110 14.609295
 0.052 0.115 16.107241
 0.052 0.120 17.671710
 0.052 0.125 19.302641
 0.052 0.130 21.017207
 0.052 0.135 22.821486
 0.052 0.140 24.688736
 0.052 0.145 26.656659
 0.052 0.150 28.729723
 0.054 0.000  4.712272
 0.054 0.005  4.185964
 0.054 0.010  3.770547
 0.054 0.015  3.466633
 0.054 0.020  3.231569
 0.054 0.025  3.094720
 0.054 0.030  3.059669
 0.054 0.035  3.067668
 0.054 0.040  3.153459
 0.054 0.045  3.353917
 0.054 0.050  3.611944
 0.054 0.055  3.985088
 0.054 0.060  4.473457
 0.054 0.065  5.076933
 0.054 0.070  5.765320
 0.054 0.075  6.485553
 0.054 0.080  7.320944
 0.054 0.085  8.271024
 0.054 0.090  9.328322
 0.054 0.095 10.452586
 0.054 0.100 11.668056
 0.054 0.105 12.973885
 0.054 0.110 14.370654
 0.054 0.115 15.845971
 0.054 0.120 17.381330
 0.054 0.125 18.989836
 0.054 0.130 20.692417
 0.054 0.135 22.470570
 0.054 0.140 24.315972
 0.054 0.145 26.255493
 0.054 0.150 28.300332
 0.056 0.000  5.070642
 0.056 0.005  4.515246
 0.056 0.010  4.070622
 0.056 0.015  3.737390
 0.056 0.020  3.478046
 0.056 0.025  3.311715
 0.056 0.030  3.252846
 0.056 0.035  3.237478
 0.056 0.040  3.293623
 0.056 0.045  3.464375
 0.056 0.050  3.698264
 0.056 0.055  4.041638
 0.056 0.060  4.500207
 0.056 0.065  5.073862
 0.056 0.070  5.744449
 0.056 0.075  6.434901
 0.056 0.080  7.240521
 0.056 0.085  8.160852
 0.056 0.090  9.194073
 0.056 0.095 10.288690
 0.056 0.100 11.494700
 0.056 0.105 12.771035
 0.056 0.110 14.144369
 0.056 0.115 15.592779
 0.056 0.120 17.103151
 0.056 0.125 18.689166
 0.056 0.130 20.362804
 0.056 0.135 22.126345
 0.056 0.140 23.955170
 0.056 0.145 25.866204
 0.056 0.150 27.882732
 0.058 0.000  5.443120
 0.058 0.005  4.858559
 0.058 0.010  4.384651
 0.058 0.015  4.022022
 0.058 0.020  3.738332
 0.058 0.025  3.542438
 0.058 0.030  3.459570
 0.058 0.035  3.420882
 0.058 0.040  3.447301
 0.058 0.045  3.588264
 0.058 0.050  3.797946
 0.058 0.055  4.111468
 0.058 0.060  4.540152
 0.058 0.065  5.083902
 0.058 0.070  5.733050
 0.058 0.075  6.397222
 0.058 0.080  7.172987
 0.058 0.085  8.063484
 0.058 0.090  9.068155
 0.058 0.095 10.137440
 0.058 0.100 11.315640
 0.058 0.105 12.580720
 0.058 0.110 13.930550
 0.058 0.115 15.349563
 0.058 0.120 16.837286
 0.058 0.125 18.400742
 0.058 0.130 20.045352
 0.058 0.135 21.786897
 0.058 0.140 23.595409
 0.058 0.145 25.488904
 0.058 0.150 27.477039
 0.060 0.000  5.824977
 0.060 0.005  5.216000
 0.060 0.010  4.712730
 0.060 0.015  4.320627
 0.060 0.020  4.012523
 0.060 0.025  3.786987
 0.060 0.030  3.674390
 0.060 0.035  3.617983
 0.060 0.040  3.614593
 0.060 0.045  3.725686
 0.060 0.050  3.911092
 0.060 0.055  4.194680
 0.060 0.060  4.593396
 0.060 0.065  5.107157
 0.060 0.070  5.732193
 0.060 0.075  6.372622
 0.060 0.080  7.118446
 0.060 0.085  7.979024
 0.060 0.090  8.953809
 0.060 0.095  9.998943
 0.060 0.100 11.147381
 0.060 0.105 12.403049
 0.060 0.110 13.729308
 0.060 0.115 15.118838
 0.060 0.120 16.583846
 0.060 0.125 18.124677
 0.060 0.130 19.740173
 0.060 0.135 21.459657
 0.060 0.140 23.239359
 0.060 0.145 25.123709
 0.060 0.150 27.083366
 0.062 0.000  6.220972
 0.062 0.005  5.587662
 0.062 0.010  5.054954
 0.062 0.015  4.633299
 0.062 0.020  4.300717
 0.062 0.025  4.045462
 0.062 0.030  3.903055
 0.062 0.035  3.827147
 0.062 0.040  3.795598
 0.062 0.045  3.876741
 0.062 0.050  4.037805
 0.062 0.055  4.291375
 0.062 0.060  4.660042
 0.062 0.065  5.143730
 0.062 0.070  5.742265
 0.062 0.075  6.361206
 0.062 0.080  7.077005
 0.062 0.085  7.907579
 0.062 0.090  8.852395
 0.062 0.095  9.873307
 0.062 0.100 10.991899
 0.062 0.105 12.223081
 0.062 0.110 13.526105
 0.062 0.115 14.900713
 0.062 0.120 16.342942
 0.062 0.125 17.861081
 0.062 0.130 19.447379
 0.062 0.135 21.142394
 0.062 0.140 22.895546
 0.062 0.145 24.752722
 0.062 0.150 26.701827
 0.064 0.000  6.631346
 0.064 0.005  5.973640
 0.064 0.010  5.411418
 0.064 0.015  4.960135
 0.064 0.020  4.603010
 0.064 0.025  4.317957
 0.064 0.030  4.145663
 0.064 0.035  4.045630
 0.064 0.040  3.990417
 0.064 0.045  4.041528
 0.064 0.050  4.178183
 0.064 0.055  4.401655
 0.064 0.060  4.740190
 0.064 0.065  5.193724
 0.064 0.070  5.762093
 0.064 0.075  6.363077
 0.064 0.080  7.048769
 0.064 0.085  7.849256
 0.064 0.090  8.764017
 0.064 0.095  9.760640
 0.064 0.100 10.849300
 0.064 0.105 12.050621
 0.064 0.110 13.330040
 0.064 0.115 14.691080
 0.064 0.120 16.114681
 0.064 0.125 17.610065
 0.064 0.130 19.167081
 0.064 0.135 20.832956
 0.064 0.140 22.564082
 0.064 0.145 24.392451
 0.064 0.150 26.325647
 0.066 0.000  7.056189
 0.066 0.005  6.374025
 0.066 0.010  5.782214
 0.066 0.015  5.301228
 0.066 0.020  4.919496
 0.066 0.025  4.604568
 0.066 0.030  4.402310
 0.066 0.035  4.278087
 0.066 0.040  4.199145
 0.066 0.045  4.220146
 0.066 0.050  4.332327
 0.066 0.055  4.525620
 0.066 0.060  4.833943
 0.066 0.065  5.257241
 0.066 0.070  5.795362
 0.066 0.075  6.378339
 0.066 0.080  7.033840
 0.066 0.085  7.804157
 0.066 0.090  8.688781
 0.066 0.095  9.661046
 0.066 0.100 10.719692
 0.066 0.105 11.891067
 0.066 0.110 13.146815
 0.066 0.115 14.484947
 0.066 0.120 15.883326
 0.066 0.125 17.353777
 0.066 0.130 18.899389
 0.066 0.135 20.536042
 0.066 0.140 22.245077
 0.066 0.145 24.044557
 0.066 0.150 25.949048
 0.068 0.000  7.494104
 0.068 0.005  6.788908
 0.068 0.010  6.167435
 0.068 0.015  5.656671
 0.068 0.020  5.250268
 0.068 0.025  4.905390
 0.068 0.030  4.673091
 0.068 0.035  4.524615
 0.068 0.040  4.421881
 0.068 0.045  4.412693
 0.068 0.050  4.500333
 0.068 0.055  4.663369
 0.068 0.060  4.941399
 0.068 0.065  5.334381
 0.068 0.070  5.842173
 0.068 0.075  6.407092
 0.068 0.080  7.032322
 0.068 0.085  7.772387
 0.068 0.090  8.626792
 0.068 0.095  9.574631
 0.068 0.100 10.603180
 0.068 0.105 11.744528
 0.068 0.110 12.976538
 0.068 0.115 14.288422
 0.068 0.120 15.660364
 0.068 0.125 17.108057
 0.068 0.130 18.642804
 0.068 0.135 20.251761
 0.068 0.140 21.938643
 0.068 0.145 23.709152
 0.068 0.150 25.584858
 0.070 0.000  7.943136
 0.070 0.005  7.218379
 0.070 0.010  6.567172
 0.070 0.015  6.026555
 0.070 0.020  5.595420
 0.070 0.025  5.220516
 0.070 0.030  4.958099
 0.070 0.035  4.785308
 0.070 0.040  4.658718
 0.070 0.045  4.619264
 0.070 0.050  4.682299
 0.070 0.055  4.814999
 0.070 0.060  5.062657
 0.070 0.065  5.425243
 0.070 0.070  5.902626
 0.070 0.075  6.449439
 0.070 0.080  7.044316
 0.070 0.085  7.754049
 0.070 0.090  8.578153
 0.070 0.095  9.501500
 0.070 0.100 10.499869
 0.070 0.105 11.611107
 0.070 0.110 12.819314
 0.070 0.115 14.101282
 0.070 0.120 15.450310
 0.070 0.125 16.875182
 0.070 0.130 18.380400
 0.070 0.135 19.980224
 0.070 0.140 21.644890
 0.070 0.145 23.386348
 0.070 0.150 25.233187
 0.072 0.000  8.406893
 0.072 0.005  7.662526
 0.072 0.010  6.981512
 0.072 0.015  6.410971
 0.072 0.020  5.951518
 0.072 0.025  5.550037
 0.072 0.030  5.257428
 0.072 0.035  5.060259
 0.072 0.040  4.909752
 0.072 0.045  4.839955
 0.072 0.050  4.878321
 0.072 0.055  4.980607
 0.072 0.060  5.197815
 0.072 0.065  5.529926
 0.072 0.070  5.976821
 0.072 0.075  6.505478
 0.072 0.080  7.069923
 0.072 0.085  7.749243
 0.072 0.090  8.542965
 0.072 0.095  9.441754
 0.072 0.100 10.409864
 0.072 0.105 11.490911
 0.072 0.110 12.675250
 0.072 0.115 13.927220
 0.072 0.120 15.253271
 0.072 0.125 16.655260
 0.072 0.130 18.130867
 0.072 0.135 19.712867
 0.072 0.140 21.351433
 0.072 0.145 23.076254
 0.072 0.150 24.894147
 0.074 0.000  8.885462
 0.074 0.005  8.121437
 0.074 0.010  7.410545
 0.074 0.015  6.810008
 0.074 0.020  6.320448
 0.074 0.025  5.894045
 0.074 0.030  5.571170
 0.074 0.035  5.349560
 0.074 0.040  5.175075
 0.074 0.045  5.074859
 0.074 0.050  5.088494
 0.074 0.055  5.160288
 0.074 0.060  5.346969
 0.074 0.065  5.648528
 0.074 0.070  6.064856
 0.074 0.075  6.575309
 0.074 0.080  7.109243
 0.074 0.085  7.758070
 0.074 0.090  8.521332
 0.074 0.095  9.395496
 0.074 0.100 10.333266
 0.074 0.105 11.384042
 0.074 0.110 12.544450
 0.074 0.115 13.766342
 0.074 0.120 15.069354
 0.074 0.125 16.448396
 0.074 0.130 17.894313
 0.074 0.135 19.448523
 0.074 0.140 21.063148
 0.074 0.145 22.778354
 0.074 0.150 24.567847
 0.076 0.000  9.378928
 0.076 0.005  8.595197
 0.076 0.010  7.854357
 0.076 0.015  7.223752
 0.076 0.020  6.704014
 0.076 0.025  6.252628
 0.076 0.030  5.899413
 0.076 0.035  5.653303
 0.076 0.040  5.454778
 0.076 0.045  5.324069
 0.076 0.050  5.307571
 0.076 0.055  5.354137
 0.076 0.060  5.510215
 0.076 0.065  5.781144
 0.076 0.070  6.166828
 0.076 0.075  6.655402
 0.076 0.080  7.162374
 0.076 0.085  7.780630
 0.076 0.090  8.513352
 0.076 0.095  9.359982
 0.076 0.100 10.270178
 0.076 0.105 11.290604
 0.076 0.110 12.423239
 0.076 0.115 13.618751
 0.076 0.120 14.898663
 0.076 0.125 16.254697
 0.076 0.130 17.670844
 0.076 0.135 19.195433
 0.076 0.140 20.787809
 0.076 0.145 22.473740
 0.076 0.150 24.254396
 0.078 0.000  9.887373
 0.078 0.005  9.083890
 0.078 0.010  8.313033
 0.078 0.015  7.652290
 0.078 0.020  7.102304
 0.078 0.025  6.625874
 0.078 0.030  6.242248
 0.078 0.035  5.971179
 0.078 0.040  5.748953
 0.078 0.045  5.587677
 0.078 0.050  5.540554
 0.078 0.055  5.562247
 0.078 0.060  5.687646
 0.078 0.065  5.927869
 0.078 0.070  6.282832
 0.078 0.075  6.746732
 0.078 0.080  7.229412
 0.078 0.085  7.817021
 0.078 0.090  8.519125
 0.078 0.095  9.335181
 0.078 0.100 10.220701
 0.078 0.105 11.210698
 0.078 0.110 12.312986
 0.078 0.115 13.484551
 0.078 0.120 14.741302
 0.078 0.125 16.070645
 0.078 0.130 17.460565
 0.078 0.135 18.955455
 0.078 0.140 20.525522
 0.078 0.145 22.182100
 0.078 0.150 23.943380
 0.080 0.000 10.410880
 0.080 0.005  9.587599
 0.080 0.010  8.786656
 0.080 0.015  8.095707
 0.080 0.020  7.515401
 0.080 0.025  7.013869
 0.080 0.030  6.599760
 0.080 0.035  6.298123
 0.080 0.040  6.057687
 0.080 0.045  5.865771
 0.080 0.050  5.787949
 0.080 0.055  5.784710
 0.080 0.060  5.879354
 0.080 0.065  6.088797
 0.080 0.070  6.412964
 0.080 0.075  6.851681
 0.080 0.080  7.310455
 0.080 0.085  7.867339
 0.080 0.090  8.538749
 0.080 0.095  9.324153
 0.080 0.100 10.184934
 0.080 0.105 11.144424
 0.080 0.110 12.216288
 0.080 0.115 13.363843
 0.080 0.120 14.597374
 0.080 0.125 15.896646
 0.080 0.130 17.263582
 0.080 0.135 18.728694
 0.080 0.140 20.276393
 0.080 0.145 21.903542
 0.080 0.150 23.635585
 0.082 0.000 10.949530
 0.082 0.005 10.103814
 0.082 0.010  9.275308
 0.082 0.015  8.554085
 0.082 0.020  7.943392
 0.082 0.025  7.416699
 0.082 0.030  6.972037
 0.082 0.035  6.639760
 0.082 0.040  6.374826
 0.082 0.045  6.158441
 0.082 0.050  6.049848
 0.082 0.055  6.021614
 0.082 0.060  6.085432
 0.082 0.065  6.264019
 0.082 0.070  6.557315
 0.082 0.075  6.965158
 0.082 0.080  7.405597
 0.082 0.085  7.931681
 0.082 0.090  8.572320
 0.082 0.095  9.326997
 0.082 0.100 10.162975
 0.082 0.105 11.091882
 0.082 0.110 12.133244
 0.082 0.115 13.256730
 0.082 0.120 14.466980
 0.082 0.125 15.736104
 0.082 0.130 17.079997
 0.082 0.135 18.515255
 0.082 0.140 20.040528
 0.082 0.145 21.638171
 0.082 0.150 23.340901
 0.084 0.000 11.503400
 0.084 0.005 10.632656
 0.084 0.010  9.779071
 0.084 0.015  9.027506
 0.084 0.020  8.386358
 0.084 0.025  7.834446
 0.084 0.030  7.359162
 0.084 0.035  6.996176
 0.084 0.040  6.706463
 0.084 0.045  6.465773
 0.084 0.050  6.326338
 0.084 0.055  6.273050
 0.084 0.060  6.305968
 0.084 0.065  6.453628
 0.084 0.070  6.715979
 0.084 0.075  7.092872
 0.084 0.080  7.514931
 0.084 0.085  8.010140
 0.084 0.090  8.619933
 0.084 0.095  9.343807
 0.084 0.100 10.154921
 0.084 0.105 11.053170
 0.084 0.110 12.063954
 0.084 0.115 13.163310
 0.084 0.120 14.344887
 0.084 0.125 15.589121
 0.084 0.130 16.909912
 0.084 0.135 18.315241
 0.084 0.140 19.818029
 0.084 0.145 21.386092
 0.084 0.150 23.059434
 0.086 0.000 12.072568
 0.086 0.005 11.176743
 0.086 0.010 10.298022
 0.086 0.015  9.516050
 0.086 0.020  8.844379
 0.086 0.025  8.267192
 0.086 0.030  7.761218
 0.086 0.035  7.367454
 0.086 0.040  7.052906
 0.086 0.045  6.787852
 0.086 0.050  6.617505
 0.086 0.055  6.539104
 0.086 0.060  6.541051
 0.086 0.065  6.657711
 0.086 0.070  6.889045
 0.086 0.075  7.234915
 0.086 0.080  7.638550
 0.086 0.085  8.102810
 0.086 0.090  8.681684
 0.086 0.095  9.374680
 0.086 0.100 10.160869
 0.086 0.105 11.028384
 0.086 0.110 12.008517
 0.086 0.115 13.083682
 0.086 0.120 14.234825
 0.086 0.125 15.455798
 0.086 0.130 16.753428
 0.086 0.135 18.128754
 0.086 0.140 19.608999
 0.086 0.145 21.147408
 0.086 0.150 22.791288
 0.088 0.000 12.657109
 0.088 0.005 11.736149
 0.088 0.010 10.832238
 0.088 0.015 10.019794
 0.088 0.020  9.317535
 0.088 0.025  8.715017
 0.088 0.030  8.178287
 0.088 0.035  7.753676
 0.088 0.040  7.414236
 0.088 0.045  7.124763
 0.088 0.050  6.923434
 0.088 0.055  6.819862
 0.088 0.060  6.790767
 0.088 0.065  6.876356
 0.088 0.070  7.076602
 0.088 0.075  7.391378
 0.088 0.080  7.776543
 0.088 0.085  8.209781
 0.088 0.090  8.757663
 0.088 0.095  9.419709
 0.088 0.100 10.180913
 0.088 0.105 11.017621
 0.088 0.110 11.967027
 0.088 0.115 13.017944
 0.088 0.120 14.138580
 0.088 0.125 15.336233
 0.088 0.130 16.610645
 0.088 0.135 17.955894
 0.088 0.140 19.409091
 0.088 0.145 20.922221
 0.088 0.150 22.536566
 0.090 0.000 13.257097
 0.090 0.005 12.310936
 0.090 0.010 11.381795
 0.090 0.015 10.538815
 0.090 0.020  9.805904
 0.090 0.025  9.178000
 0.090 0.030  8.610446
 0.090 0.035  8.154923
 0.090 0.040  7.790536
 0.090 0.045  7.476588
 0.090 0.050  7.244208
 0.090 0.055  7.115409
 0.090 0.060  7.055203
 0.090 0.065  7.109651
 0.090 0.070  7.278738
 0.090 0.075  7.562348
 0.090 0.080  7.928999
 0.090 0.085  8.331145
 0.090 0.090  8.847963
 0.090 0.095  9.478986
 0.090 0.100 10.215145
 0.090 0.105 11.020973
 0.090 0.110 11.939581
 0.090 0.115 12.966191
 0.090 0.120 14.056246
 0.090 0.125 15.230523
 0.090 0.130 16.481662
 0.090 0.135 17.796760
 0.090 0.140 19.219972
 0.090 0.145 20.710633
 0.090 0.150 22.295371
 0.092 0.000 13.872602
 0.092 0.005 12.896028
 0.092 0.010 11.946765
 0.092 0.015 11.073187
 0.092 0.020 10.309560
 0.092 0.025  9.656216
 0.092 0.030  9.057775
 0.092 0.035  8.571273
 0.092 0.040  8.181884
 0.092 0.045  7.843406
 0.092 0.050  7.579909
 0.092 0.055  7.425826
 0.092 0.060  7.334441
 0.092 0.065  7.357679
 0.092 0.070  7.495537
 0.092 0.075  7.747913
 0.092 0.080  8.096007
 0.092 0.085  8.466990
 0.092 0.090  8.952673
 0.092 0.095  9.552602
 0.092 0.100 10.263657
 0.092 0.105 11.038534
 0.092 0.110 11.926271
 0.092 0.115 12.925998
 0.092 0.120 13.987920
 0.092 0.125 15.138767
 0.092 0.130 16.366183
 0.092 0.135 17.651451
 0.092 0.140 19.044605
 0.092 0.145 20.512743
 0.092 0.150 22.067803
 0.094 0.000 14.503694
 0.094 0.005 13.496648
 0.094 0.010 12.527221
 0.094 0.015 11.622983
 0.094 0.020 10.828578
 0.094 0.025 10.144646
 0.094 0.030  9.520348
 0.094 0.035  9.002804
 0.094 0.040  8.588358
 0.094 0.045  8.225297
 0.094 0.050  7.930616
 0.094 0.055  7.749855
 0.094 0.060  7.628562
 0.094 0.065  7.620524
 0.094 0.070  7.727085
 0.094 0.075  7.948157
 0.094 0.080  8.271797
 0.094 0.085  8.617402
 0.094 0.090  9.071880
 0.094 0.095  9.640646
 0.094 0.100 10.323149
 0.094 0.105 11.070395
 0.094 0.110 11.927190
 0.094 0.115 12.896071
 0.094 0.120 13.933695
 0.094 0.125 15.061057
 0.094 0.130 16.258020
 0.094 0.135 17.520063
 0.094 0.140 18.883088
 0.094 0.145 20.328650
 0.094 0.150 21.853961
 0.096 0.000 15.150442
 0.096 0.005 14.112864
 0.096 0.010 13.123232
 0.096 0.015 12.188273
 0.096 0.020 11.363029
 0.096 0.025 10.648147
 0.096 0.030  9.998239
 0.096 0.035  9.449589
 0.096 0.040  9.010035
 0.096 0.045  8.622338
 0.096 0.050  8.296408
 0.096 0.055  8.084345
 0.096 0.060  7.937648
 0.096 0.065  7.898266
 0.096 0.070  7.973464
 0.096 0.075  8.163163
 0.096 0.080  8.461634
 0.096 0.085  8.782467
 0.096 0.090  9.205672
 0.096 0.095  9.743204
 0.096 0.100 10.394528
 0.096 0.105 11.116644
 0.096 0.110 11.942429
 0.096 0.115 12.880392
 0.096 0.120 13.893665
 0.096 0.125 14.997487
 0.096 0.130 16.163927
 0.096 0.135 17.402691
 0.096 0.140 18.735519
 0.096 0.145 20.158450
 0.096 0.150 21.653943
 0.098 0.000 15.812909
 0.098 0.005 14.744741
 0.098 0.010 13.734864
 0.098 0.015 12.769126
 0.098 0.020 11.912982
 0.098 0.025 11.167091
 0.098 0.030 10.491521
 0.098 0.035  9.911703
 0.098 0.040  9.444012
 0.098 0.045  9.034603
 0.098 0.050  8.677360
 0.098 0.055  8.433932
 0.098 0.060  8.261777
 0.098 0.065  8.190985
 0.098 0.070  8.234753
 0.098 0.075  8.393015
 0.098 0.080  8.665604
 0.098 0.085  8.962268
 0.098 0.090  9.354132
 0.098 0.095  9.860364
 0.098 0.100 10.480440
 0.098 0.105 11.177371
 0.098 0.110 11.972076
 0.098 0.115 12.879054
 0.098 0.120 13.867920
 0.098 0.125 14.945923
 0.098 0.130 16.083998
 0.098 0.135 17.299430
 0.098 0.140 18.601991
 0.098 0.145 20.002239
 0.098 0.150 21.467847
 0.100 0.000 16.491160
 0.100 0.005 15.392346
 0.100 0.010 14.362184
 0.100 0.015 13.365608
 0.100 0.020 12.478506
 0.100 0.025 11.701546
 0.100 0.030 11.000263
 0.100 0.035 10.389216
 0.100 0.040  9.890213
 0.100 0.045  9.455659
 0.100 0.050  9.073548
 0.100 0.055  8.798690
 0.100 0.060  8.601024
 0.100 0.065  8.498759
 0.100 0.070  8.511032
 0.100 0.075  8.637790
 0.100 0.080  8.878879
 0.100 0.085  9.156887
 0.100 0.090  9.517345
 0.100 0.095  9.992209
 0.100 0.100 10.580971
 0.100 0.105 11.252661
 0.100 0.110 12.016218
 0.100 0.115 12.892144
 0.100 0.120 13.856549
 0.100 0.125 14.903745
 0.100 0.130 16.018324
 0.100 0.135 17.210370
 0.100 0.140 18.482598
 0.100 0.145 19.860111
 0.100 0.150 21.295767
 0.102 0.000 17.185256
 0.102 0.005 16.055740
 0.102 0.010 15.005254
 0.102 0.015 13.977784
 0.102 0.020 13.059667
 0.102 0.025 12.251578
 0.102 0.030 11.524533
 0.102 0.035 10.882198
 0.102 0.040 10.351822
 0.102 0.045  9.891968
 0.102 0.050  9.485042
 0.102 0.055  9.178693
 0.102 0.060  8.955464
 0.102 0.065  8.821662
 0.102 0.070  8.802378
 0.102 0.075  8.897569
 0.102 0.080  9.107093
 0.102 0.085  9.366404
 0.102 0.090  9.695390
 0.102 0.095 10.138821
 0.102 0.100 10.696203
 0.102 0.105 11.342598
 0.102 0.110 12.074942
 0.102 0.115 12.919749
 0.102 0.120 13.859640
 0.102 0.125 14.875962
 0.102 0.130 15.966993
 0.102 0.135 17.135603
 0.102 0.140 18.377431
 0.102 0.145 19.726964
 0.102 0.150 21.137797
 0.104 0.000 17.895256
 0.104 0.005 16.734983
 0.104 0.010 15.661541
 0.104 0.015 14.605715
 0.104 0.020 13.656526
 0.104 0.025 12.817253
 0.104 0.030 12.064397
 0.104 0.035 11.390715
 0.104 0.040 10.828907
 0.104 0.045 10.343705
 0.104 0.050  9.911913
 0.104 0.055  9.574013
 0.104 0.060  9.325170
 0.104 0.065  9.159770
 0.104 0.070  9.108865
 0.104 0.075  9.172426
 0.104 0.080  9.350322
 0.104 0.085  9.590898
 0.104 0.090  9.888347
 0.104 0.095 10.300281
 0.104 0.100 10.826219
 0.104 0.105 11.447265
 0.104 0.110 12.148331
 0.104 0.115 12.961953
 0.104 0.120 13.877279
 0.104 0.125 14.862662
 0.104 0.130 15.930095
 0.104 0.135 17.075218
 0.104 0.140 18.286580
 0.104 0.145 19.605829
 0.104 0.150 20.994028
 0.106 0.000 18.621216
 0.106 0.005 17.430134
 0.106 0.010 16.331018
 0.106 0.015 15.249463
 0.106 0.020 14.269147
 0.106 0.025 13.398633
 0.106 0.030 12.619918
 0.106 0.035 11.914832
 0.106 0.040 11.321535
 0.106 0.045 10.810935
 0.106 0.050 10.354230
 0.106 0.055  9.984718
 0.106 0.060  9.710212
 0.106 0.065  9.513153
 0.106 0.070  9.430567
 0.106 0.075  9.462435
 0.106 0.080  9.608642
 0.106 0.085  9.830443
 0.106 0.090 10.096294
 0.106 0.095 10.476668
 0.106 0.100 10.971098
 0.106 0.105 11.566743
 0.106 0.110 12.236468
 0.106 0.115 13.018841
 0.106 0.120 13.909550
 0.106 0.125 14.863930
 0.106 0.130 15.907716
 0.106 0.135 17.029301
 0.106 0.140 18.210134
 0.106 0.145 19.499034
 0.106 0.150 20.864551
 0.108 0.000 19.363190
 0.108 0.005 18.141247
 0.108 0.010 17.016414
 0.108 0.015 15.909084
 0.108 0.020 14.897588
 0.108 0.025 13.995779
 0.108 0.030 13.191157
 0.108 0.035 12.454612
 0.108 0.040 11.829769
 0.108 0.045 11.293724
 0.108 0.050 10.812058
 0.108 0.055 10.410877
 0.108 0.060 10.110657
 0.108 0.065  9.881881
 0.108 0.070  9.767553
 0.108 0.075  9.767670
 0.108 0.080  9.882126
 0.108 0.085 10.085114
 0.108 0.090 10.319306
 0.108 0.095 10.668058
 0.108 0.100 11.130917
 0.108 0.105 11.701111
 0.108 0.110 12.339431
 0.108 0.115 13.090493
 0.108 0.120 13.953429
 0.108 0.125 14.879849
 0.108 0.130 15.899939
 0.108 0.135 16.991928
 0.108 0.140 18.148180
 0.108 0.145 19.406668
 0.108 0.150 20.749454
 0.110 0.000 20.121231
 0.110 0.005 18.868377
 0.110 0.010 17.717783
 0.110 0.015 16.584635
 0.110 0.020 15.541905
 0.110 0.025 14.608747
 0.110 0.030 13.778175
 0.110 0.035 13.010115
 0.110 0.040 12.353670
 0.110 0.045 11.792134
 0.110 0.050 11.285460
 0.110 0.055 10.852553
 0.110 0.060 10.526573
 0.110 0.065 10.266021
 0.110 0.070 10.119894
 0.110 0.075 10.088199
 0.110 0.080 10.170845
 0.110 0.085 10.351489
 0.110 0.090 10.557455
 0.110 0.095 10.874525
 0.110 0.100 11.305754
 0.110 0.105 11.850445
 0.110 0.110 12.457300
 0.110 0.115 13.176989
 0.110 0.120 14.008659
 0.110 0.125 14.910501
 0.110 0.130 15.906848
 0.110 0.135 16.968007
 0.110 0.140 18.100800
 0.110 0.145 19.328816
 0.110 0.150 20.648825
 0.112 0.000 20.895388
 0.112 0.005 19.611573
 0.112 0.010 18.434461
 0.112 0.015 17.276166
 0.112 0.020 16.202153
 0.112 0.025 15.237594
 0.112 0.030 14.381026
 0.112 0.035 13.581399
 0.112 0.040 12.893299
 0.112 0.045 12.306227
 0.112 0.050 11.774499
 0.112 0.055 11.309810
 0.112 0.060 10.958024
 0.112 0.065 10.665639
 0.112 0.070 10.487655
 0.112 0.075 10.424091
 0.112 0.080 10.474869
 0.112 0.085 10.629976
 0.112 0.090 10.810814
 0.112 0.095 11.096143
 0.112 0.100 11.495681
 0.112 0.105 12.008893
 0.112 0.110 12.590150
 0.112 0.115 13.278406
 0.112 0.120 14.078751
 0.112 0.125 14.955966
 0.112 0.130 15.927758
 0.112 0.135 16.958792
 0.112 0.140 18.068080
 0.112 0.145 19.265562
 0.112 0.150 20.562747
 0.114 0.000 21.685707
 0.114 0.005 20.370884
 0.114 0.010 19.162622
 0.114 0.015 17.983730
 0.114 0.020 16.878383
 0.114 0.025 15.882373
 0.114 0.030 14.996364
 0.114 0.035 14.168520
 0.114 0.040 13.448712
 0.114 0.045 12.836059
 0.114 0.050 12.279234
 0.114 0.055 11.782709
 0.114 0.060 11.399822
 0.114 0.065 11.080797
 0.114 0.070 10.870900
 0.114 0.075 10.775411
 0.114 0.080 10.794263
 0.114 0.085 10.923788
 0.114 0.090 11.079452
 0.114 0.095 11.332981
 0.114 0.100 11.700770
 0.114 0.105 12.182298
 0.114 0.110 12.738056
 0.114 0.115 13.394820
 0.114 0.120 14.163780
 0.114 0.125 15.016321
 0.114 0.130 15.957002
 0.114 0.135 16.964363
 0.114 0.140 18.050099
 0.114 0.145 19.216988
 0.114 0.150 20.491253
 0.116 0.000 22.492232
 0.116 0.005 21.146356
 0.116 0.010 19.906896
 0.116 0.015 18.707374
 0.116 0.020 17.570644
 0.116 0.025 16.543135
 0.116 0.030 15.625517
 0.116 0.035 14.771530
 0.116 0.040 14.019963
 0.116 0.045 13.380220
 0.116 0.050 12.797760
 0.116 0.055 12.271306
 0.116 0.060 11.856483
 0.116 0.065 11.511556
 0.116 0.070 11.269692
 0.116 0.075 11.142223
 0.116 0.080 11.129094
 0.116 0.085 11.230154
 0.116 0.090 11.363435
 0.116 0.095 11.585108
 0.116 0.100 11.921092
 0.116 0.105 12.370878
 0.116 0.110 12.901089
 0.116 0.115 13.526303
 0.116 0.120 14.263821
 0.116 0.125 15.091642
 0.116 0.130 16.001154
 0.116 0.135 16.984797
 0.116 0.140 18.046936
 0.116 0.145 19.183175
 0.116 0.150 20.426987
 0.118 0.000 23.315006
 0.118 0.005 21.938030
 0.118 0.010 20.667328
 0.118 0.015 19.447144
 0.118 0.020 18.278984
 0.118 0.025 17.219927
 0.118 0.030 16.270653
 0.118 0.035 15.390481
 0.118 0.040 14.607105
 0.118 0.045 13.935473
 0.118 0.050 13.327316
 0.118 0.055 12.775659
 0.118 0.060 12.328846
 0.118 0.065 11.957974
 0.118 0.070 11.684090
 0.118 0.075 11.524587
 0.118 0.080 11.479424
 0.118 0.085 11.548460
 0.118 0.090 11.662827
 0.118 0.095 11.852590
 0.118 0.100 12.156712
 0.118 0.105 12.574702
 0.118 0.110 13.079320
 0.118 0.115 13.672928
 0.118 0.120 14.378946
 0.118 0.125 15.182003
 0.118 0.130 16.060288
 0.118 0.135 17.020170
 0.118 0.140 18.058668
 0.118 0.145 19.164200
 0.118 0.150 20.377502
 0.120 0.000 24.154067
 0.120 0.005 22.745948
 0.120 0.010 21.443959
 0.120 0.015 20.203080
 0.120 0.020 19.003446
 0.120 0.025 17.912795
 0.120 0.030 16.931817
 0.120 0.035 16.025420
 0.120 0.040 15.210187
 0.120 0.045 14.506618
 0.120 0.050 13.872722
 0.120 0.055 13.295820
 0.120 0.060 12.816968
 0.120 0.065 12.420106
 0.120 0.070 12.114151
 0.120 0.075 11.922562
 0.120 0.080 11.845311
 0.120 0.085 11.882271
 0.120 0.090 11.977692
 0.120 0.095 12.135489
 0.120 0.100 12.407697
 0.120 0.105 12.793835
 0.120 0.110 13.272815
 0.120 0.115 13.834762
 0.120 0.120 14.509226
 0.120 0.125 15.287474
 0.120 0.130 16.134478
 0.120 0.135 17.070556
 0.120 0.140 18.085370
 0.120 0.145 19.160140
 0.120 0.150 20.342877
 0.122 0.000 25.009451
 0.122 0.005 23.570147
 0.122 0.010 22.236828
 0.122 0.015 20.975224
 0.122 0.020 19.744071
 0.122 0.025 18.621781
 0.122 0.030 17.609053
 0.122 0.035 16.676392
 0.122 0.040 15.829255
 0.122 0.045 15.093701
 0.122 0.050 14.434026
 0.122 0.055 13.831839
 0.122 0.060 13.320898
 0.122 0.065 12.898007
 0.122 0.070 12.559930
 0.122 0.075 12.336204
 0.122 0.080 12.226814
 0.122 0.085 12.231647
 0.122 0.090 12.308088
 0.122 0.095 12.433869
 0.122 0.100 12.674108
 0.122 0.105 13.028341
 0.122 0.110 13.481640
 0.122 0.115 14.011873
 0.122 0.120 14.654729
 0.122 0.125 15.408125
 0.122 0.130 16.223794
 0.122 0.135 17.136026
 0.122 0.140 18.120973
 0.122 0.145 19.171068
 0.122 0.150 20.323186
 0.124 0.000 25.881191
 0.124 0.005 24.410661
 0.124 0.010 23.045971
 0.124 0.015 21.763613
 0.124 0.020 20.500898
 0.124 0.025 19.346925
 0.124 0.030 18.302404
 0.124 0.035 17.343441
 0.124 0.040 16.464355
 0.124 0.045 15.696770
 0.124 0.050 15.011276
 0.124 0.055 14.383764
 0.124 0.060 13.840688
 0.124 0.065 13.391726
 0.124 0.070 13.021479
 0.124 0.075 12.765567
 0.124 0.080 12.623989
 0.124 0.085 12.596643
 0.124 0.090 12.654073
 0.124 0.095 12.747786
 0.124 0.100 12.956006
 0.124 0.105 13.278283
 0.124 0.110 13.705857
 0.124 0.115 14.204324
 0.124 0.120 14.815520
 0.124 0.125 15.538585
 0.124 0.130 16.328303
 0.124 0.135 17.216649
 0.124 0.140 18.170537
 0.124 0.145 19.197056
 0.124 0.150 20.318502
 0.126 0.000 26.769317
 0.126 0.005 25.267522
 0.126 0.010 23.871420
 0.126 0.015 22.563643
 0.126 0.020 21.273962
 0.126 0.025 20.088265
 0.126 0.030 19.011908
 0.126 0.035 18.026606
 0.126 0.040 17.115526
 0.126 0.045 16.315866
 0.126 0.050 15.604516
 0.126 0.055 14.951642
 0.126 0.060 14.376382
 0.126 0.065 13.901312
 0.126 0.070 13.498847
 0.126 0.075 13.210701
 0.126 0.080 13.036886
 0.126 0.085 12.977313
 0.126 0.090 13.012879
 0.126 0.095 13.077298
 0.126 0.100 13.253449
 0.126 0.105 13.543720
 0.126 0.110 13.945528
 0.126 0.115 14.412177
 0.126 0.120 14.991662
 0.126 0.125 15.683138
 0.126 0.130 16.448072
 0.126 0.135 17.311622
 0.126 0.140 18.235270
 0.126 0.145 19.238173
 0.126 0.150 20.328897
 0.128 0.000 27.673856
 0.128 0.005 26.140759
 0.128 0.010 24.713207
 0.128 0.015 23.379233
 0.128 0.020 22.063296
 0.128 0.025 20.845835
 0.128 0.030 19.737601
 0.128 0.035 18.725924
 0.128 0.040 17.782808
 0.128 0.045 16.951029
 0.128 0.050 16.213787
 0.128 0.055 15.535513
 0.128 0.060 14.928027
 0.128 0.065 14.426809
 0.128 0.070 13.992081
 0.128 0.075 13.671655
 0.128 0.080 13.465556
 0.128 0.085 13.373709
 0.128 0.090 13.383446
 0.128 0.095 13.422458
 0.128 0.100 13.566491
 0.128 0.105 13.824707
 0.128 0.110 14.196577
 0.128 0.115 14.635492
 0.128 0.120 15.183216
 0.128 0.125 15.843052
 0.128 0.130 16.583164
 0.128 0.135 17.415377
 0.128 0.140 18.315238
 0.128 0.145 19.294486
 0.128 0.150 20.354437
 0.130 0.000 28.594833
 0.130 0.005 27.030397
 0.130 0.010 25.571359
 0.130 0.015 24.211155
 0.130 0.020 22.868930
 0.130 0.025 21.619665
 0.130 0.030 20.479514
 0.130 0.035 19.441429
 0.130 0.040 18.466236
 0.130 0.045 17.602297
 0.130 0.050 16.839127
 0.130 0.055 16.135418
 0.130 0.060 15.495662
 0.130 0.065 14.968261
 0.130 0.070 14.501224
 0.130 0.075 14.148474
 0.130 0.080 13.910046
 0.130 0.085 13.785879
 0.130 0.090 13.769750
 0.130 0.095 13.783316
 0.130 0.100 13.895186
 0.130 0.105 14.121300
 0.130 0.110 14.461144
 0.130 0.115 14.874325
 0.130 0.120 15.390241
 0.130 0.125 16.018389
 0.130 0.130 16.733640
 0.130 0.135 17.534467
 0.130 0.140 18.410504
 0.130 0.145 19.366059
 0.130 0.150 20.395190
 0.132 0.000 29.532268
 0.132 0.005 27.936458
 0.132 0.010 26.445898
 0.132 0.015 25.059435
 0.132 0.020 23.690890
 0.132 0.025 22.409785
 0.132 0.030 21.237679
 0.132 0.035 20.173151
 0.132 0.040 19.165843
 0.132 0.045 18.269704
 0.132 0.050 17.480572
 0.132 0.055 16.751394
 0.132 0.060 16.079325
 0.132 0.065 15.520733
 0.132 0.070 15.026319
 0.132 0.075 14.641201
 0.132 0.080 14.370400
 0.132 0.085 14.213870
 0.132 0.090 14.171461
 0.132 0.095 14.159922
 0.132 0.100 14.239583
 0.132 0.105 14.433549
 0.132 0.110 14.741321
 0.132 0.115 15.128731
 0.132 0.120 15.612792
 0.132 0.125 16.209206
 0.132 0.130 16.899558
 0.132 0.135 17.668952
 0.132 0.140 18.521129
 0.132 0.145 19.452955
 0.132 0.150 20.451219
 0.134 0.000 30.486179
 0.134 0.005 28.858963
 0.134 0.010 27.336847
 0.134 0.015 25.920722
 0.134 0.020 24.529200
 0.134 0.025 23.216219
 0.134 0.030 22.012121
 0.134 0.035 20.917595
 0.134 0.040 19.881659
 0.134 0.045 18.953281
 0.134 0.050 18.136478
 0.134 0.055 17.377660
 0.134 0.060 16.679053
 0.134 0.065 16.088067
 0.134 0.070 15.567403
 0.134 0.075 15.149876
 0.134 0.080 14.846660
 0.134 0.085 14.657723
 0.134 0.090 14.582929
 0.134 0.095 14.552321
 0.134 0.100 14.599729
 0.134 0.105 14.761503
 0.134 0.110 15.037160
 0.134 0.115 15.398761
 0.134 0.120 15.850921
 0.134 0.125 16.415556
 0.134 0.130 17.080974
 0.134 0.135 17.818890
 0.134 0.140 18.647172
 0.134 0.145 19.554840
 0.134 0.150 20.522584
 0.136 0.000 31.456580
 0.136 0.005 29.797927
 0.136 0.010 28.244223
 0.136 0.015 26.796368
 0.136 0.020 25.383881
 0.136 0.025 24.038988
 0.136 0.030 22.802865
 0.136 0.035 21.676207
 0.136 0.040 20.613709
 0.136 0.045 19.653056
 0.136 0.050 18.803903
 0.136 0.055 18.019033
 0.136 0.060 17.294878
 0.136 0.065 16.671460
 0.136 0.070 16.124511
 0.136 0.075 15.674535
 0.136 0.080 15.338864
 0.136 0.085 15.117479
 0.136 0.090 15.010258
 0.136 0.095 14.960555
 0.136 0.100 14.975668
 0.136 0.105 15.105208
 0.136 0.110 15.348706
 0.136 0.115 15.684463
 0.136 0.120 16.104680
 0.136 0.125 16.637492
 0.136 0.130 17.277940
 0.136 0.135 17.984334
 0.136 0.140 18.788687
 0.136 0.145 19.665193
 0.136 0.150 20.609345
 0.138 0.000 32.443483
 0.138 0.005 30.753362
 0.138 0.010 29.168040
 0.138 0.015 27.688424
 0.138 0.020 26.254948
 0.138 0.025 24.878113
 0.138 0.030 23.609930
 0.138 0.035 22.451107
 0.138 0.040 21.362018
 0.138 0.045 20.369054
 0.138 0.050 19.487516
 0.138 0.055 18.676563
 0.138 0.060 17.926828
 0.138 0.065 17.270940
 0.138 0.070 16.697676
 0.138 0.075 16.215212
 0.138 0.080 15.847048
 0.138 0.085 15.593175
 0.138 0.090 15.453488
 0.138 0.095 15.384664
 0.138 0.100 15.367442
 0.138 0.105 15.464707
 0.138 0.110 15.676004
 0.138 0.115 15.985883
 0.138 0.120 16.374116
 0.138 0.125 16.875062
 0.138 0.130 17.487861
 0.138 0.135 18.165337
 0.138 0.140 18.945729
 0.138 0.145 19.791029
 0.138 0.150 20.711556
 0.140 0.000 33.446895
 0.140 0.005 31.725279
 0.140 0.010 30.108309
 0.140 0.015 28.596903
 0.140 0.020 27.142416
 0.140 0.025 25.733607
 0.140 0.030 24.433334
 0.140 0.035 23.242313
 0.140 0.040 22.126605
 0.140 0.045 21.101298
 0.140 0.050 20.187339
 0.140 0.055 19.350274
 0.140 0.060 18.574930
 0.140 0.065 17.886537
 0.140 0.070 17.286927
 0.140 0.075 16.771939
 0.140 0.080 16.371243
 0.140 0.085 16.084846
 0.140 0.090 15.912654
 0.140 0.095 15.824686
 0.140 0.100 15.775089
 0.140 0.105 15.840040
 0.140 0.110 16.019098
 0.140 0.115 16.303065
 0.140 0.120 16.659272
 0.140 0.125 17.128313
 0.140 0.130 17.709343
 0.140 0.135 18.361949
 0.140 0.140 19.115899
 0.140 0.145 19.932401
 0.140 0.150 20.829270
 0.142 0.000 34.466821
 0.142 0.005 32.713683
 0.142 0.010 31.065038
 0.142 0.015 29.521813
 0.142 0.020 28.046296
 0.142 0.025 26.605484
 0.142 0.030 25.273090
 0.142 0.035 24.049842
 0.142 0.040 22.907487
 0.142 0.045 21.849804
 0.142 0.050 20.903394
 0.142 0.055 20.040189
 0.142 0.060 19.239208
 0.142 0.065 18.518275
 0.142 0.070 17.892290
 0.142 0.075 17.344743
 0.142 0.080 16.911481
 0.142 0.085 16.592522
 0.142 0.090 16.387789
 0.142 0.095 16.276937
 0.142 0.100 16.198645
 0.142 0.105 16.231243
 0.142 0.110 16.378024
 0.142 0.115 16.636048
 0.142 0.120 16.960192
 0.142 0.125 17.397289
 0.142 0.130 17.946509
 0.142 0.135 18.574214
 0.142 0.140 19.296687
 0.142 0.145 20.089358
 0.142 0.150 20.962539
 0.144 0.000 35.503261
 0.144 0.005 33.718576
 0.144 0.010 32.038231
 0.144 0.015 30.463162
 0.144 0.020 28.966594
 0.144 0.025 27.493752
 0.144 0.030 26.129209
 0.144 0.035 24.873704
 0.144 0.040 23.704678
 0.144 0.045 22.614590
 0.144 0.050 21.635696
 0.144 0.055 20.746325
 0.144 0.060 19.919679
 0.144 0.065 19.166175
 0.144 0.070 18.513787
 0.144 0.075 17.933648
 0.144 0.080 17.467785
 0.144 0.085 17.116232
 0.144 0.090 16.878923
 0.144 0.095 16.742036
 0.144 0.100 16.638141
 0.144 0.105 16.638352
 0.144 0.110 16.752818
 0.144 0.115 16.981024
 0.144 0.120 17.276913
 0.144 0.125 17.682029
 0.144 0.130 18.199403
 0.144 0.135 18.802176
 0.144 0.140 19.493135
 0.144 0.145 20.261945
 0.144 0.150 21.111408
 0.146 0.000 36.556213
 0.146 0.005 34.739958
 0.146 0.010 33.027889
 0.146 0.015 31.420950
 0.146 0.020 29.900320
 0.146 0.025 28.398416
 0.146 0.030 27.001698
 0.146 0.035 25.713908
 0.146 0.040 24.518187
 0.146 0.045 23.395665
 0.146 0.050 22.384261
 0.146 0.055 21.468697
 0.146 0.060 20.616362
 0.146 0.065 19.830256
 0.146 0.070 19.151439
 0.146 0.075 18.538675
 0.146 0.080 18.040180
 0.146 0.085 17.655999
 0.146 0.090 17.386081
 0.146 0.095 17.223131
 0.146 0.100 17.093607
 0.146 0.105 17.061396
 0.146 0.110 17.143515
 0.146 0.115 17.339460
 0.146 0.120 17.609472
 0.146 0.125 17.982571
 0.146 0.130 18.468063
 0.146 0.135 19.045876
 0.146 0.140 19.705284
 0.146 0.145 20.450206
 0.146 0.150 21.275924
 0.148 0.000 37.625670
 0.148 0.005 35.777823
 0.148 0.010 34.034008
 0.148 0.015 32.395177
 0.148 0.020 30.847994
 0.148 0.025 29.319477
 0.148 0.030 27.890560
 0.148 0.035 26.570461
 0.148 0.040 25.348022
 0.148 0.045 24.193040
 0.148 0.050 23.149096
 0.148 0.055 22.207318
 0.148 0.060 21.329268
 0.148 0.065 20.510531
 0.148 0.070 19.805222
 0.148 0.075 19.159843
 0.148 0.080 18.628686
 0.148 0.085 18.211846
 0.148 0.090 17.909287
 0.148 0.095 17.720250
 0.148 0.100 17.565069
 0.148 0.105 17.500404
 0.148 0.110 17.550141
 0.148 0.115 17.713794
 0.148 0.120 17.957900
 0.148 0.125 18.298948
 0.148 0.130 18.752525
 0.148 0.135 19.305351
 0.148 0.140 19.933173
 0.148 0.145 20.654181
 0.148 0.150 21.452800
 0.150 0.000 38.711621
 0.150 0.005 36.832163
 0.150 0.010 35.056582
 0.150 0.015 33.385837
 0.150 0.020 31.812082
 0.150 0.025 30.256934
 0.150 0.030 28.795794
 0.150 0.035 27.443362
 0.150 0.040 26.194185
 0.150 0.045 25.006718
 0.150 0.050 23.930210
 0.150 0.055 22.962194
 0.150 0.060 22.054060
 0.150 0.065 21.207013
 0.150 0.070 20.469012
 0.150 0.075 19.797166
 0.150 0.080 19.233318
 0.150 0.085 18.783791
 0.150 0.090 18.448562
 0.150 0.095 18.227508
 0.150 0.100 18.052550
 0.150 0.105 17.955400
 0.150 0.110 17.972725
 0.150 0.115 18.104053
 0.150 0.120 18.322227
 0.150 0.125 18.631193
 0.150 0.130 19.052821
 0.150 0.135 19.580635
 0.150 0.140 20.176839
 0.150 0.145 20.873907
 0.150 0.150 21.641298
 0.152 0.000 39.814053
 0.152 0.005 37.902966
 0.152 0.010 36.095600
 0.152 0.015 34.392923
 0.152 0.020 32.792578
 0.152 0.025 31.210780
 0.152 0.030 29.717398
 0.152 0.035 28.332611
 0.152 0.040 27.056675
 0.152 0.045 25.836701
 0.152 0.050 24.727605
 0.152 0.055 23.729901
 0.152 0.060 22.792521
 0.152 0.065 21.919709
 0.152 0.070 21.148990
 0.152 0.075 20.450655
 0.152 0.080 19.854089
 0.152 0.085 19.371847
 0.152 0.090 19.003920
 0.152 0.095 18.750200
 0.152 0.100 18.556068
 0.152 0.105 18.426405
 0.152 0.110 18.411288
 0.152 0.115 18.510263
 0.152 0.120 18.702480
 0.152 0.125 18.979333
 0.152 0.130 19.368982
 0.152 0.135 19.870569
 0.152 0.140 20.436314
 0.152 0.145 21.109418
 0.152 0.150 21.845550
 0.154 0.000 40.932947
 0.154 0.005 38.990215
 0.154 0.010 37.151048
 0.154 0.015 35.416421
 0.154 0.020 33.787256
 0.154 0.025 32.181007
 0.154 0.030 30.655362
 0.154 0.035 29.238201
 0.154 0.040 27.930242
 0.154 0.045 26.682986
 0.154 0.050 25.541281
 0.154 0.055 24.510898
 0.154 0.060 23.547220
 0.154 0.065 22.648623
 0.154 0.070 21.845162
 0.154 0.075 21.120318
 0.154 0.080 20.491008
 0.154 0.085 19.976027
 0.154 0.090 19.575376
 0.154 0.095 19.288963
 0.154 0.100 19.075640
 0.154 0.105 18.913436
 0.154 0.110 18.865850
 0.154 0.115 18.932443
 0.154 0.120 19.098680
 0.154 0.125 19.343392
 0.154 0.130 19.701034
 0.154 0.135 20.170764
 0.154 0.140 20.711627
 0.154 0.145 21.355360
 0.154 0.150 22.065588
 0.156 0.000 42.068282
 0.156 0.005 40.093891
 0.156 0.010 38.222907
 0.156 0.015 36.456315
 0.156 0.020 34.795045
 0.156 0.025 33.167601
 0.156 0.030 31.609676
 0.156 0.035 30.160122
 0.156 0.040 28.819669
 0.156 0.045 27.545567
 0.156 0.050 26.371233
 0.156 0.055 25.308151
 0.156 0.060 24.318157
 0.156 0.065 23.393755
 0.156 0.070 22.557531
 0.156 0.075 21.806157
 0.156 0.080 21.144082
 0.156 0.085 20.596337
 0.156 0.090 20.162939
 0.156 0.095 19.843808
 0.156 0.100 19.611278
 0.156 0.105 19.416508
 0.156 0.110 19.336428
 0.156 0.115 19.370613
 0.156 0.120 19.510848
 0.156 0.125 19.723392
 0.156 0.130 20.048999
 0.156 0.135 20.486845
 0.156 0.140 21.002805
 0.156 0.145 21.615015
 0.156 0.150 22.301442
 0.158 0.000 43.220032
 0.158 0.005 41.213970
 0.158 0.010 39.311156
 0.158 0.015 37.512584
 0.158 0.020 35.819194
 0.158 0.025 34.170545
 0.158 0.030 32.580324
 0.158 0.035 31.098361
 0.158 0.040 29.725397
 0.158 0.045 28.424434
 0.158 0.050 27.217452
 0.158 0.055 26.121653
 0.158 0.060 25.105327
 0.158 0.065 24.155103
 0.158 0.070 23.286096
 0.158 0.075 22.508174
 0.158 0.080 21.813313
 0.158 0.085 21.232782
 0.158 0.090 20.766614
 0.158 0.095 20.414743
 0.158 0.100 20.156967
 0.158 0.105 19.935632
 0.158 0.110 19.823034
 0.158 0.115 19.824787
 0.158 0.120 19.938998
 0.158 0.125 20.119350
 0.158 0.130 20.412898
 0.158 0.135 20.818833
 0.158 0.140 21.309870
 0.158 0.145 21.890531
 0.158 0.150 22.553138
 0.160 0.000 44.388167
 0.160 0.005 42.350422
 0.160 0.010 40.415768
 0.160 0.015 38.585205
 0.160 0.020 36.859683
 0.160 0.025 35.189817
 0.160 0.030 33.567287
 0.160 0.035 32.052902
 0.160 0.040 30.647411
 0.160 0.045 29.319573
 0.160 0.050 28.079928
 0.160 0.055 26.951394
 0.160 0.060 25.908721
 0.160 0.065 24.932659
 0.160 0.070 24.030850
 0.160 0.075 23.226365
 0.160 0.080 22.498698
 0.160 0.085 21.885362
 0.160 0.090 21.386404
 0.160 0.095 21.001772
 0.160 0.100 20.717851
 0.160 0.105 20.470814
 0.160 0.110 20.325676
 0.160 0.115 20.294975
 0.160 0.120 20.378213
 0.160 0.125 20.531281
 0.160 0.130 20.792746
 0.160 0.135 21.166748
 0.160 0.140 21.632841
 0.160 0.145 22.181929
 0.160 0.150 22.820698
 0.162 0.000 45.572652
 0.162 0.005 43.503217
 0.162 0.010 41.536713
 0.162 0.015 39.674149
 0.162 0.020 37.916484
 0.162 0.025 36.225392
 0.162 0.030 34.570541
 0.162 0.035 33.023721
 0.162 0.040 31.585691
 0.162 0.045 30.230966
 0.162 0.050 28.958644
 0.162 0.055 27.797361
 0.162 0.060 26.728326
 0.162 0.065 25.726412
 0.162 0.070 24.791786
 0.162 0.075 23.960722
 0.162 0.080 23.200232
 0.162 0.085 22.554074
 0.162 0.090 22.022308
 0.162 0.095 21.604895
 0.162 0.100 21.294813
 0.162 0.105 21.022059
 0.162 0.110 20.844360
 0.162 0.115 20.781185
 0.162 0.120 20.832050
 0.162 0.125 20.959195
 0.162 0.130 21.188556
 0.162 0.135 21.530602
 0.162 0.140 21.971736
 0.162 0.145 22.489228
 0.162 0.150 23.104140
 0.164 0.000 46.773451
 0.164 0.005 44.672318
 0.164 0.010 42.673956
 0.164 0.015 40.779384
 0.164 0.020 38.989567
 0.164 0.025 37.277241
 0.164 0.030 35.590060
 0.164 0.035 34.010795
 0.164 0.040 32.540215
 0.164 0.045 31.158592
 0.164 0.050 29.853580
 0.164 0.055 28.659536
 0.164 0.060 27.564127
 0.164 0.065 26.536348
 0.164 0.070 25.568891
 0.164 0.075 24.711235
 0.164 0.080 23.917906
 0.164 0.085 23.238910
 0.164 0.090 22.674319
 0.164 0.095 22.224110
 0.164 0.100 21.887852
 0.164 0.105 21.589365
 0.164 0.110 21.379088
 0.164 0.115 21.283420
 0.164 0.120 21.301893
 0.164 0.125 21.403099
 0.164 0.130 21.600336
 0.164 0.135 21.910408
 0.164 0.140 22.326565
 0.164 0.145 22.812442
 0.164 0.150 23.403482
 0.166 0.000 47.990519
 0.166 0.005 45.857684
 0.166 0.010 43.827459
 0.166 0.015 41.900872
 0.166 0.020 40.078897
 0.166 0.025 38.342623
 0.166 0.030 36.625812
 0.166 0.035 35.014092
 0.166 0.040 33.510953
 0.166 0.045 32.102424
 0.166 0.050 30.764713
 0.166 0.055 29.537896
 0.166 0.060 28.416103
 0.166 0.065 27.358302
 0.166 0.070 26.362147
 0.166 0.075 25.475270
 0.166 0.080 24.651708
 0.166 0.085 23.939859
 0.166 0.090 23.342429
 0.166 0.095 22.859408
 0.166 0.100 22.490690
 0.166 0.105 22.172729
 0.166 0.110 21.929858
 0.166 0.115 21.801680
 0.166 0.120 21.787744
 0.166 0.125 21.862997
 0.166 0.130 22.028093
 0.166 0.135 22.306171
 0.166 0.140 22.696382
 0.166 0.145 23.151581
 0.166 0.150 23.716732
 0.168 0.000 49.223810
 0.168 0.005 47.059271
 0.168 0.010 44.997179
 0.168 0.015 43.038573
 0.168 0.020 41.184436
 0.168 0.025 39.421395
 0.168 0.030 37.677761
 0.168 0.035 36.033581
 0.168 0.040 34.497876
 0.168 0.045 33.062433
 0.168 0.050 31.692014
 0.168 0.055 30.432415
 0.168 0.060 29.284164
 0.168 0.065 28.193574
 0.168 0.070 27.171533
 0.168 0.075 26.251775
 0.168 0.080 25.401619
 0.168 0.085 24.656906
 0.168 0.090 24.026625
 0.168 0.095 23.510779
 0.168 0.100 23.109279
 0.168 0.105 22.772143
 0.168 0.110 22.496664
 0.168 0.115 22.335962
 0.168 0.120 22.289602
 0.168 0.125 22.338888
 0.168 0.130 22.471827
 0.168 0.135 22.717897
 0.168 0.140 23.076263
 0.168 0.145 23.506652
 0.168 0.150 24.040351
 0.170 0.000 50.473274
 0.170 0.005 48.277029
 0.170 0.010 46.183069
 0.170 0.015 44.192442
 0.170 0.020 42.306139
 0.170 0.025 40.516328
 0.170 0.030 38.745867
 0.170 0.035 37.069222
 0.170 0.040 35.500946
 0.170 0.045 34.038583
 0.170 0.050 32.635451
 0.170 0.055 31.343064
 0.170 0.060 30.161962
 0.170 0.065 29.044960
 0.170 0.070 27.997026
 0.170 0.075 27.044378
 0.170 0.080 26.167619
 0.170 0.085 25.390032
 0.170 0.090 24.726889
 0.170 0.095 24.178208
 0.170 0.100 23.743913
 0.170 0.105 23.387595
 0.170 0.110 23.079495
 0.170 0.115 22.886257
 0.170 0.120 22.807460
 0.170 0.125 22.830768
 0.170 0.130 22.931536
 0.170 0.135 23.145583
 0.170 0.140 23.472091
 0.170 0.145 23.877658
 0.170 0.150 24.379890
 0.172 0.000 51.738854
 0.172 0.005 49.510904
 0.172 0.010 47.385077
 0.172 0.015 45.362428
 0.172 0.020 43.443959
 0.172 0.025 41.627378
 0.172 0.030 39.830086
 0.172 0.035 38.120975
 0.172 0.040 36.520124
 0.172 0.045 35.028278
 0.172 0.050 33.594988
 0.172 0.055 32.269808
 0.172 0.060 31.055851
 0.172 0.065 29.912431
 0.172 0.070 28.838596
 0.172 0.075 27.853052
 0.172 0.080 26.949682
 0.172 0.085 26.139214
 0.172 0.090 25.443200
 0.172 0.095 24.861676
 0.172 0.100 24.394577
 0.172 0.105 24.016439
 0.172 0.110 23.678339
 0.172 0.115 23.452554
 0.172 0.120 23.341309
 0.172 0.125 23.338629
 0.172 0.130 23.407215
 0.172 0.135 23.589227
 0.172 0.140 23.883865
 0.172 0.145 24.264598
 0.172 0.150 24.735350
 0.174 0.000 53.018234
 0.174 0.005 50.760838
 0.174 0.010 48.603146
 0.174 0.015 46.548478
 0.174 0.020 44.597844
 0.174 0.025 42.752197
 0.174 0.030 40.930369
 0.174 0.035 39.188791
 0.174 0.040 37.555365
 0.174 0.045 36.030847
 0.174 0.050 34.570583
 0.174 0.055 33.212609
 0.174 0.060 31.965793
 0.174 0.065 30.795950
 0.174 0.070 29.696210
 0.174 0.075 28.677764
 0.174 0.080 27.747779
 0.174 0.085 26.904424
 0.174 0.090 26.175534
 0.174 0.095 25.561159
 0.174 0.100 25.061249
 0.174 0.105 24.656967
 0.174 0.110 24.293177
 0.174 0.115 24.034836
 0.174 0.120 23.891135
 0.174 0.125 23.861579
 0.174 0.130 23.898853
 0.174 0.135 24.048820
 0.174 0.140 24.311576
 0.174 0.145 24.667469
 0.174 0.150 25.106730
 0.176 0.000 54.310685
 0.176 0.005 52.026769
 0.176 0.010 49.837217
 0.176 0.015 47.750534
 0.176 0.020 45.767738
 0.176 0.025 43.889793
 0.176 0.030 42.046663
 0.176 0.035 40.272620
 0.176 0.040 38.606621
 0.176 0.045 37.049431
 0.176 0.050 35.562193
 0.176 0.055 34.171423
 0.176 0.060 32.891747
 0.176 0.065 31.695479
 0.176 0.070 30.569831
 0.176 0.075 29.518481
 0.176 0.080 28.561877
 0.176 0.085 27.685631
 0.176 0.090 26.923861
 0.176 0.095 26.276630
 0.176 0.100 25.743904
 0.176 0.105 25.313472
 0.176 0.110 24.923987
 0.176 0.115 24.633085
 0.176 0.120 24.456920
 0.176 0.125 24.395015
 0.176 0.130 24.406436
 0.176 0.135 24.524350
 0.176 0.140 24.755217
 0.176 0.145 25.086262
 0.176 0.150 25.494023
 0.178 0.000 55.619060
 0.178 0.005 53.308629
 0.178 0.010 51.087224
 0.178 0.015 48.968531
 0.178 0.020 46.953579
 0.178 0.025 45.043340
 0.178 0.030 43.178912
 0.178 0.035 41.372407
 0.178 0.040 39.673837
 0.178 0.045 38.083979
 0.178 0.050 36.569768
 0.178 0.055 35.146203
 0.178 0.060 33.833669
 0.178 0.065 32.610974
 0.178 0.070 31.459416
 0.178 0.075 30.375162
 0.178 0.080 29.391937
 0.178 0.085 28.482798
 0.178 0.090 27.688146
 0.178 0.095 27.008057
 0.178 0.100 26.442513
 0.178 0.105 25.985928
 0.178 0.110 25.570744
 0.178 0.115 25.247275
 0.178 0.120 25.038642
 0.178 0.125 24.944384
 0.178 0.130 24.929946
 0.178 0.135 25.015801
 0.178 0.140 25.214773
 0.178 0.145 25.520963
 0.178 0.150 25.897218
 0.180 0.000 56.943287
 0.180 0.005 54.606347
 0.180 0.010 52.353097
 0.180 0.015 50.202403
 0.180 0.020 48.155302
 0.180 0.025 46.212777
 0.180 0.030 44.327051
 0.180 0.035 42.488091
 0.180 0.040 40.756956
 0.180 0.045 39.134434
 0.180 0.050 37.593252
 0.180 0.055 36.136898
 0.180 0.060 34.791508
 0.180 0.065 33.542388
 0.180 0.070 32.364919
 0.180 0.075 31.247762
 0.180 0.080 30.237917
 0.180 0.085 29.295887
 0.180 0.090 28.468353
 0.180 0.095 27.755406
 0.180 0.100 27.157042
 0.180 0.105 26.673159
 0.180 0.110 26.233416
 0.180 0.115 25.877380
 0.180 0.120 25.636276
 0.180 0.125 25.509660
 0.180 0.130 25.469361
 0.180 0.135 25.523153
 0.180 0.140 25.690225
 0.180 0.145 25.969738
 0.180 0.150 26.316301
 0.182 0.000 58.283287
 0.182 0.005 55.919845
 0.182 0.010 53.634761
 0.182 0.015 51.452076
 0.182 0.020 49.372837
 0.182 0.025 47.398035
 0.182 0.030 45.491016
 0.182 0.035 43.619608
 0.182 0.040 41.855916
 0.182 0.045 40.200738
 0.182 0.050 38.632589
 0.182 0.055 37.143451
 0.182 0.060 35.765210
 0.182 0.065 34.489668
 0.182 0.070 33.281256
 0.182 0.075 32.136235
 0.182 0.080 31.099721
 0.182 0.085 30.124852
 0.182 0.090 29.264438
 0.182 0.095 28.518635
 0.182 0.100 27.887452
 0.182 0.105 27.370804
 0.182 0.110 26.911970
 0.182 0.115 26.523366
 0.182 0.120 26.249790
 0.182 0.125 26.090817
 0.182 0.130 26.024654
 0.182 0.135 26.046382
 0.182 0.140 26.181552
 0.182 0.145 26.429343
 0.182 0.150 26.751254
 0.184 0.000 59.638977
 0.184 0.005 57.249043
 0.184 0.010 54.932138
 0.184 0.015 52.717475
 0.184 0.020 50.606108
 0.184 0.025 48.599040
 0.184 0.030 46.670733
 0.184 0.035 44.766889
 0.184 0.040 42.970650
 0.184 0.045 41.282824
 0.184 0.050 39.687715
 0.184 0.055 38.165800
 0.184 0.060 36.754718
 0.184 0.065 35.452757
 0.184 0.070 34.211444
 0.184 0.075 33.040526
 0.184 0.080 31.971102
 0.184 0.085 30.969644
 0.184 0.090 30.076355
 0.184 0.095 29.297699
 0.184 0.100 28.633702
 0.184 0.105 28.084291
 0.184 0.110 27.606367
 0.184 0.115 27.185196
 0.184 0.120 26.879151
 0.184 0.125 26.687821
 0.184 0.130 26.595795
 0.184 0.135 26.585459
 0.184 0.140 26.688727
 0.184 0.145 26.904795
 0.184 0.150 27.202053
 0.186 0.000 61.010268
 0.186 0.005 58.593853
 0.186 0.010 56.245142
 0.186 0.015 53.998515
 0.186 0.020 51.855036
 0.186 0.025 49.815715
 0.186 0.030 47.862623
 0.186 0.035 45.929860
 0.186 0.040 44.101085
 0.186 0.045 42.380623
 0.186 0.050 40.758562
 0.186 0.055 39.203882
 0.186 0.060 37.759966
 0.186 0.065 36.427372
 0.186 0.070 35.157388
 0.186 0.075 33.960579
 0.186 0.080 32.858252
 0.186 0.085 31.830210
 0.186 0.090 30.904053
 0.186 0.095 30.092551
 0.186 0.100 29.395744
 0.186 0.105 28.813577
 0.186 0.110 28.316312
 0.186 0.115 27.862831
 0.186 0.120 27.524320
 0.186 0.125 27.300637
 0.186 0.130 27.182748
 0.186 0.135 27.140351
 0.186 0.140 27.211719
 0.186 0.145 27.396067
 0.186 0.150 27.668673
 0.188 0.000 62.397067
 0.188 0.005 59.954185
 0.188 0.010 57.573685
 0.188 0.015 55.295112
 0.188 0.020 53.119536
 0.188 0.025 51.047978
 0.188 0.030 49.068073
 0.188 0.035 47.108441
 0.188 0.040 45.247145
 0.188 0.045 43.494061
 0.188 0.050 41.845058
 0.188 0.055 40.257625
 0.188 0.060 38.780889
 0.188 0.065 37.415419
 0.188 0.070 36.119025
 0.188 0.075 34.896330
 0.188 0.080 33.761111
 0.188 0.085 32.706492
 0.188 0.090 31.747476
 0.188 0.095 30.903136
 0.188 0.100 30.173528
 0.188 0.105 29.558611
 0.188 0.110 29.035293
 0.188 0.115 28.556223
 0.188 0.120 28.185253
 0.188 0.125 27.929222
 0.188 0.130 27.785475
 0.188 0.135 27.711022
 0.188 0.140 27.750494
 0.188 0.145 27.903125
 0.188 0.150 28.151081
 0.190 0.000 63.799276
 0.190 0.005 61.329942
 0.190 0.010 58.917673
 0.190 0.015 56.607172
 0.190 0.020 54.399518
 0.190 0.025 52.295742
 0.190 0.030 50.289037
 0.190 0.035 48.302550
 0.190 0.040 46.408749
 0.190 0.045 44.623058
 0.190 0.050 42.946250
 0.190 0.055 41.326954
 0.190 0.060 39.817412
 0.190 0.065 38.419080
 0.190 0.070 37.096286
 0.190 0.075 35.847714
 0.190 0.080 34.679614
 0.190 0.085 33.598427
 0.190 0.090 32.606563
 0.190 0.095 31.729397
 0.190 0.100 30.966998
 0.190 0.105 30.319340
 0.190 0.110 29.769976
 0.190 0.115 29.265324
 0.190 0.120 28.861903
 0.190 0.125 28.573532
 0.190 0.130 28.399745
 0.190 0.135 28.297429
 0.190 0.140 28.305013
 0.190 0.145 28.425933
 0.190 0.150 28.649243
 0.192 0.000 65.216793
 0.192 0.005 62.721023
 0.192 0.010 60.277008
 0.192 0.015 57.934599
 0.192 0.020 55.694888
 0.192 0.025 53.558913
 0.192 0.030 51.525425
 0.192 0.035 49.512097
 0.192 0.040 47.585811
 0.192 0.045 45.767532
 0.192 0.050 44.058045
 0.192 0.055 42.411790
 0.192 0.060 40.869458
 0.192 0.065 39.438280
 0.192 0.070 38.089098
 0.192 0.075 36.814659
 0.192 0.080 35.613694
 0.192 0.085 34.505948
 0.192 0.090 33.481250
 0.192 0.095 32.571270
 0.192 0.100 31.776093
 0.192 0.105 31.095707
 0.192 0.110 30.520305
 0.192 0.115 29.990078
 0.192 0.120 29.554217
 0.192 0.125 29.233516
 0.192 0.130 29.027527
 0.192 0.135 28.899526
 0.192 0.140 28.875230
 0.192 0.145 28.964448
 0.192 0.150 29.163119
 0.194 0.000 66.649509
 0.194 0.005 64.127323
 0.194 0.010 61.651584
 0.194 0.015 59.277292
 0.194 0.020 57.005547
 0.194 0.025 54.837396
 0.194 0.030 52.773829
 0.194 0.035 50.736990
 0.194 0.040 48.778238
 0.194 0.045 46.927392
 0.194 0.050 45.185246
 0.194 0.055 43.512048
 0.194 0.060 41.936946
 0.194 0.065 40.472940
 0.194 0.070 39.097382
 0.194 0.075 37.797088
 0.194 0.080 36.563274
 0.194 0.085 35.428982
 0.194 0.090 34.371466
 0.194 0.095 33.428688
 0.194 0.100 32.600747
 0.194 0.105 31.887647
 0.194 0.110 31.286218
 0.194 0.115 30.730427
 0.194 0.120 30.262138
 0.194 0.125 29.909120
 0.194 0.130 29.670940
 0.194 0.135 29.517264
 0.194 0.140 29.461099
 0.194 0.145 29.518625
 0.194 0.150 29.689022
 0.196 0.000 68.097311
 0.196 0.005 65.544592
 0.196 0.010 63.041293
 0.196 0.015 60.635144
 0.196 0.020 58.331389
 0.196 0.025 56.131087
 0.196 0.030 54.035236
 0.196 0.035 51.977129
 0.196 0.040 49.985937
 0.196 0.045 48.102546
 0.196 0.050 46.327762
 0.196 0.055 44.627638
 0.196 0.060 43.019787
 0.196 0.065 41.522974
 0.196 0.070 40.121056
 0.196 0.075 38.794920
 0.196 0.080 37.528277
 0.196 0.085 36.367454
 0.196 0.090 35.277138
 0.196 0.095 34.301579
 0.196 0.100 33.440892
 0.196 0.105 32.695095
 0.196 0.110 32.064111
 0.196 0.115 31.486306
 0.196 0.120 30.985605
 0.196 0.125 30.600284
 0.196 0.130 30.329929
 0.196 0.135 30.150587
 0.196 0.140 30.062566
 0.196 0.145 30.088413
 0.196 0.150 30.227326
 0.198 0.000 69.560081
 0.198 0.005 66.975817
 0.198 0.010 64.446020
 0.198 0.015 62.008042
 0.198 0.020 59.672306
 0.198 0.025 57.439879
 0.198 0.030 55.311771
 0.198 0.035 53.232412
 0.198 0.040 51.208804
 0.198 0.045 49.292893
 0.198 0.050 47.485498
 0.198 0.055 45.758466
 0.198 0.060 44.117890
 0.198 0.065 42.588294
 0.198 0.070 41.160031
 0.198 0.075 39.801260
 0.198 0.080 38.508620
 0.198 0.085 37.321280
 0.198 0.090 36.198185
 0.198 0.095 35.189866
 0.198 0.100 34.296452
 0.198 0.105 33.517977
 0.198 0.110 32.854379
 0.198 0.115 32.257647
 0.198 0.120 31.724551
 0.198 0.125 31.306945
 0.198 0.130 31.004430
 0.198 0.135 30.799436
 0.198 0.140 30.679574
 0.198 0.145 30.673757
 0.198 0.150 30.781200
 0.200 0.000 71.037695
 0.200 0.005 68.421917
 0.200 0.010 65.865647
 0.200 0.015 63.395870
 0.200 0.020 61.028182
 0.200 0.025 58.763660
 0.200 0.030 56.603324
 0.200 0.035 54.502730
 0.200 0.040 52.446734
 0.200 0.045 50.498332
 0.200 0.050 48.658351
 0.200 0.055 46.904433
 0.200 0.060 45.231157
 0.200 0.065 43.668803
 0.200 0.070 42.214216
 0.200 0.075 40.822643
 0.200 0.080 39.504213
 0.200 0.085 38.285719
 0.200 0.090 37.134524
 0.200 0.095 36.093467
 0.200 0.100 35.167348
 0.200 0.105 34.356216
 0.200 0.110 33.660025
 0.200 0.115 33.044377
 0.200 0.120 32.478906
 0.200 0.125 32.029034
 0.200 0.130 31.694379
 0.200 0.135 31.463745
 0.200 0.140 31.312061
 0.200 0.145 31.274598
 0.200 0.150 31.350587
