  -2.9208187540    0.000        0.000        0.000        0.000      0.000        0.000    
  -2.9198979352    0.000        0.000        0.000        0.000      0.000        0.000    
  -2.9189771164    0.000        0.000        0.000        0.000      0.000        0.000    
  -2.9180562977    0.000        0.000        0.000        0.000      0.000        0.000    
  -2.9171354789    0.000        0.000        0.000        0.000      0.000        0.000    
  -2.9162146602    0.000        0.000        0.000        0.000      0.000        0.000    
  -2.9152938414    0.000        0.000        0.000        0.000      0.000        0.000    
  -2.9143730227    0.000        0.000        0.000        0.000      0.000        0.000    
  -2.9134522039    0.000        0.000        0.000        0.000      0.000        0.000    
  -2.9125313852    0.000        0.000        0.000        0.000      0.000        0.000    
  -2.9116105664    0.000        0.000        0.000        0.000      0.000        0.000    
  -2.9106897477    0.000        0.000        0.000        0.000      0.000        0.000    
  -2.9097689289    0.000        0.000        0.000        0.000      0.000        0.000    
  -2.9088481102    0.000        0.000        0.000        0.000      0.000        0.000    
  -2.9079272914    0.000        0.000        0.000        0.000      0.000        0.000    
  -2.9070064726    0.000        0.000        0.000        0.000      0.000        0.000    
  -2.9060856539    0.000        0.000        0.000        0.000      0.000        0.000    
  -2.9051648351    0.000        0.000        0.000        0.000      0.000        0.000    
  -2.9042440164    0.000        0.000        0.000        0.000      0.000        0.000    
  -2.9033231976    0.000        0.000        0.000        0.000      0.000        0.000    
  -2.9024023789    0.000        0.000        0.000        0.000      0.000        0.000    
  -2.9014815601    0.000        0.000        0.000        0.000      0.000        0.000    
  -2.9005607414    0.000        0.000        0.000        0.000      0.000        0.000    
  -2.8996399226    0.000        0.000        0.000        0.000      0.000        0.000    
  -2.8987191039    0.000        0.000        0.000        0.000      0.000        0.000    
  -2.8977982851    0.000        0.000        0.000        0.000      0.000        0.000    
  -2.8968774663    0.000        0.000        0.000        0.000      0.000        0.000    
  -2.8959566476    0.000        0.000        0.000        0.000      0.000        0.000    
  -2.8950358288    0.000        0.000        0.000        0.000      0.000        0.000    
  -2.8941150101    0.000        0.000        0.000        0.000      0.000        0.000    
  -2.8931941913    0.000        0.000        0.000        0.000      0.000        0.000    
  -2.8922733726    0.000        0.000        0.000        0.000      0.000        0.000    
  -2.8913525538    0.000        0.000        0.000        0.000      0.000        0.000    
  -2.8904317351    0.000        0.000        0.000        0.000      0.000        0.000    
  -2.8895109163    0.000        0.000        0.000        0.000      0.000        0.000    
  -2.8885900976    0.000        0.000        0.000        0.000      0.000        0.000    
  -2.8876692788    0.000        0.000        0.000        0.000      0.000        0.000    
  -2.8867484601    0.000        0.000        0.000        0.000      0.000        0.000    
  -2.8858276413    0.000        0.000        0.000        0.000      0.000        0.000    
  -2.8849068225    0.000        0.000        0.000        0.000      0.000        0.000    
  -2.8839860038    0.000        0.000        0.000        0.000      0.000        0.000    
  -2.8830651850    0.000        0.000        0.000        0.000      0.000        0.000    
  -2.8821443663    0.000        0.000        0.000        0.000      0.000        0.000    
  -2.8812235475    0.000        0.000        0.000        0.000      0.000        0.000    
  -2.8803027288    0.000        0.000        0.000        0.000      0.000        0.000    
  -2.8793819100    0.000        0.000        0.000        0.000      0.000        0.000    
  -2.8784610913    0.000        0.000        0.000        0.000      0.000        0.000    
  -2.8775402725    0.000        0.000        0.000        0.000      0.000        0.000    
  -2.8766194538    0.000        0.000        0.000        0.000      0.000        0.000    
  -2.8756986350    0.000        0.000        0.000        0.000      0.000        0.000    
  -2.8747778163    0.000        0.000        0.000        0.000      0.000        0.000    
  -2.8738569975    0.000        0.000        0.000        0.000      0.000        0.000    
  -2.8729361787    0.000        0.000        0.000        0.000      0.000        0.000    
  -2.8720153600    0.000        0.000        0.000        0.000      0.000        0.000    
  -2.8710945412    0.000        0.000        0.000        0.000      0.000        0.000    
  -2.8701737225    0.000        0.000        0.000        0.000      0.000        0.000    
  -2.8692529037    0.000        0.000        0.000        0.000      0.000        0.000    
  -2.8683320850    0.000        0.000        0.000        0.000      0.000        0.000    
  -2.8674112662    0.000        0.000        0.000        0.000      0.000        0.000    
  -2.8664904475    0.000        0.000        0.000        0.000      0.000        0.000    
  -2.8655696287    0.000        0.000        0.000        0.000      0.000        0.000    
  -2.8646488100    0.000        0.000        0.000        0.000      0.000        0.000    
  -2.8637279912    0.000        0.000        0.000        0.000      0.000        0.000    
  -2.8628071725    0.000        0.000        0.000        0.000      0.000        0.000    
  -2.8618863537    0.000        0.000        0.000        0.000      0.000        0.000    
  -2.8609655349    0.000        0.000        0.000        0.000      0.000        0.000    
  -2.8600447162    0.000        0.000        0.000        0.000      0.000        0.000    
  -2.8591238974    0.000        0.000        0.000        0.000      0.000        0.000    
  -2.8582030787    0.000        0.000        0.000        0.000      0.000        0.000    
  -2.8572822599    0.000        0.000        0.000        0.000      0.000        0.000    
  -2.8563614412    0.000        0.000        0.000        0.000      0.000        0.000    
  -2.8554406224    0.000        0.000        0.000        0.000      0.000        0.000    
  -2.8545198037    0.000        0.000        0.000        0.000      0.000        0.000    
  -2.8535989849    0.000        0.000        0.000        0.000      0.000        0.000    
  -2.8526781662    0.000        0.000        0.000        0.000      0.000        0.000    
  -2.8517573474    0.000        0.000        0.000        0.000      0.000        0.000    
  -2.8508365287    0.000        0.000        0.000        0.000      0.000        0.000    
  -2.8499157099    0.000        0.000        0.000        0.000      0.000        0.000    
  -2.8489948911    0.000        0.000        0.000        0.000      0.000        0.000    
  -2.8480740724    0.000        0.000        0.000        0.000      0.000        0.000    
  -2.8471532536    0.000        0.000        0.000        0.000      0.000        0.000    
  -2.8462324349    0.000        0.000        0.000        0.000      0.000        0.000    
  -2.8453116161    0.000        0.000        0.000        0.000      0.000        0.000    
  -2.8443907974    0.000        0.000        0.000        0.000      0.000        0.000    
  -2.8434699786    0.000        0.000        0.000        0.000      0.000        0.000    
  -2.8425491599    0.000        0.000        0.000        0.000      0.000        0.000    
  -2.8416283411    0.000        0.000        0.000        0.000      0.000        0.000    
  -2.8407075224    0.000        0.000        0.000        0.000      0.000        0.000    
  -2.8397867036    0.000        0.000        0.000        0.000      0.000        0.000    
  -2.8388658849    0.000        0.000        0.000        0.000      0.000        0.000    
  -2.8379450661    0.000        0.000        0.000        0.000      0.000        0.000    
  -2.8370242473    0.000        0.000        0.000        0.000      0.000        0.000    
  -2.8361034286    0.000        0.000        0.000        0.000      0.000        0.000    
  -2.8351826098    0.000        0.000        0.000        0.000      0.000        0.000    
  -2.8342617911    0.000        0.000        0.000        0.000      0.000        0.000    
  -2.8333409723    0.000        0.000        0.000        0.000      0.000        0.000    
  -2.8324201536    0.000        0.000        0.000        0.000      0.000        0.000    
  -2.8314993348    0.000        0.000        0.000        0.000      0.000        0.000    
  -2.8305785161    0.000        0.000        0.000        0.000      0.000        0.000    
  -2.8296576973    0.000        0.000        0.000        0.000      0.000        0.000    
  -2.8287368786    0.000        0.000        0.000        0.000      0.000        0.000    
  -2.8278160598    0.000        0.000        0.000        0.000      0.000        0.000    
  -2.8268952410    0.000        0.000        0.000        0.000      0.000        0.000    
  -2.8259744223    0.000        0.000        0.000        0.000      0.000        0.000    
  -2.8250536035    0.000        0.000        0.000        0.000      0.000        0.000    
  -2.8241327848    0.000        0.000        0.000        0.000      0.000        0.000    
  -2.8232119660    0.000        0.000        0.000        0.000      0.000        0.000    
  -2.8222911473    0.000        0.000        0.000        0.000      0.000        0.000    
  -2.8213703285    0.000        0.000        0.000        0.000      0.000        0.000    
  -2.8204495098    0.000        0.000        0.000        0.000      0.000        0.000    
  -2.8195286910    0.000        0.000        0.000        0.000      0.000        0.000    
  -2.8186078723    0.000        0.000        0.000        0.000      0.000        0.000    
  -2.8176870535    0.000        0.000        0.000        0.000      0.000        0.000    
  -2.8167662348    0.000        0.000        0.000        0.000      0.000        0.000    
  -2.8158454160    0.000        0.000        0.000        0.000      0.000        0.000    
  -2.8149245972    0.000        0.000        0.000        0.000      0.000        0.000    
  -2.8140037785    0.000        0.000        0.000        0.000      0.000        0.000    
  -2.8130829597    0.000        0.000        0.000        0.000      0.000        0.000    
  -2.8121621410    0.000        0.000        0.000        0.000      0.000        0.000    
  -2.8112413222    0.000        0.000        0.000        0.000      0.000        0.000    
  -2.8103205035    0.000        0.000        0.000        0.000      0.000        0.000    
  -2.8093996847    0.000        0.000        0.000        0.000      0.000        0.000    
  -2.8084788660    0.000        0.000        0.000        0.000      0.000        0.000    
  -2.8075580472    0.000        0.000        0.000        0.000      0.000        0.000    
  -2.8066372285    0.000        0.000        0.000        0.000      0.000        0.000    
  -2.8057164097    0.000        0.000        0.000        0.000      0.000        0.000    
  -2.8047955910    0.000        0.000        0.000        0.000      0.000        0.000    
  -2.8038747722    0.000        0.000        0.000        0.000      0.000        0.000    
  -2.8029539534    0.000        0.000        0.000        0.000      0.000        0.000    
  -2.8020331347    0.000        0.000        0.000        0.000      0.000        0.000    
  -2.8011123159    0.000        0.000        0.000        0.000      0.000        0.000    
  -2.8001914972    0.000        0.000        0.000        0.000      0.000        0.000    
  -2.7992706784    0.000        0.000        0.000        0.000      0.000        0.000    
  -2.7983498597    0.000        0.000        0.000        0.000      0.000        0.000    
  -2.7974290409    0.000        0.000        0.000        0.000      0.000        0.000    
  -2.7965082222    0.000        0.000        0.000        0.000      0.000        0.000    
  -2.7955874034    0.000        0.000        0.000        0.000      0.000        0.000    
  -2.7946665847    0.000        0.000        0.000        0.000      0.000        0.000    
  -2.7937457659    0.000        0.000        0.000        0.000      0.000        0.000    
  -2.7928249472    0.000        0.000        0.000        0.000      0.000        0.000    
  -2.7919041284    0.000        0.000        0.000        0.000      0.000        0.000    
  -2.7909833096    0.000        0.000        0.000        0.000      0.000        0.000    
  -2.7900624909    0.000        0.000        0.000        0.000      0.000        0.000    
  -2.7891416721    0.000        0.000        0.000        0.000      0.000        0.000    
  -2.7882208534    0.000        0.000        0.000        0.000      0.000        0.000    
  -2.7873000346    0.000        0.000        0.000        0.000      0.000        0.000    
  -2.7863792159    0.000        0.000        0.000        0.000      0.000        0.000    
  -2.7854583971    0.000        0.000        0.000        0.000      0.000        0.000    
  -2.7845375784    0.000        0.000        0.000        0.000      0.000        0.000    
  -2.7836167596    0.000        0.000        0.000        0.000      0.000        0.000    
  -2.7826959409    0.000        0.000        0.000        0.000      0.000        0.000    
  -2.7817751221    0.000        0.000        0.000        0.000      0.000        0.000    
  -2.7808543034    0.000        0.000        0.000        0.000      0.000        0.000    
  -2.7799334846    0.000        0.000        0.000        0.000      0.000        0.000    
  -2.7790126658    0.000        0.000        0.000        0.000      0.000        0.000    
  -2.7780918471    0.000        0.000        0.000        0.000      0.000        0.000    
  -2.7771710283    0.000        0.000        0.000        0.000      0.000        0.000    
  -2.7762502096    0.000        0.000        0.000        0.000      0.000        0.000    
  -2.7753293908    0.000        0.000        0.000        0.000      0.000        0.000    
  -2.7744085721    0.000        0.000        0.000        0.000      0.000        0.000    
  -2.7734877533    0.000        0.000        0.000        0.000      0.000        0.000    
  -2.7725669346    0.000        0.000        0.000        0.000      0.000        0.000    
  -2.7716461158    0.000        0.000        0.000        0.000      0.000        0.000    
  -2.7707252971    0.000        0.000        0.000        0.000      0.000        0.000    
  -2.7698044783    0.000        0.000        0.000        0.000      0.000        0.000    
  -2.7688836596    0.000        0.000        0.000        0.000      0.000        0.000    
  -2.7679628408    0.000        0.000        0.000        0.000      0.000        0.000    
  -2.7670420220    0.000        0.000        0.000        0.000      0.000        0.000    
  -2.7661212033    0.000        0.000        0.000        0.000      0.000        0.000    
  -2.7652003845    0.000        0.000        0.000        0.000      0.000        0.000    
  -2.7642795658    0.000        0.000        0.000        0.000      0.000        0.000    
  -2.7633587470    0.000        0.000        0.000        0.000      0.000        0.000    
  -2.7624379283    0.000        0.000        0.000        0.000      0.000        0.000    
  -2.7615171095    0.000        0.000        0.000        0.000      0.000        0.000    
  -2.7605962908    0.000        0.000        0.000        0.000      0.000        0.000    
  -2.7596754720    0.000        0.000        0.000        0.000      0.000        0.000    
  -2.7587546533    0.000        0.000        0.000        0.000      0.000        0.000    
  -2.7578338345    0.000        0.000        0.000        0.000      0.000        0.000    
  -2.7569130157    0.000        0.000        0.000        0.000      0.000        0.000    
  -2.7559921970    0.000        0.000        0.000        0.000      0.000        0.000    
  -2.7550713782    0.000        0.000        0.000        0.000      0.000        0.000    
  -2.7541505595    0.000        0.000        0.000        0.000      0.000        0.000    
  -2.7532297407    0.000        0.000        0.000        0.000      0.000        0.000    
  -2.7523089220    0.000        0.000        0.000        0.000      0.000        0.000    
  -2.7513881032    0.000        0.000        0.000        0.000      0.000        0.000    
  -2.7504672845    0.000        0.000        0.000        0.000      0.000        0.000    
  -2.7495464657    0.000        0.000        0.000        0.000      0.000        0.000    
  -2.7486256470    0.000        0.000        0.000        0.000      0.000        0.000    
  -2.7477048282    0.000        0.000        0.000        0.000      0.000        0.000    
  -2.7467840095    0.000        0.000        0.000        0.000      0.000        0.000    
  -2.7458631907    0.000        0.000        0.000        0.000      0.000        0.000    
  -2.7449423719    0.000        0.000        0.000        0.000      0.000        0.000    
  -2.7440215532    0.000        0.000        0.000        0.000      0.000        0.000    
  -2.7431007344    0.000        0.000        0.000        14.38      0.000        0.000    
  -2.7421799157    0.000        0.000        0.000        22.41      0.000        0.000    
  -2.7412590969    0.000        0.000        0.000        28.39      0.000        0.000    
  -2.7403382782    0.000        0.000        0.000        33.46      0.000        0.000    
  -2.7394174594    0.000        0.000        0.000        37.98      0.000        0.000    
  -2.7384966407    0.000        0.000        0.000        42.13      0.000        0.000    
  -2.7375758219    0.000        0.000        0.000        46.00      0.000        0.000    
  -2.7366550032    0.000        0.000        0.000        49.68      0.000        0.000    
  -2.7357341844    0.000        0.000        0.000        53.19      0.000        0.000    
  -2.7348133657    0.000        0.000        0.000        56.57      0.000        0.000    
  -2.7338925469    0.000        0.000        0.000        59.85      0.000        0.000    
  -2.7329717281    0.000        0.000        0.000        63.04      0.000        0.000    
  -2.7320509094    0.000        0.000        0.000        66.16      0.000        0.000    
  -2.7311300906    0.000        0.000        0.000        69.21      0.000        0.000    
  -2.7302092719    0.000        0.000        0.000        72.20      0.000        0.000    
  -2.7292884531    0.000        0.000        0.000        75.15      0.000        0.000    
  -2.7283676344    0.000        0.000        0.000        78.06      0.000        0.000    
  -2.7274468156    0.000        0.000        0.000        80.93      0.000        0.000    
  -2.7265259969    0.000        0.000        0.000        83.77      0.000        0.000    
  -2.7256051781    0.000        0.000        0.000        86.59      0.000        0.000    
  -2.7246843594    0.000        0.000        0.000        89.38      0.000        0.000    
  -2.7237635406    0.000        0.000        0.000        92.15      0.000        0.000    
  -2.7228427219    0.000        0.000        0.000        94.90      0.000        0.000    
  -2.7219219031    0.000        0.000        0.000        97.64      0.000        0.000    
  -2.7210010843    0.000        0.000        0.000        100.4      0.000        0.000    
  -2.7200802656    0.000        0.000        0.000        103.1      0.000        0.000    
  -2.7191594468    0.000        0.000        0.000        105.8      0.000        0.000    
  -2.7182386281    0.000        0.000        0.000        108.5      0.000        0.000    
  -2.7173178093    0.000        0.000        0.000        111.2      0.000        0.000    
  -2.7163969906    0.000        0.000        0.000        113.8      0.000        0.000    
  -2.7154761718    0.000        0.000        0.000        116.5      0.000        0.000    
  -2.7145553531    0.000        0.000        0.000        119.2      0.000        0.000    
  -2.7136345343    0.000        0.000        0.000        121.8      0.000        0.000    
  -2.7127137156    0.000        0.000        0.000        124.5      0.000        0.000    
  -2.7117928968    0.000        0.000        0.000        127.2      0.000        0.000    
  -2.7108720781    0.000        0.000        0.000        129.8      0.000        0.000    
  -2.7099512593    0.000        0.000        0.000        132.5      0.000        0.000    
  -2.7090304405    0.000        0.000        0.000        135.2      0.000        0.000    
  -2.7081096218    0.000        0.000        0.000        137.8      0.000        0.000    
  -2.7071888030    0.000        0.000        0.000        140.5      0.000        0.000    
  -2.7062679843    0.000        0.000        0.000        143.2      0.000        0.000    
  -2.7053471655    0.000        0.000        0.000        145.8      0.000        0.000    
  -2.7044263468    0.000        0.000        0.000        148.5      0.000        0.000    
  -2.7035055280    0.000        0.000        0.000        151.2      0.000        0.000    
  -2.7025847093    0.000        0.000        0.000        153.9      0.000        0.000    
  -2.7016638905    0.000        0.000        0.000        156.5      0.000        0.000    
  -2.7007430718    0.000        0.000        0.000        159.2      0.000        0.000    
  -2.6998222530    0.000        0.000        0.000        161.9      0.000        0.000    
  -2.6989014342    0.000        0.000        0.000        164.6      0.000        0.000    
  -2.6979806155    0.000        0.000        0.000        167.3      0.000        0.000    
  -2.6970597967    0.000        0.000        0.000        170.0      0.000        0.000    
  -2.6961389780    0.000        0.000        0.000        172.8      0.000        0.000    
  -2.6952181592    0.000        0.000        0.000        175.5      0.000        0.000    
  -2.6942973405    0.000        0.000        0.000        178.2      0.000        0.000    
  -2.6933765217    0.000        0.000        0.000        181.0      0.000        0.000    
  -2.6924557030    0.000        0.000        0.000        183.7      0.000        0.000    
  -2.6915348842    0.000        0.000        0.000        186.5      0.000        0.000    
  -2.6906140655    0.000        0.000        0.000        189.2      0.000        0.000    
  -2.6896932467    0.000        0.000        0.000        192.0      0.000        0.000    
  -2.6887724280    0.000        0.000        0.000        194.8      0.000        0.000    
  -2.6878516092    0.000        0.000        0.000        197.5      0.000        0.000    
  -2.6869307904    0.000        0.000        0.000        200.3      0.000        0.000    
  -2.6860099717    0.000        0.000        0.000        203.1      0.000        0.000    
  -2.6850891529    0.000        0.000        0.000        205.9      0.000        0.000    
  -2.6841683342    0.000        0.000        0.000        208.7      0.000        0.000    
  -2.6832475154    0.000        0.000        0.000        211.6      0.000        0.000    
  -2.6823266967    0.000        0.000        0.000        214.4      0.000        0.000    
  -2.6814058779    0.000        0.000        0.000        217.2      0.000        0.000    
  -2.6804850592    0.000        0.000        0.000        220.1      0.000        0.000    
  -2.6795642404    0.000        0.000        0.000        222.9      0.000        0.000    
  -2.6786434217    0.000        0.000        0.000        225.8      0.000        0.000    
  -2.6777226029    0.000        0.000        0.000        228.7      0.000        0.000    
  -2.6768017842    0.000        0.000        0.000        231.6      0.000        0.000    
  -2.6758809654    0.000        0.000        0.000        234.5      0.000        0.000    
  -2.6749601466    0.000        0.000        0.000        237.4      0.000        0.000    
  -2.6740393279    0.000        0.000        0.000        240.3      0.000        0.000    
  -2.6731185091    0.000        0.000        0.000        243.2      0.000        0.000    
  -2.6721976904    0.000        0.000        0.000        246.1      0.000        0.000    
  -2.6712768716    0.000        0.000        0.000        249.1      0.000        0.000    
  -2.6703560529    0.000        0.000        0.000        252.0      0.000        0.000    
  -2.6694352341    0.000        0.000        0.000        255.0      0.000        0.000    
  -2.6685144154    0.000        0.000        0.000        258.0      0.000        0.000    
  -2.6675935966    0.000        0.000        0.000        261.0      0.000        0.000    
  -2.6666727779    0.000        0.000        0.000        264.0      0.000        0.000    
  -2.6657519591    0.000        0.000        0.000        267.0      0.000        0.000    
  -2.6648311404    0.000        0.000        0.000        270.0      0.000        0.000    
  -2.6639103216    0.000        0.000        0.000        273.0      0.000        0.000    
  -2.6629895028    0.000        0.000        0.000        276.0      0.000        0.000    
  -2.6620686841    0.000        0.000        0.000        279.1      0.000        0.000    
  -2.6611478653    0.000        0.000        0.000        282.2      0.000        0.000    
  -2.6602270466    0.000        0.000        0.000        285.2      0.000        0.000    
  -2.6593062278    0.000        0.000        0.000        288.3      0.000        0.000    
  -2.6583854091    0.000        0.000        0.000        291.4      0.000        0.000    
  -2.6574645903    0.000        0.000        0.000        294.5      0.000        0.000    
  -2.6565437716    0.000        0.000        0.000        297.6      0.000        0.000    
  -2.6556229528    0.000        0.000        0.000        300.7      0.000        0.000    
  -2.6547021341    0.000        0.000        0.000        303.9      0.000        0.000    
  -2.6537813153    0.000        0.000        0.000        307.0      0.000        0.000    
  -2.6528604966    0.000        0.000        0.000        310.2      0.000        0.000    
  -2.6519396778    0.000        0.000        0.000        313.3      0.000        0.000    
  -2.6510188590    0.000        0.000        0.000        316.5      0.000        0.000    
  -2.6500980403    0.000        0.000        0.000        319.7      0.000        0.000    
  -2.6491772215    0.000        0.000        0.000        322.9      0.000        0.000    
  -2.6482564028    0.000        0.000        0.000        326.1      0.000        0.000    
  -2.6473355840    0.000        0.000        0.000        329.3      0.000        0.000    
  -2.6464147653    0.000        0.000        0.000        332.6      0.000        0.000    
  -2.6454939465    0.000        0.000        0.000        335.8      0.000        0.000    
  -2.6445731278    0.000        0.000        0.000        339.1      0.000        0.000    
  -2.6436523090    0.000        0.000        0.000        342.3      0.000        0.000    
  -2.6427314903    0.000        0.000        0.000        345.6      0.000        0.000    
  -2.6418106715    0.000        0.000        0.000        348.9      0.000        0.000    
  -2.6408898528    0.000        0.000        0.000        352.2      0.000        0.000    
  -2.6399690340    0.000        0.000        0.000        355.5      0.000        0.000    
  -2.6390482152    0.000        0.000        0.000        358.9      0.000        0.000    
  -2.6381273965    0.000        0.000        0.000        362.2      0.000        0.000    
  -2.6372065777    0.000        0.000        0.000        365.5      0.000        0.000    
  -2.6362857590    0.000        0.000        0.000        368.9      0.000        0.000    
  -2.6353649402    0.000        0.000        0.000        372.3      0.000        0.000    
  -2.6344441215    0.000        0.000        0.000        375.7      0.000        0.000    
  -2.6335233027    0.000        0.000        0.000        379.1      0.000        0.000    
  -2.6326024840    0.000        0.000        0.000        382.5      0.000        0.000    
  -2.6316816652    0.000        0.000        0.000        385.9      0.000        0.000    
  -2.6307608465    0.000        0.000        0.000        389.3      0.000        0.000    
  -2.6298400277    0.000        0.000        0.000        392.8      0.000        0.000    
  -2.6289192089    0.000        0.000        0.000        396.2      0.000        0.000    
  -2.6279983902    0.000        0.000        0.000        399.7      0.000        0.000    
  -2.6270775714    0.000        0.000        0.000        403.2      0.000        0.000    
  -2.6261567527    0.000        0.000        0.000        406.7      0.000        0.000    
  -2.6252359339    0.000        0.000        0.000        410.2      0.000        0.000    
  -2.6243151152    0.000        0.000        0.000        413.7      0.000        0.000    
  -2.6233942964    0.000        0.000        0.000        417.3      0.000        0.000    
  -2.6224734777    0.000        0.000        0.000        420.8      0.000        0.000    
  -2.6215526589    0.000        0.000        0.000        424.4      0.000        0.000    
  -2.6206318402    0.000        0.000        0.000        427.9      0.000        0.000    
  -2.6197110214    0.000        0.000        0.000        431.5      0.000        0.000    
  -2.6187902027    0.000        0.000        0.000        435.1      0.000        0.000    
  -2.6178693839    0.000        0.000        0.000        438.7      0.000        0.000    
  -2.6169485651    0.000        0.000        0.000        442.3      0.000        0.000    
  -2.6160277464    0.000        0.000        0.000        446.0      0.000        0.000    
  -2.6151069276    0.000        0.000        0.000        449.6      0.000        0.000    
  -2.6141861089    0.000        0.000        0.000        453.3      0.000        0.000    
  -2.6132652901    0.000        0.000        0.000        456.9      0.000        0.000    
  -2.6123444714    0.000        0.000        0.000        460.6      0.000        0.000    
  -2.6114236526    0.000        0.000        0.000        464.3      0.000        0.000    
  -2.6105028339    0.000        0.000        0.000        468.0      0.000        0.000    
  -2.6095820151    0.000        0.000        0.000        471.7      0.000        0.000    
  -2.6086611964    0.000        0.000        0.000        475.5      0.000        0.000    
  -2.6077403776    0.000        0.000        0.000        479.2      0.000        0.000    
  -2.6068195589    0.000        0.000        0.000        483.0      0.000        0.000    
  -2.6058987401    0.000        0.000        0.000        486.7      0.000        0.000    
  -2.6049779213    0.000        0.000        0.000        490.5      0.000        0.000    
  -2.6040571026    0.000        0.000        0.000        494.3      0.000        0.000    
  -2.6031362838    0.000        0.000        0.000        498.1      0.000        0.000    
  -2.6022154651    0.000        0.000        0.000        502.0      0.000        0.000    
  -2.6012946463    0.000        0.000        0.000        505.8      0.000        0.000    
  -2.6003738276    0.000        0.000        0.000        509.6      0.000        0.000    
  -2.5994530088    0.000        0.000        0.000        513.5      0.000        0.000    
  -2.5985321901    0.000        0.000        0.000        517.4      0.000        0.000    
  -2.5976113713    0.000        0.000        0.000        521.3      0.000        0.000    
  -2.5966905526    0.000        0.000        0.000        525.2      0.000        0.000    
  -2.5957697338    0.000        0.000        0.000        529.1      0.000        0.000    
  -2.5948489151    0.000        0.000        0.000        533.0      0.000        0.000    
  -2.5939280963    0.000        0.000        0.000        536.9      0.000        0.000    
  -2.5930072775    0.000        0.000        0.000        540.9      0.000        0.000    
  -2.5920864588    0.000        0.000        0.000        544.9      0.000        0.000    
  -2.5911656400    0.000        0.000        0.000        548.8      0.000        0.000    
  -2.5902448213    0.000        0.000        0.000        552.8      0.000        0.000    
  -2.5893240025    0.000        0.000        0.000        556.8      0.000        0.000    
  -2.5884031838    0.000        0.000        0.000        560.8      0.000        0.000    
  -2.5874823650    0.000        0.000        0.000        564.9      0.000        0.000    
  -2.5865615463    0.000        0.000        0.000        568.9      0.000        0.000    
  -2.5856407275    0.000        0.000        0.000        573.0      0.000        0.000    
  -2.5847199088    0.000        0.000        0.000        577.1      0.000        0.000    
  -2.5837990900    0.000        0.000        0.000        581.1      0.000        0.000    
  -2.5828782713    0.000        0.000        0.000        585.2      0.000        0.000    
  -2.5819574525    0.000        0.000        0.000        589.3      0.000        0.000    
  -2.5810366337    0.000        0.000        0.000        593.5      0.000        0.000    
  -2.5801158150    0.000        0.000        0.000        597.6      0.000        0.000    
  -2.5791949962    0.000        0.000        0.000        601.8      0.000        0.000    
  -2.5782741775    0.000        0.000        0.000        605.9      0.000        0.000    
  -2.5773533587    0.000        0.000        0.000        610.1      0.000        0.000    
  -2.5764325400    0.000        0.000        0.000        614.3      0.000        0.000    
  -2.5755117212    0.000        0.000        0.000        618.5      0.000        0.000    
  -2.5745909025    0.000        0.000        0.000        622.7      0.000        0.000    
  -2.5736700837    0.000        0.000        0.000        627.0      0.000        0.000    
  -2.5727492650    0.000        0.000        0.000        631.2      0.000        0.000    
  -2.5718284462    0.000        0.000        0.000        635.5      0.000        0.000    
  -2.5709076275    0.000        0.000        0.000        639.7      0.000        0.000    
  -2.5699868087    0.000        0.000        0.000        644.0      0.000        0.000    
  -2.5690659899    0.000        0.000        0.000        648.3      0.000        0.000    
  -2.5681451712    0.000        0.000        0.000        652.7      0.000        0.000    
  -2.5672243524    0.000        0.000        0.000        657.0      0.000        0.000    
  -2.5663035337    0.000        0.000        0.000        661.3      0.000        0.000    
  -2.5653827149    0.000        0.000        0.000        665.7      0.000        0.000    
  -2.5644618962    0.000        0.000        0.000        670.1      0.000        0.000    
  -2.5635410774    0.000        0.000        0.000        674.4      0.000        0.000    
  -2.5626202587    0.000        0.000        0.000        678.8      0.000        0.000    
  -2.5616994399    0.000        0.000        0.000        683.2      0.000        0.000    
  -2.5607786212    0.000        0.000        0.000        687.7      0.000        0.000    
  -2.5598578024    0.000        0.000        0.000        692.1      0.000        0.000    
  -2.5589369836    0.000        0.000        0.000        696.6      0.000        0.000    
  -2.5580161649    0.000        0.000        0.000        701.0      0.000        0.000    
  -2.5570953461    0.000        0.000        0.000        705.5      0.000        0.000    
  -2.5561745274    0.000        0.000        0.000        710.0      0.000        0.000    
  -2.5552537086    0.000        0.000        0.000        714.5      0.000        0.000    
  -2.5543328899    0.000        0.000        0.000        719.1      0.000        0.000    
  -2.5534120711    0.000        0.000        0.000        723.6      0.000        0.000    
  -2.5524912524    0.000        0.000        0.000        728.1      0.000        0.000    
  -2.5515704336    0.000        0.000        0.000        732.7      0.000        0.000    
  -2.5506496149    0.000        0.000        0.000        737.3      0.000        0.000    
  -2.5497287961    0.000        0.000        0.000        741.9      0.000        0.000    
  -2.5488079774    0.000        0.000        0.000        746.5      0.000        0.000    
  -2.5478871586    0.000        0.000        0.000        751.1      0.000        0.000    
  -2.5469663398    0.000        0.000        0.000        755.8      0.000        0.000    
  -2.5460455211    0.000        0.000        0.000        760.4      0.000        0.000    
  -2.5451247023    0.000        0.000        0.000        765.1      0.000        0.000    
  -2.5442038836    0.000        0.000        0.000        769.8      0.000        0.000    
  -2.5432830648    0.000        0.000        0.000        774.5      0.000        0.000    
  -2.5423622461    0.000        0.000        0.000        779.2      0.000        0.000    
  -2.5414414273    0.000        0.000        0.000        783.9      0.000        0.000    
  -2.5405206086    0.000        0.000        0.000        788.6      0.000        0.000    
  -2.5395997898    0.000        0.000        0.000        793.4      0.000        0.000    
  -2.5386789711    0.000        0.000        0.000        798.2      0.000        0.000    
  -2.5377581523    0.000        0.000        0.000        802.9      0.000        0.000    
  -2.5368373336    0.000        0.000        0.000        807.7      0.000        0.000    
  -2.5359165148    0.000        0.000        0.000        812.6      0.000        0.000    
  -2.5349956960    0.000        0.000        0.000        817.4      0.000        0.000    
  -2.5340748773    0.000        0.000        0.000        822.2      0.000        0.000    
  -2.5331540585    0.000        0.000        0.000        827.1      0.000        0.000    
  -2.5322332398    0.000        0.000        0.000        831.9      0.000        0.000    
  -2.5313124210    0.000        0.000        0.000        836.8      0.000        0.000    
  -2.5303916023    0.000        0.000        0.000        841.7      0.000        0.000    
  -2.5294707835    0.000        0.000        0.000        846.6      0.000        0.000    
  -2.5285499648    0.000        0.000        0.000        851.6      0.000        0.000    
  -2.5276291460    0.000        0.000        0.000        856.5      0.000        0.000    
  -2.5267083273    0.000        0.000        0.000        861.5      0.000        0.000    
  -2.5257875085    0.000        0.000        0.000        866.4      0.000        0.000    
  -2.5248666898    0.000        0.000        0.000        871.4      0.000        0.000    
  -2.5239458710    0.000        0.000        0.000        876.4      0.000        0.000    
  -2.5230250522    0.000        0.000        0.000        881.5      0.000        0.000    
  -2.5221042335    0.000        0.000        0.000        886.5      0.000        0.000    
  -2.5211834147    0.000        0.000        0.000        891.5      0.000        0.000    
  -2.5202625960    0.000        0.000        0.000        896.6      0.000        0.000    
  -2.5193417772    0.000        0.000        0.000        901.7      0.000        0.000    
  -2.5184209585    0.000        0.000        0.000        906.8      0.000        0.000    
  -2.5175001397    0.000        0.000        0.000        911.9      0.000        0.000    
  -2.5165793210    0.000        0.000        0.000        917.0      0.000        0.000    
  -2.5156585022    0.000        0.000        0.000        922.1      0.000        0.000    
  -2.5147376835    0.000        0.000        0.000        927.3      0.000        0.000    
  -2.5138168647    0.000        0.000        0.000        932.5      0.000        0.000    
  -2.5128960460    0.000        0.000        0.000        937.7      0.000        0.000    
  -2.5119752272    0.000        0.000        0.000        942.8      0.000        0.000    
  -2.5110544084    0.000        0.000        0.000        948.1      0.000        0.000    
  -2.5101335897    0.000        0.000        0.000        953.3      0.000        0.000    
  -2.5092127709    0.000        0.000        0.000        958.5      0.000        0.000    
  -2.5082919522    0.000        0.000        0.000        963.8      0.000        0.000    
  -2.5073711334    0.000        0.000        0.000        969.1      0.000        0.000    
  -2.5064503147    0.000        0.000        0.000        974.4      0.000        0.000    
  -2.5055294959    0.000        0.000        0.000        979.7      0.000        0.000    
  -2.5046086772    0.000        0.000        0.000        985.0      0.000        0.000    
  -2.5036878584    0.000        0.000        0.000        990.3      0.000        0.000    
  -2.5027670397    0.000        0.000        0.000        995.7      0.000        0.000    
  -2.5018462209    0.000        0.000        0.000        1001.      0.000        0.000    
  -2.5009254022    0.000        0.000        0.000        1006.      0.000        0.000    
  -2.5000045834    0.000        0.000        0.000        1012.      0.000        0.000    
  -2.4990837646    0.000        0.000        0.000        1017.      0.000        0.000    
  -2.4981629459    0.000        0.000        0.000        1023.      0.000        0.000    
  -2.4972421271    0.000        0.000        0.000        1028.      0.000        0.000    
  -2.4963213084    0.000        0.000        0.000        1034.      0.000        0.000    
  -2.4954004896    0.000        0.000        0.000        1039.      0.000        0.000    
  -2.4944796709    0.000        0.000        0.000        1045.      0.000        0.000    
  -2.4935588521    0.000        0.000        0.000        1050.      0.000        0.000    
  -2.4926380334    0.000        0.000        0.000        1056.      0.000        0.000    
  -2.4917172146    0.000        0.000        0.000        1061.      0.000        0.000    
  -2.4907963959    0.000        0.000        0.000        1067.      0.000        0.000    
  -2.4898755771    0.000        0.000        0.000        1072.      0.000        0.000    
  -2.4889547583    0.000        0.000        0.000        1078.      0.000        0.000    
  -2.4880339396    0.000        0.000        0.000        1083.      0.000        0.000    
  -2.4871131208    0.000        0.000        0.000        1089.      0.000        0.000    
  -2.4861923021    0.000        0.000        0.000        1095.      0.000        0.000    
  -2.4852714833    0.000        0.000        0.000        1100.      0.000        0.000    
  -2.4843506646    0.000        0.000        0.000        1106.      0.000        0.000    
  -2.4834298458    0.000        0.000        0.000        1112.      0.000        0.000    
  -2.4825090271    0.000        0.000        0.000        1117.      0.000        0.000    
  -2.4815882083    0.000        0.000        0.000        1123.      0.000        0.000    
  -2.4806673896    0.000        0.000        0.000        1129.      0.000        0.000    
  -2.4797465708    0.000        0.000        0.000        1135.      0.000        0.000    
  -2.4788257521    0.000        0.000        0.000        1140.      0.000        0.000    
  -2.4779049333    0.000        0.000        0.000        1146.      0.000        0.000    
  -2.4769841145    0.000        0.000        0.000        1152.      0.000        0.000    
  -2.4760632958    0.000        0.000        0.000        1158.      0.000        0.000    
  -2.4751424770    0.000        0.000        0.000        1164.      0.000        0.000    
  -2.4742216583    0.000        0.000        0.000        1169.      0.000        0.000    
  -2.4733008395    0.000        0.000        0.000        1175.      0.000        0.000    
  -2.4723800208    0.000        0.000        0.000        1181.      0.000        0.000    
  -2.4714592020    0.000        0.000        0.000        1187.      0.000        0.000    
  -2.4705383833    0.000        0.000        0.000        1193.      0.000        0.000    
  -2.4696175645    0.000        0.000        0.000        1199.      0.000        0.000    
  -2.4686967458    0.000        0.000        0.000        1205.      0.000        0.000    
  -2.4677759270    0.000        0.000        0.000        1211.      0.000        0.000    
  -2.4668551083    0.000        0.000        0.000        1217.      0.000        0.000    
  -2.4659342895    0.000        0.000        0.000        1223.      0.000        0.000    
  -2.4650134707    0.000        0.000        0.000        1229.      0.000        0.000    
  -2.4640926520    0.000        0.000        0.000        1235.      0.000        0.000    
  -2.4631718332    0.000        0.000        0.000        1241.      0.000        0.000    
  -2.4622510145    0.000        0.000        0.000        1247.      0.000        0.000    
  -2.4613301957    0.000        0.000        0.000        1253.      0.000        0.000    
  -2.4604093770    0.000        0.000        0.000        1259.      0.000        0.000    
  -2.4594885582    0.000        0.000        0.000        1265.      0.000        0.000    
  -2.4585677395    0.000        0.000        0.000        1271.      0.000        0.000    
  -2.4576469207    0.000        0.000        0.000        1277.      0.000        0.000    
  -2.4567261020    0.000        0.000        0.000        1284.      0.000        0.000    
  -2.4558052832    0.000        0.000        0.000        1290.      0.000        0.000    
  -2.4548844645    0.000        0.000        0.000        1296.      0.000        0.000    
  -2.4539636457    0.000        0.000        0.000        1302.      0.000        0.000    
  -2.4530428269    0.000        0.000        0.000        1308.      0.000        0.000    
  -2.4521220082    0.000        0.000        0.000        1315.      0.000        0.000    
  -2.4512011894    0.000        0.000        0.000        1321.      0.000        0.000    
  -2.4502803707    0.000        0.000        0.000        1327.      0.000        0.000    
  -2.4493595519    0.000        0.000        0.000        1333.      0.000        0.000    
  -2.4484387332    0.000        0.000        0.000        1340.      0.000        0.000    
  -2.4475179144    0.000        0.000        0.000        1346.      0.000        0.000    
  -2.4465970957    0.000        0.000        0.000        1352.      0.000        0.000    
  -2.4456762769    0.000        0.000        0.000        1359.      0.000        0.000    
  -2.4447554582    0.000        0.000        0.000        1365.      0.000        0.000    
  -2.4438346394    0.000        0.000        0.000        1372.      0.000        0.000    
  -2.4429138207    0.000        0.000        0.000        1378.      0.000        0.000    
  -2.4419930019    0.000        0.000        0.000        1384.      0.000        0.000    
  -2.4410721831    0.000        0.000        0.000        1391.      0.000        0.000    
  -2.4401513644    0.000        0.000        0.000        1397.      0.000        0.000    
  -2.4392305456    0.000        0.000        0.000        1404.      0.000        0.000    
  -2.4383097269    0.000        0.000        0.000        1410.      0.000        0.000    
  -2.4373889081    0.000        0.000        0.000        1417.      0.000        0.000    
  -2.4364680894    0.000        0.000        0.000        1423.      0.000        0.000    
  -2.4355472706    0.000        0.000        0.000        1430.      0.000        0.000    
  -2.4346264519    0.000        0.000        0.000        1436.      0.000        0.000    
  -2.4337056331    0.000        0.000        0.000        1443.      0.000        0.000    
  -2.4327848144    0.000        0.000        0.000        1450.      0.000        0.000    
  -2.4318639956    0.000        0.000        0.000        1456.      0.000        0.000    
  -2.4309431768    0.000        0.000        0.000        1463.      0.000        0.000    
  -2.4300223581    0.000        0.000        0.000        1470.      0.000        0.000    
  -2.4291015393    0.000        0.000        0.000        1476.      0.000        0.000    
  -2.4281807206    0.000        0.000        0.000        1483.      0.000        0.000    
  -2.4272599018    0.000        0.000        0.000        1490.      0.000        0.000    
  -2.4263390831    0.000        0.000        0.000        1496.      0.000        0.000    
  -2.4254182643    0.000        0.000        0.000        1503.      0.000        0.000    
  -2.4244974456    0.000        0.000        0.000        1510.      0.000        0.000    
  -2.4235766268    0.000        0.000        0.000        1517.      0.000        0.000    
  -2.4226558081    0.000        0.000        0.000        1523.      0.000        0.000    
  -2.4217349893    0.000        0.000        0.000        1530.      0.000        0.000    
  -2.4208141706    0.000        0.000        0.000        1537.      0.000        0.000    
  -2.4198933518    0.000        0.000        0.000        1544.      0.000        0.000    
  -2.4189725330    0.000        0.000        0.000        1551.      0.000        0.000    
  -2.4180517143    0.000        0.000        0.000        1558.      0.000        0.000    
  -2.4171308955    0.000        0.000        0.000        1565.      0.000        0.000    
  -2.4162100768    0.000        0.000        0.000        1572.      0.000        0.000    
  -2.4152892580    0.000        0.000        0.000        1578.      0.000        0.000    
  -2.4143684393    0.000        0.000        0.000        1585.      0.000        0.000    
  -2.4134476205    0.000        0.000        0.000        1592.      0.000        0.000    
  -2.4125268018    0.000        0.000        0.000        1599.      0.000        0.000    
  -2.4116059830    0.000        0.000        0.000        1606.      0.000        0.000    
  -2.4106851643    0.000        0.000        0.000        1613.      0.000        0.000    
  -2.4097643455    0.000        0.000        0.000        1620.      0.000        0.000    
  -2.4088435268    0.000        0.000        0.000        1628.      0.000        0.000    
  -2.4079227080    0.000        0.000        0.000        1635.      0.000        0.000    
  -2.4070018892    0.000        0.000        0.000        1642.      0.000        0.000    
  -2.4060810705    0.000        0.000        0.000        1649.      0.000        0.000    
  -2.4051602517    0.000        0.000        0.000        1656.      0.000        0.000    
  -2.4042394330    0.000        0.000        0.000        1663.      0.000        0.000    
  -2.4033186142    0.000        0.000        0.000        1670.      0.000        0.000    
  -2.4023977955    0.000        0.000        0.000        1678.      0.000        0.000    
  -2.4014769767    0.000        0.000        0.000        1685.      0.000        0.000    
  -2.4005561580    0.000        0.000        0.000        1692.      0.000        0.000    
  -2.3996353392    0.000        0.000        0.000        1699.      0.000        0.000    
  -2.3987145205    0.000        0.000        0.000        1707.      0.000        0.000    
  -2.3977937017    0.000        0.000        0.000        1714.      0.000        0.000    
  -2.3968728830    0.000        0.000        0.000        1721.      0.000        0.000    
  -2.3959520642    0.000        0.000        0.000        1728.      0.000        0.000    
  -2.3950312454    0.000        0.000        0.000        1736.      0.000        0.000    
  -2.3941104267    0.000        0.000        0.000        1743.      0.000        0.000    
  -2.3931896079    0.000        0.000        0.000        1751.      0.000        0.000    
  -2.3922687892    0.000        0.000        0.000        1758.      0.000        0.000    
  -2.3913479704    0.000        0.000        0.000        1765.      0.000        0.000    
  -2.3904271517    0.000        0.000        0.000        1773.      0.000        0.000    
  -2.3895063329    0.000        0.000        0.000        1780.      0.000        0.000    
  -2.3885855142    0.000        0.000        0.000        1788.      0.000        0.000    
  -2.3876646954    0.000        0.000        0.000        1795.      0.000        0.000    
  -2.3867438767    0.000        0.000        0.000        1803.      0.000        0.000    
  -2.3858230579    0.000        0.000        0.000        1810.      0.000        0.000    
  -2.3849022392    0.000        0.000        0.000        1818.      0.000        0.000    
  -2.3839814204    0.000        0.000        0.000        1825.      0.000        0.000    
  -2.3830606016    0.000        0.000        0.000        1833.      0.000        0.000    
  -2.3821397829    0.000        0.000        0.000        1841.      0.000        0.000    
  -2.3812189641    0.000        0.000        0.000        1848.      0.000        0.000    
  -2.3802981454    0.000        0.000        0.000        1856.      0.000        0.000    
  -2.3793773266    0.000        0.000        0.000        1864.      0.000        0.000    
  -2.3784565079    0.000        0.000        0.000        1871.      0.000        0.000    
  -2.3775356891    0.000        0.000        0.000        1879.      0.000        0.000    
  -2.3766148704    0.000        0.000        0.000        1887.      0.000        0.000    
  -2.3756940516    0.000        0.000        0.000        1895.      0.000        0.000    
  -2.3747732329    0.000        0.000        0.000        1902.      0.000        0.000    
  -2.3738524141    0.000        0.000        0.000        1910.      0.000        0.000    
  -2.3729315954    0.000        0.000        0.000        1918.      0.000        0.000    
  -2.3720107766    0.000        0.000        0.000        1926.      0.000        0.000    
  -2.3710899578    0.000        0.000        0.000        1934.      0.000        0.000    
  -2.3701691391    0.000        0.000        0.000        1941.      0.000        0.000    
  -2.3692483203    0.000        0.000        0.000        1949.      0.000        0.000    
  -2.3683275016    0.000        0.000        0.000        1957.      0.000        0.000    
  -2.3674066828    0.000        0.000        0.000        1965.      0.000        0.000    
  -2.3664858641    0.000        0.000        0.000        1973.      0.000        0.000    
  -2.3655650453    0.000        0.000        0.000        1981.      0.000        0.000    
  -2.3646442266    0.000        0.000        0.000        1989.      0.000        0.000    
  -2.3637234078    0.000        0.000        0.000        1997.      0.000        0.000    
  -2.3628025891    0.000        0.000        0.000        2005.      0.000        0.000    
  -2.3618817703    0.000        0.000        0.000        2013.      0.000        0.000    
  -2.3609609515    0.000        0.000        0.000        2021.      0.000        0.000    
  -2.3600401328    0.000        0.000        0.000        2029.      0.000        0.000    
  -2.3591193140    0.000        0.000        0.000        2037.      0.000        0.000    
  -2.3581984953    0.000        0.000        0.000        2046.      0.000        0.000    
  -2.3572776765    0.000        0.000        0.000        2054.      0.000        0.000    
  -2.3563568578    0.000        0.000        0.000        2062.      0.000        0.000    
  -2.3554360390    0.000        0.000        0.000        2070.      0.000        0.000    
  -2.3545152203    0.000        0.000        0.000        2078.      0.000        0.000    
  -2.3535944015    0.000        0.000        0.000        2087.      0.000        0.000    
  -2.3526735828    0.000        0.000        0.000        2095.      0.000        0.000    
  -2.3517527640    0.000        0.000        0.000        2103.      0.000        0.000    
  -2.3508319453    0.000        0.000        0.000        2111.      0.000        0.000    
  -2.3499111265    0.000        0.000        0.000        2120.      0.000        0.000    
  -2.3489903077    0.000        0.000        0.000        2128.      0.000        0.000    
  -2.3480694890    0.000        0.000        0.000        2136.      0.000        0.000    
  -2.3471486702    0.000        0.000        0.000        2145.      0.000        0.000    
  -2.3462278515    0.000        0.000        0.000        2153.      0.000        0.000    
  -2.3453070327    0.000        0.000        0.000        2162.      0.000        0.000    
  -2.3443862140    0.000        0.000        0.000        2170.      0.000        0.000    
  -2.3434653952    0.000        0.000        0.000        2178.      0.000        0.000    
  -2.3425445765    0.000        0.000        0.000        2187.      0.000        0.000    
  -2.3416237577    0.000        0.000        0.000        2195.      0.000        0.000    
  -2.3407029390    0.000        0.000        0.000        2204.      0.000        0.000    
  -2.3397821202    0.000        0.000        0.000        2212.      0.000        0.000    
  -2.3388613015    0.000        0.000        0.000        2221.      0.000        0.000    
  -2.3379404827    0.000        0.000        0.000        2230.      0.000        0.000    
  -2.3370196639    0.000        0.000        0.000        2238.      0.000        0.000    
  -2.3360988452    0.000        0.000        0.000        2247.      0.000        0.000    
  -2.3351780264    0.000        0.000        0.000        2255.      0.000        0.000    
  -2.3342572077    0.000        0.000        0.000        2264.      0.000        0.000    
  -2.3333363889    0.000        0.000        0.000        2273.      0.000        0.000    
  -2.3324155702    0.000        0.000        0.000        2282.      0.000        0.000    
  -2.3314947514    0.000        0.000        0.000        2290.      0.000        0.000    
  -2.3305739327    0.000        0.000        0.000        2299.      0.000        0.000    
  -2.3296531139    0.000        0.000        0.000        2308.      0.000        0.000    
  -2.3287322952    0.000        0.000        0.000        2317.      0.000        0.000    
  -2.3278114764    0.000        0.000        0.000        2325.      0.000        0.000    
  -2.3268906577    0.000        0.000        0.000        2334.      0.000        0.000    
  -2.3259698389    0.000        0.000        0.000        2343.      0.000        0.000    
  -2.3250490201    0.000        0.000        0.000        2352.      0.000        0.000    
  -2.3241282014    0.000        0.000        0.000        2361.      0.000        0.000    
  -2.3232073826    0.000        0.000        0.000        2370.      0.000        0.000    
  -2.3222865639    0.000        0.000        0.000        2379.      0.000        0.000    
  -2.3213657451    0.000        0.000        0.000        2388.      0.000        0.000    
  -2.3204449264    0.000        0.000        0.000        2397.      0.000        0.000    
  -2.3195241076    0.000        0.000        0.000        2406.      0.000        0.000    
  -2.3186032889    0.000        0.000        0.000        2415.      0.000        0.000    
  -2.3176824701    0.000        0.000        0.000        2424.      0.000        0.000    
  -2.3167616514    0.000        0.000        0.000        2433.      0.000        0.000    
  -2.3158408326    0.000        0.000        0.000        2442.      0.000        0.000    
  -2.3149200139    0.000        0.000        0.000        2451.      0.000        0.000    
  -2.3139991951    0.000        0.000        0.000        2460.      0.000        0.000    
  -2.3130783763    0.000        0.000        0.000        2469.      0.000        0.000    
  -2.3121575576    0.000        0.000        0.000        2479.      0.000        0.000    
  -2.3112367388    0.000        0.000        0.000        2488.      0.000        0.000    
  -2.3103159201    0.000        0.000        0.000        2497.      0.000        0.000    
  -2.3093951013    0.000        0.000        0.000        2506.      0.000        0.000    
  -2.3084742826    0.000        0.000        0.000        2516.      0.000        0.000    
  -2.3075534638    0.000        0.000        0.000        2525.      0.000        0.000    
  -2.3066326451    0.000        0.000        0.000        2534.      0.000        0.000    
  -2.3057118263    0.000        0.000        0.000        2544.      0.000        0.000    
  -2.3047910076    0.000        0.000        0.000        2553.      0.000        0.000    
  -2.3038701888    0.000        0.000        0.000        2562.      0.000        0.000    
  -2.3029493701    0.000        0.000        0.000        2572.      0.000        0.000    
  -2.3020285513    0.000        0.000        0.000        2581.      0.000        0.000    
  -2.3011077325    0.000        0.000        0.000        2591.      0.000        0.000    
  -2.3001869138    0.000        0.000        0.000        2600.      0.000        0.000    
  -2.2992660950    0.000        0.000        0.000        2610.      0.000        0.000    
  -2.2983452763    0.000        0.000        0.000        2619.      0.000        0.000    
  -2.2974244575    0.000        0.000        0.000        2629.      0.000        0.000    
  -2.2965036388    0.000        0.000        0.000        2638.      0.000        0.000    
  -2.2955828200    0.000        0.000        0.000        2648.      0.000        0.000    
  -2.2946620013    0.000        0.000        0.000        2658.      0.000        0.000    
  -2.2937411825    0.000        0.000        0.000        2667.      0.000        0.000    
  -2.2928203638    0.000        0.000        0.000        2677.      0.000        0.000    
  -2.2918995450    0.000        0.000        0.000        2687.      0.000        0.000    
  -2.2909787262    0.000        0.000        0.000        2696.      0.000        0.000    
  -2.2900579075    0.000        0.000        0.000        2706.      0.000        0.000    
  -2.2891370887    0.000        0.000        0.000        2716.      0.000        0.000    
  -2.2882162700    0.000        0.000        0.000        2725.      0.000        0.000    
  -2.2872954512    0.000        0.000        0.000        2735.      0.000        0.000    
  -2.2863746325    0.000        0.000        0.000        2745.      0.000        0.000    
  -2.2854538137    0.000        0.000        0.000        2755.      0.000        0.000    
  -2.2845329950    0.000        0.000        0.000        2765.      0.000        0.000    
  -2.2836121762    0.000        0.000        0.000        2775.      0.000        0.000    
  -2.2826913575    0.000        0.000        0.000        2785.      0.000        0.000    
  -2.2817705387    0.000        0.000        0.000        2795.      0.000        0.000    
  -2.2808497200    0.000        0.000        0.000        2805.      0.000        0.000    
  -2.2799289012    0.000        0.000        0.000        2815.      0.000        0.000    
  -2.2790080824    0.000        0.000        0.000        2825.      0.000        0.000    
  -2.2780872637    0.000        0.000        0.000        2835.      0.000        0.000    
  -2.2771664449    0.000        0.000        0.000        2845.      0.000        0.000    
  -2.2762456262    0.000        0.000        0.000        2855.      0.000        0.000    
  -2.2753248074    0.000        0.000        0.000        2865.      0.000        0.000    
  -2.2744039887    0.000        0.000        0.000        2875.      0.000        0.000    
  -2.2734831699    0.000        0.000        0.000        2885.      0.000        0.000    
  -2.2725623512    0.000        0.000        0.000        2895.      0.000        0.000    
  -2.2716415324    0.000        0.000        0.000        2906.      0.000        0.000    
  -2.2707207137    0.000        0.000        0.000        2916.      0.000        0.000    
  -2.2697998949    0.000        0.000        0.000        2926.      0.000        0.000    
  -2.2688790762    0.000        0.000        0.000        2936.      0.000        0.000    
  -2.2679582574    0.000        0.000        0.000        2947.      0.000        0.000    
  -2.2670374386    0.000        0.000        0.000        2957.      0.000        0.000    
  -2.2661166199    0.000        0.000        0.000        2967.      0.000        0.000    
  -2.2651958011    0.000        0.000        0.000        2978.      0.000        0.000    
  -2.2642749824    0.000        0.000        0.000        2988.      0.000        0.000    
  -2.2633541636    0.000        0.000        0.000        2998.      0.000        0.000    
  -2.2624333449    0.000        0.000        0.000        3009.      0.000        0.000    
  -2.2615125261    0.000        0.000        0.000        3019.      0.000        0.000    
  -2.2605917074    0.000        0.000        0.000        3030.      0.000        0.000    
  -2.2596708886    0.000        0.000        0.000        3040.      0.000        0.000    
  -2.2587500699    0.000        0.000        0.000        3051.      0.000        0.000    
  -2.2578292511    0.000        0.000        0.000        3062.      0.000        0.000    
  -2.2569084324    0.000        0.000        0.000        3072.      0.000        0.000    
  -2.2559876136    0.000        0.000        0.000        3083.      0.000        0.000    
  -2.2550667948    0.000        0.000        0.000        3093.      0.000        0.000    
  -2.2541459761    0.000        0.000        0.000        3104.      0.000        0.000    
  -2.2532251573    0.000        0.000        0.000        3115.      0.000        0.000    
  -2.2523043386    0.000        0.000        0.000        3126.      0.000        0.000    
  -2.2513835198    0.000        0.000        0.000        3136.      0.000        0.000    
  -2.2504627011    0.000        0.000        0.000        3147.      0.000        0.000    
  -2.2495418823    0.000        0.000        0.000        3158.      0.000        0.000    
  -2.2486210636    0.000        0.000        0.000        3169.      0.000        0.000    
  -2.2477002448    0.000        0.000        0.000        3180.      0.000        0.000    
  -2.2467794261    0.000        0.000        0.000        3190.      0.000        0.000    
  -2.2458586073    0.000        0.000        0.000        3201.      0.000        0.000    
  -2.2449377886    0.000        0.000        0.000        3212.      0.000        0.000    
  -2.2440169698    0.000        0.000        0.000        3223.      0.000        0.000    
  -2.2430961510    0.000        0.000        0.000        3234.      0.000        0.000    
  -2.2421753323    0.000        0.000        0.000        3245.      0.000        0.000    
  -2.2412545135    0.000        0.000        0.000        3256.      0.000        0.000    
  -2.2403336948    0.000        0.000        0.000        3267.      0.000        0.000    
  -2.2394128760    0.000        0.000        0.000        3278.      0.000        0.000    
  -2.2384920573    0.000        0.000        0.000        3289.      0.000        0.000    
  -2.2375712385    0.000        0.000        0.000        3301.      0.000        0.000    
  -2.2366504198    0.000        0.000        0.000        3312.      0.000        0.000    
  -2.2357296010    0.000        0.000        0.000        3323.      0.000        0.000    
  -2.2348087823    0.000        0.000        0.000        3334.      0.000        0.000    
  -2.2338879635    0.000        0.000        0.000        3345.      0.000        0.000    
  -2.2329671447    0.000        0.000        0.000        3357.      0.000        0.000    
  -2.2320463260    0.000        0.000        0.000        3368.      0.000        0.000    
  -2.2311255072    0.000        0.000        0.000        3379.      0.000        0.000    
  -2.2302046885    0.000        0.000        0.000        3391.      0.000        0.000    
  -2.2292838697    0.000        0.000        0.000        3402.      0.000        0.000    
  -2.2283630510    0.000        0.000        0.000        3413.      0.000        0.000    
  -2.2274422322    0.000        0.000        0.000        3425.      0.000        0.000    
  -2.2265214135    0.000        0.000        0.000        3436.      0.000        0.000    
  -2.2256005947    0.000        0.000        0.000        3448.      0.000        0.000    
  -2.2246797760    0.000        0.000        0.000        3459.      0.000        0.000    
  -2.2237589572    0.000        0.000        0.000        3471.      0.000        0.000    
  -2.2228381385    0.000        0.000        0.000        3482.      0.000        0.000    
  -2.2219173197    0.000        0.000        0.000        3494.      0.000        0.000    
  -2.2209965009    0.000        0.000        0.000        3505.      0.000        0.000    
  -2.2200756822    0.000        0.000        0.000        3517.      0.000        0.000    
  -2.2191548634    0.000        0.000        0.000        3529.      0.000        0.000    
  -2.2182340447    0.000        0.000        0.000        3540.      0.000        0.000    
  -2.2173132259    0.000        0.000        0.000        3552.      0.000        0.000    
  -2.2163924072    0.000        0.000        0.000        3564.      0.000        0.000    
  -2.2154715884    0.000        0.000        0.000        3576.      0.000        0.000    
  -2.2145507697    0.000        0.000        0.000        3587.      0.000        0.000    
  -2.2136299509    0.000        0.000        0.000        3599.      0.000        0.000    
  -2.2127091322    0.000        0.000        0.000        3611.      0.000        0.000    
  -2.2117883134    0.000        0.000        0.000        3623.      0.000        0.000    
  -2.2108674947    0.000        0.000        0.000        3635.      0.000        0.000    
  -2.2099466759    0.000        0.000        0.000        3647.      0.000        0.000    
  -2.2090258571    0.000        0.000        0.000        3659.      0.000        0.000    
  -2.2081050384    0.000        0.000        0.000        3671.      0.000        0.000    
  -2.2071842196    0.000        0.000        0.000        3683.      0.000        0.000    
  -2.2062634009    0.000        0.000        0.000        3695.      0.000        0.000    
  -2.2053425821    0.000        0.000        0.000        3707.      0.000        0.000    
  -2.2044217634    0.000        0.000        0.000        3719.      0.000        0.000    
  -2.2035009446    0.000        0.000        0.000        3731.      0.000        0.000    
  -2.2025801259    0.000        0.000        0.000        3743.      0.000        0.000    
  -2.2016593071    0.000        0.000        0.000        3755.      0.000        0.000    
  -2.2007384884    0.000        0.000        0.000        3768.      0.000        0.000    
  -2.1998176696    0.000        0.000        0.000        3780.      0.000        0.000    
  -2.1988968509    0.000        0.000        0.000        3792.      0.000        0.000    
  -2.1979760321    0.000        0.000        0.000        3804.      0.000        0.000    
  -2.1970552133    0.000        0.000        0.000        3817.      0.000        0.000    
  -2.1961343946    0.000        0.000        0.000        3829.      0.000        0.000    
  -2.1952135758    0.000        0.000        0.000        3841.      0.000        0.000    
  -2.1942927571    0.000        0.000        0.000        3854.      0.000        0.000    
  -2.1933719383    0.000        0.000        0.000        3866.      0.000        0.000    
  -2.1924511196    0.000        0.000        0.000        3879.      0.000        0.000    
  -2.1915303008    0.000        0.000        0.000        3891.      0.000        0.000    
  -2.1906094821    0.000        0.000        0.000        3904.      0.000        0.000    
  -2.1896886633    0.000        0.000        0.000        3916.      0.000        0.000    
  -2.1887678446    0.000        0.000        0.000        3929.      0.000        0.000    
  -2.1878470258    0.000        0.000        0.000        3941.      0.000        0.000    
  -2.1869262071    0.000        0.000        0.000        3954.      0.000        0.000    
  -2.1860053883    0.000        0.000        0.000        3967.      0.000        0.000    
  -2.1850845695    0.000        0.000        0.000        3979.      0.000        0.000    
  -2.1841637508    0.000        0.000        0.000        3992.      0.000        0.000    
  -2.1832429320    0.000        0.000        0.000        4005.      0.000        0.000    
  -2.1823221133    0.000        0.000        0.000        4018.      0.000        0.000    
  -2.1814012945    0.000        0.000        0.000        4030.      0.000        0.000    
  -2.1804804758    0.000        0.000        0.000        4043.      0.000        0.000    
  -2.1795596570    0.000        0.000        0.000        4056.      0.000        0.000    
  -2.1786388383    0.000        0.000        0.000        4069.      0.000        0.000    
  -2.1777180195    0.000        0.000        0.000        4082.      0.000        0.000    
  -2.1767972008    0.000        0.000        0.000        4095.      0.000        0.000    
  -2.1758763820    0.000        0.000        0.000        4108.      0.000        0.000    
  -2.1749555633    0.000        0.000        0.000        4121.      0.000        0.000    
  -2.1740347445    0.000        0.000        0.000        4134.      0.000        0.000    
  -2.1731139257    0.000        0.000        0.000        4147.      0.000        0.000    
  -2.1721931070    0.000        0.000        0.000        4160.      0.000        0.000    
  -2.1712722882    0.000        0.000        0.000        4173.      0.000        0.000    
  -2.1703514695    0.000        0.000        0.000        4186.      0.000        0.000    
  -2.1694306507    0.000        0.000        0.000        4200.      0.000        0.000    
  -2.1685098320    0.000        0.000        0.000        4213.      0.000        0.000    
  -2.1675890132    0.000        0.000        0.000        4226.      0.000        0.000    
  -2.1666681945    0.000        0.000        0.000        4239.      0.000        0.000    
  -2.1657473757    0.000        0.000        0.000        4253.      0.000        0.000    
  -2.1648265570    0.000        0.000        0.000        4266.      0.000        0.000    
  -2.1639057382    0.000        0.000        0.000        4279.      0.000        0.000    
  -2.1629849194    0.000        0.000        0.000        4293.      0.000        0.000    
  -2.1620641007    0.000        0.000        0.000        4306.      0.000        0.000    
  -2.1611432819    0.000        0.000        0.000        4320.      0.000        0.000    
  -2.1602224632    0.000        0.000        0.000        4333.      0.000        0.000    
  -2.1593016444    0.000        0.000        0.000        4347.      0.000        0.000    
  -2.1583808257    0.000        0.000        0.000        4360.      0.000        0.000    
  -2.1574600069    0.000        0.000        0.000        4374.      0.000        0.000    
  -2.1565391882    0.000        0.000        0.000        4387.      0.000        0.000    
  -2.1556183694    0.000        0.000        0.000        4401.      0.000        0.000    
  -2.1546975507    0.000        0.000        0.000        4415.      0.000        0.000    
  -2.1537767319    0.000        0.000        0.000        4428.      0.000        0.000    
  -2.1528559132    0.000        0.000        0.000        4442.      0.000        0.000    
  -2.1519350944    0.000        0.000        0.000        4456.      0.000        0.000    
  -2.1510142756    0.000        0.000        0.000        4470.      0.000        0.000    
  -2.1500934569    0.000        0.000        0.000        4484.      0.000        0.000    
  -2.1491726381    0.000        0.000        0.000        4497.      0.000        0.000    
  -2.1482518194    0.000        0.000        0.000        4511.      0.000        0.000    
  -2.1473310006    0.000        0.000        0.000        4525.      0.000        0.000    
  -2.1464101819    0.000        0.000        0.000        4539.      0.000        0.000    
  -2.1454893631    0.000        0.000        0.000        4553.      0.000        0.000    
  -2.1445685444    0.000        0.000        0.000        4567.      0.000        0.000    
  -2.1436477256    0.000        0.000        0.000        4581.      0.000        0.000    
  -2.1427269069    0.000        0.000        0.000        4595.      0.000        0.000    
  -2.1418060881    0.000        0.000        0.000        4609.      0.000        0.000    
  -2.1408852694    0.000        0.000        0.000        4624.      0.000        0.000    
  -2.1399644506    0.000        0.000        0.000        4638.      0.000        0.000    
  -2.1390436318    0.000        0.000        0.000        4652.      0.000        0.000    
  -2.1381228131    0.000        0.000        0.000        4666.      0.000        0.000    
  -2.1372019943    0.000        0.000        0.000        4681.      0.000        0.000    
  -2.1362811756    0.000        0.000        0.000        4695.      0.000        0.000    
  -2.1353603568    0.000        0.000        0.000        4709.      0.000        0.000    
  -2.1344395381    0.000        0.000        0.000        4724.      0.000        0.000    
  -2.1335187193    0.000        0.000        0.000        4738.      0.000        0.000    
  -2.1325979006    0.000        0.000        0.000        4752.      0.000        0.000    
  -2.1316770818    0.000        0.000        0.000        4767.      0.000        0.000    
  -2.1307562631    0.000        0.000        0.000        4781.      0.000        0.000    
  -2.1298354443    0.000        0.000        0.000        4796.      0.000        0.000    
  -2.1289146256    0.000        0.000        0.000        4810.      0.000        0.000    
  -2.1279938068    0.000        0.000        0.000        4825.      0.000        0.000    
  -2.1270729880    0.000        0.000        0.000        4840.      0.000        0.000    
  -2.1261521693    0.000        0.000        0.000        4854.      0.000        0.000    
  -2.1252313505    0.000        0.000        0.000        4869.      0.000        0.000    
  -2.1243105318    0.000        0.000        0.000        4884.      0.000        0.000    
  -2.1233897130    0.000        0.000        0.000        4899.      0.000        0.000    
  -2.1224688943    0.000        0.000        0.000        4913.      0.000        0.000    
  -2.1215480755    0.000        0.000        0.000        4928.      0.000        0.000    
  -2.1206272568    0.000        0.000        0.000        4943.      0.000        0.000    
  -2.1197064380    0.000        0.000        0.000        4958.      0.000        0.000    
  -2.1187856193    0.000        0.000        0.000        4973.      0.000        0.000    
  -2.1178648005    0.000        0.000        0.000        4988.      0.000        0.000    
  -2.1169439818    0.000        0.000        0.000        5003.      0.000        0.000    
  -2.1160231630    0.000        0.000        0.000        5018.      0.000        0.000    
  -2.1151023442    0.000        0.000        0.000        5033.      0.000        0.000    
  -2.1141815255    0.000        0.000        0.000        5048.      0.000        0.000    
  -2.1132607067    0.000        0.000        0.000        5063.      0.000        0.000    
  -2.1123398880    0.000        0.000        0.000        5078.      0.000        0.000    
  -2.1114190692    0.000        0.000        0.000        5094.      0.000        0.000    
  -2.1104982505    0.000        0.000        0.000        5109.      0.000        0.000    
  -2.1095774317    0.000        0.000        0.000        5124.      0.000        0.000    
  -2.1086566130    0.000        0.000        0.000        5139.      0.000        0.000    
  -2.1077357942    0.000        0.000        0.000        5155.      0.000        0.000    
  -2.1068149755    0.000        0.000        0.000        5170.      0.000        0.000    
  -2.1058941567    0.000        0.000        0.000        5185.      0.000        0.000    
  -2.1049733380    0.000        0.000        0.000        5201.      0.000        0.000    
  -2.1040525192    0.000        0.000        0.000        5216.      0.000        0.000    
  -2.1031317004    0.000        0.000        0.000        5232.      0.000        0.000    
  -2.1022108817    0.000        0.000        0.000        5247.      0.000        0.000    
  -2.1012900629    0.000        0.000        0.000        5263.      0.000        0.000    
  -2.1003692442    0.000        0.000        0.000        5279.      0.000        0.000    
  -2.0994484254    0.000        0.000        0.000        5294.      0.000        0.000    
  -2.0985276067    0.000        0.000        0.000        5310.      0.000        0.000    
  -2.0976067879    0.000        0.000        0.000        5326.      0.000        0.000    
  -2.0966859692    0.000        0.000        0.000        5341.      0.000        0.000    
  -2.0957651504    0.000        0.000        0.000        5357.      0.000        0.000    
  -2.0948443317    0.000        0.000        0.000        5373.      0.000        0.000    
  -2.0939235129    0.000        0.000        0.000        5389.      0.000        0.000    
  -2.0930026941    0.000        0.000        0.000        5405.      0.000        0.000    
  -2.0920818754    0.000        0.000        0.000        5421.      0.000        0.000    
  -2.0911610566    0.000        0.000        0.000        5437.      0.000        0.000    
  -2.0902402379    0.000        0.000        0.000        5453.      0.000        0.000    
  -2.0893194191    0.000        0.000        0.000        5469.      0.000        0.000    
  -2.0883986004    0.000        0.000        0.000        5485.      0.000        0.000    
  -2.0874777816    0.000        0.000        0.000        5501.      0.000        0.000    
  -2.0865569629    0.000        0.000        0.000        5517.      0.000        0.000    
  -2.0856361441    0.000        0.000        0.000        5533.      0.000        0.000    
  -2.0847153254    0.000        0.000        0.000        5549.      0.000        0.000    
  -2.0837945066    0.000        0.000        0.000        5566.      0.000        0.000    
  -2.0828736879    0.000        0.000        0.000        5582.      0.000        0.000    
  -2.0819528691    0.000        0.000        0.000        5598.      0.000        0.000    
  -2.0810320503    0.000        0.000        0.000        5615.      0.000        0.000    
  -2.0801112316    0.000        0.000        0.000        5631.      0.000        0.000    
  -2.0791904128    0.000        0.000        0.000        5647.      0.000        0.000    
  -2.0782695941    0.000        0.000        0.000        5664.      0.000        0.000    
  -2.0773487753    0.000        0.000        0.000        5680.      0.000        0.000    
  -2.0764279566    0.000        0.000        0.000        5697.      0.000        0.000    
  -2.0755071378    0.000        0.000        0.000        5713.      0.000        0.000    
  -2.0745863191    0.000        0.000        0.000        5730.      0.000        0.000    
  -2.0736655003    0.000        0.000        0.000        5747.      0.000        0.000    
  -2.0727446816    0.000        0.000        0.000        5763.      0.000        0.000    
  -2.0718238628    0.000        0.000        0.000        5780.      0.000        0.000    
  -2.0709030441    0.000        0.000        0.000        5797.      0.000        0.000    
  -2.0699822253    0.000        0.000        0.000        5814.      0.000        0.000    
  -2.0690614065    0.000        0.000        0.000        5830.      0.000        0.000    
  -2.0681405878    0.000        0.000        0.000        5847.      0.000        0.000    
  -2.0672197690    0.000        0.000        0.000        5864.      0.000        0.000    
  -2.0662989503    0.000        0.000        0.000        5881.      0.000        0.000    
  -2.0653781315    0.000        0.000        0.000        5898.      0.000        0.000    
  -2.0644573128    0.000        0.000        0.000        5915.      0.000        0.000    
  -2.0635364940    0.000        0.000        0.000        5932.      0.000        0.000    
  -2.0626156753    0.000        0.000        0.000        5949.      0.000        0.000    
  -2.0616948565    0.000        0.000        0.000        5967.      0.000        0.000    
  -2.0607740378    0.000        0.000        0.000        5984.      0.000        0.000    
  -2.0598532190    0.000        0.000        0.000        6001.      0.000        0.000    
  -2.0589324003    0.000        0.000        0.000        6018.      0.000        0.000    
  -2.0580115815    0.000        0.000        0.000        6035.      0.000        0.000    
  -2.0570907627    0.000        0.000        0.000        6053.      0.000        0.000    
  -2.0561699440    0.000        0.000        0.000        6070.      0.000        0.000    
  -2.0552491252    0.000        0.000        0.000        6088.      0.000        0.000    
  -2.0543283065    0.000        0.000        0.000        6105.      0.000        0.000    
  -2.0534074877    0.000        0.000        0.000        6122.      0.000        0.000    
  -2.0524866690    0.000        0.000        0.000        6140.      0.000        0.000    
  -2.0515658502    0.000        0.000        0.000        6158.      0.000        0.000    
  -2.0506450315    0.000        0.000        0.000        6175.      0.000        0.000    
  -2.0497242127    0.000        0.000        0.000        6193.      0.000        0.000    
  -2.0488033940    0.000        0.000        0.000        6210.      0.000        0.000    
  -2.0478825752    0.000        0.000        0.000        6228.      0.000        0.000    
  -2.0469617565    0.000        0.000        0.000        6246.      0.000        0.000    
  -2.0460409377    0.000        0.000        0.000        6264.      0.000        0.000    
  -2.0451201189    0.000        0.000        0.000        6281.      0.000        0.000    
  -2.0441993002    0.000        0.000        0.000        6299.      0.000        0.000    
  -2.0432784814    0.000        0.000        0.000        6317.      0.000        0.000    
  -2.0423576627    0.000        0.000        0.000        6335.      0.000        0.000    
  -2.0414368439    0.000        0.000        0.000        6353.      0.000        0.000    
  -2.0405160252    0.000        0.000        0.000        6371.      0.000        0.000    
  -2.0395952064    0.000        0.000        0.000        6389.      0.000        0.000    
  -2.0386743877    0.000        0.000        0.000        6407.      0.000        0.000    
  -2.0377535689    0.000        0.000        0.000        6426.      0.000        0.000    
  -2.0368327502    0.000        0.000        0.000        6444.      0.000        0.000    
  -2.0359119314    0.000        0.000        0.000        6462.      0.000        0.000    
  -2.0349911127    0.000        0.000        0.000        6480.      0.000        0.000    
  -2.0340702939    0.000        0.000        0.000        6499.      0.000        0.000    
  -2.0331494751    0.000        0.000        0.000        6517.      0.000        0.000    
  -2.0322286564    0.000        0.000        0.000        6535.      0.000        0.000    
  -2.0313078376    0.000        0.000        0.000        6554.      0.000        0.000    
  -2.0303870189    0.000        0.000        0.000        6572.      0.000        0.000    
  -2.0294662001    0.000        0.000        0.000        6591.      0.000        0.000    
  -2.0285453814    0.000        0.000        0.000        6609.      0.000        0.000    
  -2.0276245626    0.000        0.000        0.000        6628.      0.000        0.000    
  -2.0267037439    0.000        0.000        0.000        6646.      0.000        0.000    
  -2.0257829251    0.000        0.000        0.000        6665.      0.000        0.000    
  -2.0248621064    0.000        0.000        0.000        6684.      0.000        0.000    
  -2.0239412876    0.000        0.000        0.000        6703.      0.000        0.000    
  -2.0230204688    0.000        0.000        0.000        6721.      0.000        0.000    
  -2.0220996501    0.000        0.000        0.000        6740.      0.000        0.000    
  -2.0211788313    0.000        0.000        0.000        6759.      0.000        0.000    
  -2.0202580126    0.000        0.000        0.000        6778.      0.000        0.000    
  -2.0193371938    0.000        0.000        0.000        6797.      0.000        0.000    
  -2.0184163751    0.000        0.000        0.000        6816.      0.000        0.000    
  -2.0174955563    0.000        0.000        0.000        6835.      0.000        0.000    
  -2.0165747376    0.000        0.000        0.000        6854.      0.000        0.000    
  -2.0156539188    0.000        0.000        0.000        6873.      0.000        0.000    
  -2.0147331001    0.000        0.000        0.000        6892.      0.000        0.000    
  -2.0138122813    0.000        0.000        0.000        6912.      0.000        0.000    
  -2.0128914626    0.000        0.000        0.000        6931.      0.000        0.000    
  -2.0119706438    0.000        0.000        0.000        6950.      0.000        0.000    
  -2.0110498250    0.000        0.000        0.000        6969.      0.000        0.000    
  -2.0101290063    0.000        0.000        0.000        6989.      0.000        0.000    
  -2.0092081875    0.000        0.000        0.000        7008.      0.000        0.000    
  -2.0082873688    0.000        0.000        0.000        7028.      0.000        0.000    
  -2.0073665500    0.000        0.000        0.000        7047.      0.000        0.000    
  -2.0064457313    0.000        0.000        0.000        7067.      0.000        0.000    
  -2.0055249125    0.000        0.000        0.000        7086.      0.000        0.000    
  -2.0046040938    0.000        0.000        0.000        7106.      0.000        0.000    
  -2.0036832750    0.000        0.000        0.000        7126.      0.000        0.000    
  -2.0027624563    0.000        0.000        0.000        7145.      0.000        0.000    
  -2.0018416375    0.000        0.000        0.000        7165.      0.000        0.000    
  -2.0009208188    0.000        0.000        0.000        7185.      0.000        0.000    
  -2.0000000000    0.000        0.000        0.000        7205.      0.000        0.000    
