 0.12000000E-02    0.000        0.000        0.000       0.5371E+10  0.000        0.000    
 0.12176000E-02    0.000        0.000        0.000       0.5333E+10  0.000        0.000    
 0.12352000E-02    0.000        0.000        0.000       0.5295E+10  0.000        0.000    
 0.12528000E-02    0.000        0.000        0.000       0.5257E+10  0.000        0.000    
 0.12704000E-02    0.000        0.000        0.000       0.5219E+10  0.000        0.000    
 0.12880000E-02    0.000        0.000        0.000       0.5181E+10  0.000        0.000    
 0.13056000E-02    0.000        0.000        0.000       0.5143E+10  0.000        0.000    
 0.13232000E-02    0.000        0.000        0.000       0.5105E+10  0.000        0.000    
 0.13408000E-02    0.000        0.000        0.000       0.5067E+10  0.000        0.000    
 0.13584000E-02    0.000        0.000        0.000       0.5029E+10  0.000        0.000    
 0.13760000E-02    0.000        0.000        0.000       0.4991E+10  0.000        0.000    
 0.13936000E-02    0.000        0.000        0.000       0.4953E+10  0.000        0.000    
 0.14112000E-02    0.000        0.000        0.000       0.4915E+10  0.000        0.000    
 0.14288000E-02    0.000        0.000        0.000       0.4877E+10  0.000        0.000    
 0.14464000E-02    0.000        0.000        0.000       0.4840E+10  0.000        0.000    
 0.14640000E-02    0.000        0.000        0.000       0.4802E+10  0.000        0.000    
 0.14816000E-02    0.000        0.000        0.000       0.4764E+10  0.000        0.000    
 0.14992000E-02    0.000        0.000        0.000       0.4726E+10  0.000        0.000    
 0.15168000E-02    0.000        0.000        0.000       0.4688E+10  0.000        0.000    
 0.15344000E-02    0.000        0.000        0.000       0.4650E+10  0.000        0.000    
 0.15520000E-02    0.000        0.000        0.000       0.4612E+10  0.000        0.000    
 0.15696000E-02    0.000        0.000        0.000       0.4575E+10  0.000        0.000    
 0.15872000E-02    0.000        0.000        0.000       0.4537E+10  0.000        0.000    
 0.16048000E-02    0.000        0.000        0.000       0.4499E+10  0.000        0.000    
 0.16224000E-02    0.000        0.000        0.000       0.4462E+10  0.000        0.000    
 0.16400000E-02    0.000        0.000        0.000       0.4424E+10  0.000        0.000    
 0.16576000E-02    0.000        0.000        0.000       0.4387E+10  0.000        0.000    
 0.16752000E-02    0.000        0.000        0.000       0.4350E+10  0.000        0.000    
 0.16928000E-02    0.000        0.000        0.000       0.4312E+10  0.000        0.000    
 0.17104000E-02    0.000        0.000        0.000       0.4275E+10  0.000        0.000    
 0.17280000E-02    0.000        0.000        0.000       0.4238E+10  0.000        0.000    
 0.17456000E-02    0.000        0.000        0.000       0.4201E+10  0.000        0.000    
 0.17632000E-02    0.000        0.000        0.000       0.4164E+10  0.000        0.000    
 0.17808000E-02    0.000        0.000        0.000       0.4127E+10  0.000        0.000    
 0.17984000E-02    0.000        0.000        0.000       0.4090E+10  0.000        0.000    
 0.18160000E-02    0.000        0.000        0.000       0.4054E+10  0.000        0.000    
 0.18336000E-02    0.000        0.000        0.000       0.4017E+10  0.000        0.000    
 0.18512000E-02    0.000        0.000        0.000       0.3981E+10  0.000        0.000    
 0.18688000E-02    0.000        0.000        0.000       0.3944E+10  0.000        0.000    
 0.18864000E-02    0.000        0.000        0.000       0.3908E+10  0.000        0.000    
 0.19040000E-02    0.000        0.000        0.000       0.3872E+10  0.000        0.000    
 0.19216000E-02    0.000        0.000        0.000       0.3836E+10  0.000        0.000    
 0.19392000E-02    0.000        0.000        0.000       0.3800E+10  0.000        0.000    
 0.19568000E-02    0.000        0.000        0.000       0.3764E+10  0.000        0.000    
 0.19744000E-02    0.000        0.000        0.000       0.3729E+10  0.000        0.000    
 0.19920000E-02    0.000        0.000        0.000       0.3693E+10  0.000        0.000    
 0.20096000E-02    0.000        0.000        0.000       0.3658E+10  0.000        0.000    
 0.20272000E-02    0.000        0.000        0.000       0.3622E+10  0.000        0.000    
 0.20448000E-02    0.000        0.000        0.000       0.3587E+10  0.000        0.000    
 0.20624000E-02    0.000        0.000        0.000       0.3552E+10  0.000        0.000    
 0.20800000E-02    0.000        0.000        0.000       0.3517E+10  0.000        0.000    
 0.20976000E-02    0.000        0.000        0.000       0.3483E+10  0.000        0.000    
 0.21152000E-02    0.000        0.000        0.000       0.3448E+10  0.000        0.000    
 0.21328000E-02    0.000        0.000        0.000       0.3414E+10  0.000        0.000    
 0.21504000E-02    0.000        0.000        0.000       0.3380E+10  0.000        0.000    
 0.21680000E-02    0.000        0.000        0.000       0.3345E+10  0.000        0.000    
 0.21856000E-02    0.000        0.000        0.000       0.3312E+10  0.000        0.000    
 0.22032000E-02    0.000        0.000        0.000       0.3278E+10  0.000        0.000    
 0.22208000E-02    0.000        0.000        0.000       0.3244E+10  0.000        0.000    
 0.22384000E-02    0.000        0.000        0.000       0.3211E+10  0.000        0.000    
 0.22560000E-02    0.000        0.000        0.000       0.3177E+10  0.000        0.000    
 0.22736000E-02    0.000        0.000        0.000       0.3144E+10  0.000        0.000    
 0.22912000E-02    0.000        0.000        0.000       0.3111E+10  0.000        0.000    
 0.23088000E-02    0.000        0.000        0.000       0.3079E+10  0.000        0.000    
 0.23264000E-02    0.000        0.000        0.000       0.3046E+10  0.000        0.000    
 0.23440000E-02    0.000        0.000        0.000       0.3014E+10  0.000        0.000    
 0.23616000E-02    0.000        0.000        0.000       0.2981E+10  0.000        0.000    
 0.23792000E-02    0.000        0.000        0.000       0.2949E+10  0.000        0.000    
 0.23968000E-02    0.000        0.000        0.000       0.2917E+10  0.000        0.000    
 0.24144000E-02    0.000        0.000        0.000       0.2886E+10  0.000        0.000    
 0.24320000E-02    0.000        0.000        0.000       0.2854E+10  0.000        0.000    
 0.24496000E-02    0.000        0.000        0.000       0.2823E+10  0.000        0.000    
 0.24672000E-02    0.000        0.000        0.000       0.2792E+10  0.000        0.000    
 0.24848000E-02    0.000        0.000        0.000       0.2761E+10  0.000        0.000    
 0.25024000E-02    0.000        0.000        0.000       0.2730E+10  0.000        0.000    
 0.25200000E-02    0.000        0.000        0.000       0.2699E+10  0.000        0.000    
 0.25376000E-02    0.000        0.000        0.000       0.2669E+10  0.000        0.000    
 0.25552000E-02    0.000        0.000        0.000       0.2639E+10  0.000        0.000    
 0.25728000E-02    0.000        0.000        0.000       0.2609E+10  0.000        0.000    
 0.25904000E-02    0.000        0.000        0.000       0.2579E+10  0.000        0.000    
 0.26080000E-02    0.000        0.000        0.000       0.2549E+10  0.000        0.000    
 0.26256000E-02    0.000        0.000        0.000       0.2520E+10  0.000        0.000    
 0.26432000E-02    0.000        0.000        0.000       0.2491E+10  0.000        0.000    
 0.26608000E-02    0.000        0.000        0.000       0.2462E+10  0.000        0.000    
 0.26784000E-02    0.000        0.000        0.000       0.2433E+10  0.000        0.000    
 0.26960000E-02    0.000        0.000        0.000       0.2404E+10  0.000        0.000    
 0.27136000E-02    0.000        0.000        0.000       0.2376E+10  0.000        0.000    
 0.27312000E-02    0.000        0.000        0.000       0.2347E+10  0.000        0.000    
 0.27488000E-02    0.000        0.000        0.000       0.2319E+10  0.000        0.000    
 0.27664000E-02    0.000        0.000        0.000       0.2292E+10  0.000        0.000    
 0.27840000E-02    0.000        0.000        0.000       0.2264E+10  0.000        0.000    
 0.28016000E-02    0.000        0.000        0.000       0.2237E+10  0.000        0.000    
 0.28192000E-02    0.000        0.000        0.000       0.2210E+10  0.000        0.000    
 0.28368000E-02    0.000        0.000        0.000       0.2183E+10  0.000        0.000    
 0.28544000E-02    0.000        0.000        0.000       0.2156E+10  0.000        0.000    
 0.28720000E-02    0.000        0.000        0.000       0.2129E+10  0.000        0.000    
 0.28896000E-02    0.000        0.000        0.000       0.2103E+10  0.000        0.000    
 0.29072000E-02    0.000        0.000        0.000       0.2077E+10  0.000        0.000    
 0.29248000E-02    0.000        0.000        0.000       0.2051E+10  0.000        0.000    
 0.29424000E-02    0.000        0.000        0.000       0.2025E+10  0.000        0.000    
 0.29600000E-02    0.000        0.000        0.000       0.2000E+10  0.000        0.000    
 0.29776000E-02    0.000        0.000        0.000       0.1974E+10  0.000        0.000    
 0.29952000E-02    0.000        0.000        0.000       0.1949E+10  0.000        0.000    
 0.30128000E-02    0.000        0.000        0.000       0.1924E+10  0.000        0.000    
 0.30304000E-02    0.000        0.000        0.000       0.1900E+10  0.000        0.000    
 0.30480000E-02    0.000        0.000        0.000       0.1875E+10  0.000        0.000    
 0.30656000E-02    0.000        0.000        0.000       0.1851E+10  0.000        0.000    
 0.30832000E-02    0.000        0.000        0.000       0.1827E+10  0.000        0.000    
 0.31008000E-02    0.000        0.000        0.000       0.1803E+10  0.000        0.000    
 0.31184000E-02    0.000        0.000        0.000       0.1779E+10  0.000        0.000    
 0.31360000E-02    0.000        0.000        0.000       0.1756E+10  0.000        0.000    
 0.31536000E-02    0.000        0.000        0.000       0.1733E+10  0.000        0.000    
 0.31712000E-02    0.000        0.000        0.000       0.1710E+10  0.000        0.000    
 0.31888000E-02    0.000        0.000        0.000       0.1687E+10  0.000        0.000    
 0.32064000E-02    0.000        0.000        0.000       0.1665E+10  0.000        0.000    
 0.32240000E-02    0.000        0.000        0.000       0.1642E+10  0.000        0.000    
 0.32416000E-02    0.000        0.000        0.000       0.1620E+10  0.000        0.000    
 0.32592000E-02    0.000        0.000        0.000       0.1598E+10  0.000        0.000    
 0.32768000E-02    0.000        0.000        0.000       0.1576E+10  0.000        0.000    
 0.32944000E-02    0.000        0.000        0.000       0.1555E+10  0.000        0.000    
 0.33120000E-02    0.000        0.000        0.000       0.1534E+10  0.000        0.000    
 0.33296000E-02    0.000        0.000        0.000       0.1512E+10  0.000        0.000    
 0.33472000E-02    0.000        0.000        0.000       0.1492E+10  0.000        0.000    
 0.33648000E-02    0.000        0.000        0.000       0.1471E+10  0.000        0.000    
 0.33824000E-02    0.000        0.000        0.000       0.1450E+10  0.000        0.000    
 0.34000000E-02    0.000        0.000        0.000       0.1430E+10  0.000        0.000    
 0.34176000E-02    0.000        0.000        0.000       0.1410E+10  0.000        0.000    
 0.34352000E-02    0.000        0.000        0.000       0.1390E+10  0.000        0.000    
 0.34528000E-02    0.000        0.000        0.000       0.1370E+10  0.000        0.000    
 0.34704000E-02    0.000        0.000        0.000       0.1351E+10  0.000        0.000    
 0.34880000E-02    0.000        0.000        0.000       0.1332E+10  0.000        0.000    
 0.35056000E-02    0.000        0.000        0.000       0.1313E+10  0.000        0.000    
 0.35232000E-02    0.000        0.000        0.000       0.1294E+10  0.000        0.000    
 0.35408000E-02    0.000        0.000        0.000       0.1275E+10  0.000        0.000    
 0.35584000E-02    0.000        0.000        0.000       0.1257E+10  0.000        0.000    
 0.35760000E-02    0.000        0.000        0.000       0.1238E+10  0.000        0.000    
 0.35936000E-02    0.000        0.000        0.000       0.1220E+10  0.000        0.000    
 0.36112000E-02    0.000        0.000        0.000       0.1202E+10  0.000        0.000    
 0.36288000E-02    0.000        0.000        0.000       0.1185E+10  0.000        0.000    
 0.36464000E-02    0.000        0.000        0.000       0.1167E+10  0.000        0.000    
 0.36640000E-02    0.000        0.000        0.000       0.1150E+10  0.000        0.000    
 0.36816000E-02    0.000        0.000        0.000       0.1133E+10  0.000        0.000    
 0.36992000E-02    0.000        0.000        0.000       0.1116E+10  0.000        0.000    
 0.37168000E-02    0.000        0.000        0.000       0.1099E+10  0.000        0.000    
 0.37344000E-02    0.000        0.000        0.000       0.1083E+10  0.000        0.000    
 0.37520000E-02    0.000        0.000        0.000       0.1066E+10  0.000        0.000    
 0.37696000E-02    0.000        0.000        0.000       0.1050E+10  0.000        0.000    
 0.37872000E-02    0.000        0.000        0.000       0.1034E+10  0.000        0.000    
 0.38048000E-02    0.000        0.000        0.000       0.1019E+10  0.000        0.000    
 0.38224000E-02    0.000        0.000        0.000       0.1003E+10  0.000        0.000    
 0.38400000E-02    0.000        0.000        0.000       0.9876E+09  0.000        0.000    
 0.38576000E-02    0.000        0.000        0.000       0.9724E+09  0.000        0.000    
 0.38752000E-02    0.000        0.000        0.000       0.9573E+09  0.000        0.000    
 0.38928000E-02    0.000        0.000        0.000       0.9425E+09  0.000        0.000    
 0.39104000E-02    0.000        0.000        0.000       0.9278E+09  0.000        0.000    
 0.39280000E-02    0.000        0.000        0.000       0.9133E+09  0.000        0.000    
 0.39456000E-02    0.000        0.000        0.000       0.8989E+09  0.000        0.000    
 0.39632000E-02    0.000        0.000        0.000       0.8848E+09  0.000        0.000    
 0.39808000E-02    0.000        0.000        0.000       0.8708E+09  0.000        0.000    
 0.39984000E-02    0.000        0.000        0.000       0.8570E+09  0.000        0.000    
 0.40160000E-02    0.000        0.000        0.000       0.8434E+09  0.000        0.000    
 0.40336000E-02    0.000        0.000        0.000       0.8299E+09  0.000        0.000    
 0.40512000E-02    0.000        0.000        0.000       0.8166E+09  0.000        0.000    
 0.40688000E-02    0.000        0.000        0.000       0.8035E+09  0.000        0.000    
 0.40864000E-02    0.000        0.000        0.000       0.7905E+09  0.000        0.000    
 0.41040000E-02    0.000        0.000        0.000       0.7777E+09  0.000        0.000    
 0.41216000E-02    0.000        0.000        0.000       0.7651E+09  0.000        0.000    
 0.41392000E-02    0.000        0.000        0.000       0.7526E+09  0.000        0.000    
 0.41568000E-02    0.000        0.000        0.000       0.7403E+09  0.000        0.000    
 0.41744000E-02    0.000        0.000        0.000       0.7282E+09  0.000        0.000    
 0.41920000E-02    0.000        0.000        0.000       0.7162E+09  0.000        0.000    
 0.42096000E-02    0.000        0.000        0.000       0.7044E+09  0.000        0.000    
 0.42272000E-02    0.000        0.000        0.000       0.6927E+09  0.000        0.000    
 0.42448000E-02    0.000        0.000        0.000       0.6812E+09  0.000        0.000    
 0.42624000E-02    0.000        0.000        0.000       0.6699E+09  0.000        0.000    
 0.42800000E-02    0.000        0.000        0.000       0.6586E+09  0.000        0.000    
 0.42976000E-02    0.000        0.000        0.000       0.6476E+09  0.000        0.000    
 0.43152000E-02    0.000        0.000        0.000       0.6367E+09  0.000        0.000    
 0.43328000E-02    0.000        0.000        0.000       0.6259E+09  0.000        0.000    
 0.43504000E-02    0.000        0.000        0.000       0.6153E+09  0.000        0.000    
 0.43680000E-02    0.000        0.000        0.000       0.6049E+09  0.000        0.000    
 0.43856000E-02    0.000        0.000        0.000       0.5945E+09  0.000        0.000    
 0.44032000E-02    0.000        0.000        0.000       0.5844E+09  0.000        0.000    
 0.44208000E-02    0.000        0.000        0.000       0.5743E+09  0.000        0.000    
 0.44384000E-02    0.000        0.000        0.000       0.5645E+09  0.000        0.000    
 0.44560000E-02    0.000        0.000        0.000       0.5547E+09  0.000        0.000    
 0.44736000E-02    0.000        0.000        0.000       0.5451E+09  0.000        0.000    
 0.44912000E-02    0.000        0.000        0.000       0.5356E+09  0.000        0.000    
 0.45088000E-02    0.000        0.000        0.000       0.5263E+09  0.000        0.000    
 0.45264000E-02    0.000        0.000        0.000       0.5171E+09  0.000        0.000    
 0.45440000E-02    0.000        0.000        0.000       0.5080E+09  0.000        0.000    
 0.45616000E-02    0.000        0.000        0.000       0.4991E+09  0.000        0.000    
 0.45792000E-02    0.000        0.000        0.000       0.4902E+09  0.000        0.000    
 0.45968000E-02    0.000        0.000        0.000       0.4816E+09  0.000        0.000    
 0.46144000E-02    0.000        0.000        0.000       0.4730E+09  0.000        0.000    
 0.46320000E-02    0.000        0.000        0.000       0.4646E+09  0.000        0.000    
 0.46496000E-02    0.000        0.000        0.000       0.4563E+09  0.000        0.000    
 0.46672000E-02    0.000        0.000        0.000       0.4481E+09  0.000        0.000    
 0.46848000E-02    0.000        0.000        0.000       0.4400E+09  0.000        0.000    
 0.47024000E-02    0.000        0.000        0.000       0.4321E+09  0.000        0.000    
 0.47200000E-02    0.000        0.000        0.000       0.4243E+09  0.000        0.000    
 0.47376000E-02    0.000        0.000        0.000       0.4166E+09  0.000        0.000    
 0.47552000E-02    0.000        0.000        0.000       0.4090E+09  0.000        0.000    
 0.47728000E-02    0.000        0.000        0.000       0.4015E+09  0.000        0.000    
 0.47904000E-02    0.000        0.000        0.000       0.3942E+09  0.000        0.000    
 0.48080000E-02    0.000        0.000        0.000       0.3870E+09  0.000        0.000    
 0.48256000E-02    0.000        0.000        0.000       0.3798E+09  0.000        0.000    
 0.48432000E-02    0.000        0.000        0.000       0.3728E+09  0.000        0.000    
 0.48608000E-02    0.000        0.000        0.000       0.3659E+09  0.000        0.000    
 0.48784000E-02    0.000        0.000        0.000       0.3591E+09  0.000        0.000    
 0.48960000E-02    0.000        0.000        0.000       0.3524E+09  0.000        0.000    
 0.49136000E-02    0.000        0.000        0.000       0.3458E+09  0.000        0.000    
 0.49312000E-02    0.000        0.000        0.000       0.3394E+09  0.000        0.000    
 0.49488000E-02    0.000        0.000        0.000       0.3330E+09  0.000        0.000    
 0.49664000E-02    0.000        0.000        0.000       0.3267E+09  0.000        0.000    
 0.49840000E-02    0.000        0.000        0.000       0.3205E+09  0.000        0.000    
 0.50016000E-02    0.000        0.000        0.000       0.3145E+09  0.000        0.000    
 0.50192000E-02    0.000        0.000        0.000       0.3085E+09  0.000        0.000    
 0.50368000E-02    0.000        0.000        0.000       0.3026E+09  0.000        0.000    
 0.50544000E-02    0.000        0.000        0.000       0.2968E+09  0.000        0.000    
 0.50720000E-02    0.000        0.000        0.000       0.2911E+09  0.000        0.000    
 0.50896000E-02    0.000        0.000        0.000       0.2855E+09  0.000        0.000    
 0.51072000E-02    0.000        0.000        0.000       0.2800E+09  0.000        0.000    
 0.51248000E-02    0.000        0.000        0.000       0.2746E+09  0.000        0.000    
 0.51424000E-02    0.000        0.000        0.000       0.2693E+09  0.000        0.000    
 0.51600000E-02    0.000        0.000        0.000       0.2641E+09  0.000        0.000    
 0.51776000E-02    0.000        0.000        0.000       0.2589E+09  0.000        0.000    
 0.51952000E-02    0.000        0.000        0.000       0.2538E+09  0.000        0.000    
 0.52128000E-02    0.000        0.000        0.000       0.2489E+09  0.000        0.000    
 0.52304000E-02    0.000        0.000        0.000       0.2440E+09  0.000        0.000    
 0.52480000E-02    0.000        0.000        0.000       0.2392E+09  0.000        0.000    
 0.52656000E-02    0.000        0.000        0.000       0.2344E+09  0.000        0.000    
 0.52832000E-02    0.000        0.000        0.000       0.2298E+09  0.000        0.000    
 0.53008000E-02    0.000        0.000        0.000       0.2252E+09  0.000        0.000    
 0.53184000E-02    0.000        0.000        0.000       0.2207E+09  0.000        0.000    
 0.53360000E-02    0.000        0.000        0.000       0.2163E+09  0.000        0.000    
 0.53536000E-02    0.000        0.000        0.000       0.2120E+09  0.000        0.000    
 0.53712000E-02    0.000        0.000        0.000       0.2077E+09  0.000        0.000    
 0.53888000E-02    0.000        0.000        0.000       0.2036E+09  0.000        0.000    
 0.54064000E-02    0.000        0.000        0.000       0.1995E+09  0.000        0.000    
 0.54240000E-02    0.000        0.000        0.000       0.1954E+09  0.000        0.000    
 0.54416000E-02    0.000        0.000        0.000       0.1914E+09  0.000        0.000    
 0.54592000E-02    0.000        0.000        0.000       0.1876E+09  0.000        0.000    
 0.54768000E-02    0.000        0.000        0.000       0.1837E+09  0.000        0.000    
 0.54944000E-02    0.000        0.000        0.000       0.1800E+09  0.000        0.000    
 0.55120000E-02    0.000        0.000        0.000       0.1763E+09  0.000        0.000    
 0.55296000E-02    0.000        0.000        0.000       0.1726E+09  0.000        0.000    
 0.55472000E-02    0.000        0.000        0.000       0.1691E+09  0.000        0.000    
 0.55648000E-02    0.000        0.000        0.000       0.1656E+09  0.000        0.000    
 0.55824000E-02    0.000        0.000        0.000       0.1622E+09  0.000        0.000    
 0.56000000E-02    0.000        0.000        0.000       0.1588E+09  0.000        0.000    
 0.56176000E-02    0.000        0.000        0.000       0.1555E+09  0.000        0.000    
 0.56352000E-02    0.000        0.000        0.000       0.1522E+09  0.000        0.000    
 0.56528000E-02    0.000        0.000        0.000       0.1490E+09  0.000        0.000    
 0.56704000E-02    0.000        0.000        0.000       0.1459E+09  0.000        0.000    
 0.56880000E-02    0.000        0.000        0.000       0.1429E+09  0.000        0.000    
 0.57056000E-02    0.000        0.000        0.000       0.1398E+09  0.000        0.000    
 0.57232000E-02    0.000        0.000        0.000       0.1369E+09  0.000        0.000    
 0.57408000E-02    0.000        0.000        0.000       0.1340E+09  0.000        0.000    
 0.57584000E-02    0.000        0.000        0.000       0.1311E+09  0.000        0.000    
 0.57760000E-02    0.000        0.000        0.000       0.1283E+09  0.000        0.000    
 0.57936000E-02    0.000        0.000        0.000       0.1256E+09  0.000        0.000    
 0.58112000E-02    0.000        0.000        0.000       0.1229E+09  0.000        0.000    
 0.58288000E-02    0.000        0.000        0.000       0.1203E+09  0.000        0.000    
 0.58464000E-02    0.000        0.000        0.000       0.1177E+09  0.000        0.000    
 0.58640000E-02    0.000        0.000        0.000       0.1151E+09  0.000        0.000    
 0.58816000E-02    0.000        0.000        0.000       0.1126E+09  0.000        0.000    
 0.58992000E-02    0.000        0.000        0.000       0.1102E+09  0.000        0.000    
 0.59168000E-02    0.000        0.000        0.000       0.1078E+09  0.000        0.000    
 0.59344000E-02    0.000        0.000        0.000       0.1055E+09  0.000        0.000    
 0.59520000E-02    0.000        0.000        0.000       0.1032E+09  0.000        0.000    
 0.59696000E-02    0.000        0.000        0.000       0.1009E+09  0.000        0.000    
 0.59872000E-02    0.000        0.000        0.000       0.9868E+08  0.000        0.000    
 0.60048000E-02    0.000        0.000        0.000       0.9651E+08  0.000        0.000    
 0.60224000E-02    0.000        0.000        0.000       0.9438E+08  0.000        0.000    
 0.60400000E-02    0.000        0.000        0.000       0.9230E+08  0.000        0.000    
 0.60576000E-02    0.000        0.000        0.000       0.9025E+08  0.000        0.000    
 0.60752000E-02    0.000        0.000        0.000       0.8825E+08  0.000        0.000    
 0.60928000E-02    0.000        0.000        0.000       0.8628E+08  0.000        0.000    
 0.61104000E-02    0.000        0.000        0.000       0.8436E+08  0.000        0.000    
 0.61280000E-02    0.000        0.000        0.000       0.8247E+08  0.000        0.000    
 0.61456000E-02    0.000        0.000        0.000       0.8062E+08  0.000        0.000    
 0.61632000E-02    0.000        0.000        0.000       0.7881E+08  0.000        0.000    
 0.61808000E-02    0.000        0.000        0.000       0.7703E+08  0.000        0.000    
 0.61984000E-02    0.000        0.000        0.000       0.7529E+08  0.000        0.000    
 0.62160000E-02    0.000        0.000        0.000       0.7359E+08  0.000        0.000    
 0.62336000E-02    0.000        0.000        0.000       0.7192E+08  0.000        0.000    
 0.62512000E-02    0.000        0.000        0.000       0.7028E+08  0.000        0.000    
 0.62688000E-02    0.000        0.000        0.000       0.6868E+08  0.000        0.000    
 0.62864000E-02    0.000        0.000        0.000       0.6711E+08  0.000        0.000    
 0.63040000E-02    0.000        0.000        0.000       0.6558E+08  0.000        0.000    
 0.63216000E-02    0.000        0.000        0.000       0.6407E+08  0.000        0.000    
 0.63392000E-02    0.000        0.000        0.000       0.6260E+08  0.000        0.000    
 0.63568000E-02    0.000        0.000        0.000       0.6116E+08  0.000        0.000    
 0.63744000E-02    0.000        0.000        0.000       0.5974E+08  0.000        0.000    
 0.63920000E-02    0.000        0.000        0.000       0.5836E+08  0.000        0.000    
 0.64096000E-02    0.000        0.000        0.000       0.5700E+08  0.000        0.000    
 0.64272000E-02    0.000        0.000        0.000       0.5568E+08  0.000        0.000    
 0.64448000E-02    0.000        0.000        0.000       0.5438E+08  0.000        0.000    
 0.64624000E-02    0.000        0.000        0.000       0.5311E+08  0.000        0.000    
 0.64800000E-02    0.000        0.000        0.000       0.5186E+08  0.000        0.000    
 0.64976000E-02    0.000        0.000        0.000       0.5065E+08  0.000        0.000    
 0.65152000E-02    0.000        0.000        0.000       0.4946E+08  0.000        0.000    
 0.65328000E-02    0.000        0.000        0.000       0.4829E+08  0.000        0.000    
 0.65504000E-02    0.000        0.000        0.000       0.4715E+08  0.000        0.000    
 0.65680000E-02    0.000        0.000        0.000       0.4603E+08  0.000        0.000    
 0.65856000E-02    0.000        0.000        0.000       0.4494E+08  0.000        0.000    
 0.66032000E-02    0.000        0.000        0.000       0.4387E+08  0.000        0.000    
 0.66208000E-02    0.000        0.000        0.000       0.4282E+08  0.000        0.000    
 0.66384000E-02    0.000        0.000        0.000       0.4180E+08  0.000        0.000    
 0.66560000E-02    0.000        0.000        0.000       0.4080E+08  0.000        0.000    
 0.66736000E-02    0.000        0.000        0.000       0.3982E+08  0.000        0.000    
 0.66912000E-02    0.000        0.000        0.000       0.3886E+08  0.000        0.000    
 0.67088000E-02    0.000        0.000        0.000       0.3793E+08  0.000        0.000    
 0.67264000E-02    0.000        0.000        0.000       0.3701E+08  0.000        0.000    
 0.67440000E-02    0.000        0.000        0.000       0.3612E+08  0.000        0.000    
 0.67616000E-02    0.000        0.000        0.000       0.3524E+08  0.000        0.000    
 0.67792000E-02    0.000        0.000        0.000       0.3438E+08  0.000        0.000    
 0.67968000E-02    0.000        0.000        0.000       0.3355E+08  0.000        0.000    
 0.68144000E-02    0.000        0.000        0.000       0.3273E+08  0.000        0.000    
 0.68320000E-02    0.000        0.000        0.000       0.3193E+08  0.000        0.000    
 0.68496000E-02    0.000        0.000        0.000       0.3114E+08  0.000        0.000    
 0.68672000E-02    0.000        0.000        0.000       0.3038E+08  0.000        0.000    
 0.68848000E-02    0.000        0.000        0.000       0.2963E+08  0.000        0.000    
 0.69024000E-02    0.000        0.000        0.000       0.2890E+08  0.000        0.000    
 0.69200000E-02    0.000        0.000        0.000       0.2818E+08  0.000        0.000    
 0.69376000E-02    0.000        0.000        0.000       0.2749E+08  0.000        0.000    
 0.69552000E-02    0.000        0.000        0.000       0.2680E+08  0.000        0.000    
 0.69728000E-02    0.000        0.000        0.000       0.2614E+08  0.000        0.000    
 0.69904000E-02    0.000        0.000        0.000       0.2549E+08  0.000        0.000    
 0.70080000E-02    0.000        0.000        0.000       0.2485E+08  0.000        0.000    
 0.70256000E-02    0.000        0.000        0.000       0.2423E+08  0.000        0.000    
 0.70432000E-02    0.000        0.000        0.000       0.2362E+08  0.000        0.000    
 0.70608000E-02    0.000        0.000        0.000       0.2302E+08  0.000        0.000    
 0.70784000E-02    0.000        0.000        0.000       0.2244E+08  0.000        0.000    
 0.70960000E-02    0.000        0.000        0.000       0.2188E+08  0.000        0.000    
 0.71136000E-02    0.000        0.000        0.000       0.2133E+08  0.000        0.000    
 0.71312000E-02    0.000        0.000        0.000       0.2078E+08  0.000        0.000    
 0.71488000E-02    0.000        0.000        0.000       0.2026E+08  0.000        0.000    
 0.71664000E-02    0.000        0.000        0.000       0.1974E+08  0.000        0.000    
 0.71840000E-02    0.000        0.000        0.000       0.1924E+08  0.000        0.000    
 0.72016000E-02    0.000        0.000        0.000       0.1875E+08  0.000        0.000    
 0.72192000E-02    0.000        0.000        0.000       0.1827E+08  0.000        0.000    
 0.72368000E-02    0.000        0.000        0.000       0.1780E+08  0.000        0.000    
 0.72544000E-02    0.000        0.000        0.000       0.1734E+08  0.000        0.000    
 0.72720000E-02    0.000        0.000        0.000       0.1689E+08  0.000        0.000    
 0.72896000E-02    0.000        0.000        0.000       0.1646E+08  0.000        0.000    
 0.73072000E-02    0.000        0.000        0.000       0.1603E+08  0.000        0.000    
 0.73248000E-02    0.000        0.000        0.000       0.1562E+08  0.000        0.000    
 0.73424000E-02    0.000        0.000        0.000       0.1521E+08  0.000        0.000    
 0.73600000E-02    0.000        0.000        0.000       0.1482E+08  0.000        0.000    
 0.73776000E-02    0.000        0.000        0.000       0.1443E+08  0.000        0.000    
 0.73952000E-02    0.000        0.000        0.000       0.1405E+08  0.000        0.000    
 0.74128000E-02    0.000        0.000        0.000       0.1369E+08  0.000        0.000    
 0.74304000E-02    0.000        0.000        0.000       0.1333E+08  0.000        0.000    
 0.74480000E-02    0.000        0.000        0.000       0.1298E+08  0.000        0.000    
 0.74656000E-02    0.000        0.000        0.000       0.1263E+08  0.000        0.000    
 0.74832000E-02    0.000        0.000        0.000       0.1230E+08  0.000        0.000    
 0.75008000E-02    0.000        0.000        0.000       0.1198E+08  0.000        0.000    
 0.75184000E-02    0.000        0.000        0.000       0.1166E+08  0.000        0.000    
 0.75360000E-02    0.000        0.000        0.000       0.1135E+08  0.000        0.000    
 0.75536000E-02    0.000        0.000        0.000       0.1105E+08  0.000        0.000    
 0.75712000E-02    0.000        0.000        0.000       0.1075E+08  0.000        0.000    
 0.75888000E-02    0.000        0.000        0.000       0.1047E+08  0.000        0.000    
 0.76064000E-02    0.000        0.000        0.000       0.1019E+08  0.000        0.000    
 0.76240000E-02    0.000        0.000        0.000       0.9915E+07  0.000        0.000    
 0.76416000E-02    0.000        0.000        0.000       0.9649E+07  0.000        0.000    
 0.76592000E-02    0.000        0.000        0.000       0.9390E+07  0.000        0.000    
 0.76768000E-02    0.000        0.000        0.000       0.9137E+07  0.000        0.000    
 0.76944000E-02    0.000        0.000        0.000       0.8890E+07  0.000        0.000    
 0.77120000E-02    0.000        0.000        0.000       0.8650E+07  0.000        0.000    
 0.77296000E-02    0.000        0.000        0.000       0.8416E+07  0.000        0.000    
 0.77472000E-02    0.000        0.000        0.000       0.8187E+07  0.000        0.000    
 0.77648000E-02    0.000        0.000        0.000       0.7965E+07  0.000        0.000    
 0.77824000E-02    0.000        0.000        0.000       0.7748E+07  0.000        0.000    
 0.78000000E-02    0.000        0.000        0.000       0.7536E+07  0.000        0.000    
 0.78176000E-02    0.000        0.000        0.000       0.7330E+07  0.000        0.000    
 0.78352000E-02    0.000        0.000        0.000       0.7130E+07  0.000        0.000    
 0.78528000E-02    0.000        0.000        0.000       0.6934E+07  0.000        0.000    
 0.78704000E-02    0.000        0.000        0.000       0.6743E+07  0.000        0.000    
 0.78880000E-02    0.000        0.000        0.000       0.6558E+07  0.000        0.000    
 0.79056000E-02    0.000        0.000        0.000       0.6377E+07  0.000        0.000    
 0.79232000E-02    0.000        0.000        0.000       0.6200E+07  0.000        0.000    
 0.79408000E-02    0.000        0.000        0.000       0.6029E+07  0.000        0.000    
 0.79584000E-02    0.000        0.000        0.000       0.5862E+07  0.000        0.000    
 0.79760000E-02    0.000        0.000        0.000       0.5699E+07  0.000        0.000    
 0.79936000E-02    0.000        0.000        0.000       0.5540E+07  0.000        0.000    
 0.80112000E-02    0.000        0.000        0.000       0.5385E+07  0.000        0.000    
 0.80288000E-02    0.000        0.000        0.000       0.5235E+07  0.000        0.000    
 0.80464000E-02    0.000        0.000        0.000       0.5088E+07  0.000        0.000    
 0.80640000E-02    0.000        0.000        0.000       0.4946E+07  0.000        0.000    
 0.80816000E-02    0.000        0.000        0.000       0.4807E+07  0.000        0.000    
 0.80992000E-02    0.000        0.000        0.000       0.4672E+07  0.000        0.000    
 0.81168000E-02    0.000        0.000        0.000       0.4540E+07  0.000        0.000    
 0.81344000E-02    0.000        0.000        0.000       0.4412E+07  0.000        0.000    
 0.81520000E-02    0.000        0.000        0.000       0.4287E+07  0.000        0.000    
 0.81696000E-02    0.000        0.000        0.000       0.4165E+07  0.000        0.000    
 0.81872000E-02    0.000        0.000        0.000       0.4047E+07  0.000        0.000    
 0.82048000E-02    0.000        0.000        0.000       0.3932E+07  0.000        0.000    
 0.82224000E-02    0.000        0.000        0.000       0.3820E+07  0.000        0.000    
 0.82400000E-02    0.000        0.000        0.000       0.3711E+07  0.000        0.000    
 0.82576000E-02    0.000        0.000        0.000       0.3605E+07  0.000        0.000    
 0.82752000E-02    0.000        0.000        0.000       0.3501E+07  0.000        0.000    
 0.82928000E-02    0.000        0.000        0.000       0.3401E+07  0.000        0.000    
 0.83104000E-02    0.000        0.000        0.000       0.3303E+07  0.000        0.000    
 0.83280000E-02    0.000        0.000        0.000       0.3208E+07  0.000        0.000    
 0.83456000E-02    0.000        0.000        0.000       0.3116E+07  0.000        0.000    
 0.83632000E-02    0.000        0.000        0.000       0.3026E+07  0.000        0.000    
 0.83808000E-02    0.000        0.000        0.000       0.2938E+07  0.000        0.000    
 0.83984000E-02    0.000        0.000        0.000       0.2853E+07  0.000        0.000    
 0.84160000E-02    0.000        0.000        0.000       0.2770E+07  0.000        0.000    
 0.84336000E-02    0.000        0.000        0.000       0.2689E+07  0.000        0.000    
 0.84512000E-02    0.000        0.000        0.000       0.2611E+07  0.000        0.000    
 0.84688000E-02    0.000        0.000        0.000       0.2535E+07  0.000        0.000    
 0.84864000E-02    0.000        0.000        0.000       0.2461E+07  0.000        0.000    
 0.85040000E-02    0.000        0.000        0.000       0.2389E+07  0.000        0.000    
 0.85216000E-02    0.000        0.000        0.000       0.2319E+07  0.000        0.000    
 0.85392000E-02    0.000        0.000        0.000       0.2250E+07  0.000        0.000    
 0.85568000E-02    0.000        0.000        0.000       0.2184E+07  0.000        0.000    
 0.85744000E-02    0.000        0.000        0.000       0.2120E+07  0.000        0.000    
 0.85920000E-02    0.000        0.000        0.000       0.2057E+07  0.000        0.000    
 0.86096000E-02    0.000        0.000        0.000       0.1996E+07  0.000        0.000    
 0.86272000E-02    0.000        0.000        0.000       0.1937E+07  0.000        0.000    
 0.86448000E-02    0.000        0.000        0.000       0.1880E+07  0.000        0.000    
 0.86624000E-02    0.000        0.000        0.000       0.1824E+07  0.000        0.000    
 0.86800000E-02    0.000        0.000        0.000       0.1769E+07  0.000        0.000    
 0.86976000E-02    0.000        0.000        0.000       0.1717E+07  0.000        0.000    
 0.87152000E-02    0.000        0.000        0.000       0.1665E+07  0.000        0.000    
 0.87328000E-02    0.000        0.000        0.000       0.1615E+07  0.000        0.000    
 0.87504000E-02    0.000        0.000        0.000       0.1567E+07  0.000        0.000    
 0.87680000E-02    0.000        0.000        0.000       0.1520E+07  0.000        0.000    
 0.87856000E-02    0.000        0.000        0.000       0.1474E+07  0.000        0.000    
 0.88032000E-02    0.000        0.000        0.000       0.1430E+07  0.000        0.000    
 0.88208000E-02    0.000        0.000        0.000       0.1387E+07  0.000        0.000    
 0.88384000E-02    0.000        0.000        0.000       0.1345E+07  0.000        0.000    
 0.88560000E-02    0.000        0.000        0.000       0.1304E+07  0.000        0.000    
 0.88736000E-02    0.000        0.000        0.000       0.1264E+07  0.000        0.000    
 0.88912000E-02    0.000        0.000        0.000       0.1226E+07  0.000        0.000    
 0.89088000E-02    0.000        0.000        0.000       0.1189E+07  0.000        0.000    
 0.89264000E-02    0.000        0.000        0.000       0.1153E+07  0.000        0.000    
 0.89440000E-02    0.000        0.000        0.000       0.1117E+07  0.000        0.000    
 0.89616000E-02    0.000        0.000        0.000       0.1083E+07  0.000        0.000    
 0.89792000E-02    0.000        0.000        0.000       0.1050E+07  0.000        0.000    
 0.89968000E-02    0.000        0.000        0.000       0.1018E+07  0.000        0.000    
 0.90144000E-02    0.000        0.000        0.000       0.9865E+06  0.000        0.000    
 0.90320000E-02    0.000        0.000        0.000       0.9562E+06  0.000        0.000    
 0.90496000E-02    0.000        0.000        0.000       0.9267E+06  0.000        0.000    
 0.90672000E-02    0.000        0.000        0.000       0.8981E+06  0.000        0.000    
 0.90848000E-02    0.000        0.000        0.000       0.8704E+06  0.000        0.000    
 0.91024000E-02    0.000        0.000        0.000       0.8434E+06  0.000        0.000    
 0.91200000E-02    0.000        0.000        0.000       0.8172E+06  0.000        0.000    
 0.91376000E-02    0.000        0.000        0.000       0.7919E+06  0.000        0.000    
 0.91552000E-02    0.000        0.000        0.000       0.7672E+06  0.000        0.000    
 0.91728000E-02    0.000        0.000        0.000       0.7433E+06  0.000        0.000    
 0.91904000E-02    0.000        0.000        0.000       0.7201E+06  0.000        0.000    
 0.92080000E-02    0.000        0.000        0.000       0.6976E+06  0.000        0.000    
 0.92256000E-02    0.000        0.000        0.000       0.6758E+06  0.000        0.000    
 0.92432000E-02    0.000        0.000        0.000       0.6546E+06  0.000        0.000    
 0.92608000E-02    0.000        0.000        0.000       0.6340E+06  0.000        0.000    
 0.92784000E-02    0.000        0.000        0.000       0.6141E+06  0.000        0.000    
 0.92960000E-02    0.000        0.000        0.000       0.5948E+06  0.000        0.000    
 0.93136000E-02    0.000        0.000        0.000       0.5760E+06  0.000        0.000    
 0.93312000E-02    0.000        0.000        0.000       0.5578E+06  0.000        0.000    
 0.93488000E-02    0.000        0.000        0.000       0.5402E+06  0.000        0.000    
 0.93664000E-02    0.000        0.000        0.000       0.5230E+06  0.000        0.000    
 0.93840000E-02    0.000        0.000        0.000       0.5064E+06  0.000        0.000    
 0.94016000E-02    0.000        0.000        0.000       0.4903E+06  0.000        0.000    
 0.94192000E-02    0.000        0.000        0.000       0.4747E+06  0.000        0.000    
 0.94368000E-02    0.000        0.000        0.000       0.4596E+06  0.000        0.000    
 0.94544000E-02    0.000        0.000        0.000       0.4449E+06  0.000        0.000    
 0.94720000E-02    0.000        0.000        0.000       0.4307E+06  0.000        0.000    
 0.94896000E-02    0.000        0.000        0.000       0.4169E+06  0.000        0.000    
 0.95072000E-02    0.000        0.000        0.000       0.4035E+06  0.000        0.000    
 0.95248000E-02    0.000        0.000        0.000       0.3906E+06  0.000        0.000    
 0.95424000E-02    0.000        0.000        0.000       0.3780E+06  0.000        0.000    
 0.95600000E-02    0.000        0.000        0.000       0.3658E+06  0.000        0.000    
 0.95776000E-02    0.000        0.000        0.000       0.3540E+06  0.000        0.000    
 0.95952000E-02    0.000        0.000        0.000       0.3426E+06  0.000        0.000    
 0.96128000E-02    0.000        0.000        0.000       0.3315E+06  0.000        0.000    
 0.96304000E-02    0.000        0.000        0.000       0.3208E+06  0.000        0.000    
 0.96480000E-02    0.000        0.000        0.000       0.3103E+06  0.000        0.000    
 0.96656000E-02    0.000        0.000        0.000       0.3003E+06  0.000        0.000    
 0.96832000E-02    0.000        0.000        0.000       0.2905E+06  0.000        0.000    
 0.97008000E-02    0.000        0.000        0.000       0.2810E+06  0.000        0.000    
 0.97184000E-02    0.000        0.000        0.000       0.2718E+06  0.000        0.000    
 0.97360000E-02    0.000        0.000        0.000       0.2629E+06  0.000        0.000    
 0.97536000E-02    0.000        0.000        0.000       0.2543E+06  0.000        0.000    
 0.97712000E-02    0.000        0.000        0.000       0.2460E+06  0.000        0.000    
 0.97888000E-02    0.000        0.000        0.000       0.2379E+06  0.000        0.000    
 0.98064000E-02    0.000        0.000        0.000       0.2301E+06  0.000        0.000    
 0.98240000E-02    0.000        0.000        0.000       0.2225E+06  0.000        0.000    
 0.98416000E-02    0.000        0.000        0.000       0.2152E+06  0.000        0.000    
 0.98592000E-02    0.000        0.000        0.000       0.2081E+06  0.000        0.000    
 0.98768000E-02    0.000        0.000        0.000       0.2012E+06  0.000        0.000    
 0.98944000E-02    0.000        0.000        0.000       0.1945E+06  0.000        0.000    
 0.99120000E-02    0.000        0.000        0.000       0.1881E+06  0.000        0.000    
 0.99296000E-02    0.000        0.000        0.000       0.1818E+06  0.000        0.000    
 0.99472000E-02    0.000        0.000        0.000       0.1758E+06  0.000        0.000    
 0.99648000E-02    0.000        0.000        0.000       0.1699E+06  0.000        0.000    
 0.99824000E-02    0.000        0.000        0.000       0.1643E+06  0.000        0.000    
 0.10000000E-01    0.000        0.000        0.000       0.1588E+06  0.000        0.000    
