-1.3010299956639813	0.	0.	0	0.	0.	0
-1.2987289656683172	0.	0.	0	0.	0.	0
-1.2964279356726534	0.	0.	0	0.	0.	0
-1.2941269056769893	0.	0.	0	0.	0.	0
-1.2918258756813252	0.	0.	0	0.	0.	0
-1.2895248456856614	0.	0.	0	0.	0.	0
-1.2872238156899973	0.	0.	0	0.	0.	0
-1.2849227856943335	0.	0.	0	0.	0.	0
-1.2826217556986694	0.	0.	0	0.	0.	0
-1.2803207257030054	0.	0.	0	0.	0.	0
-1.2780196957073415	0.	0.	0	0.	0.	0
-1.2757186657116775	0.	0.	0	0.	0.	0
-1.2734176357160134	0.	0.	0	0.	0.	0
-1.2711166057203496	0.	0.	0	0.	0.	0
-1.2688155757246855	0.	0.	0	0.	0.	0
-1.2665145457290214	0.	0.	0	0.	0.	0
-1.2642135157333576	0.	0.	0	0.	0.	0
-1.2619124857376935	0.	0.	0	0.	0.	0
-1.2596114557420295	0.	0.	0	0.	0.	0
-1.2573104257463656	0.	0.	0	0.	0.	0
-1.2550093957507016	0.	0.	0	0.	0.	0
-1.2527083657550377	0.	0.	0	0.	0.	0
-1.2504073357593737	0.	0.	0	0.	0.	0
-1.2481063057637096	0.	0.	0	0.	0.	0
-1.2458052757680458	0.	0.	0	0.	0.	0
-1.2435042457723817	0.	0.	0	0.	0.	0
-1.2412032157767177	0.	0.	0	0.	0.	0
-1.2389021857810538	0.	0.	0	0.	0.	0
-1.2366011557853898	0.	0.	0	0.	0.	0
-1.2343001257897257	0.	0.	0	0.	0.	0
-1.2319990957940619	0.	0.	0	0.	0.	0
-1.2296980657983978	0.	0.	0	0.	0.	0
-1.227397035802734	0.	0.	0	0.	0.	0
-1.22509600580707	0.	0.	0	0.	0.	0
-1.2227949758114058	0.	0.	0	0.	0.	0
-1.220493945815742	0.	0.	0	0.	0.	0
-1.218192915820078	0.	0.	0	0.	0.	0
-1.2158918858244139	0.	0.	0	0.	0.	0
-1.21359085582875	0.	0.	0	0.	0.	0
-1.211289825833086	0.	0.	0	0.	0.	0
-1.208988795837422	0.	0.	0	0.	0.	0
-1.206687765841758	0.	0.	0	0.	0.	0
-1.204386735846094	0.	0.	0	0.	0.	0
-1.20208570585043	0.	0.	0	0.	0.	0
-1.1997846758547661	0.	0.	0	0.	0.	0
-1.197483645859102	0.	0.	0	0.	0.	0
-1.195182615863438	0.	0.	0	0.	0.	0
-1.1928815858677742	0.	0.	0	0.	0.	0
-1.19058055587211	0.	0.	0	0.	0.	0
-1.1882795258764463	0.	0.	0	0.	0.	0
-1.1859784958807822	0.	0.	0	0.	0.	0
-1.1836774658851181	0.	0.	0	0.	0.	0
-1.1813764358894543	0.	0.	0	0.	0.	0
-1.1790754058937902	0.	0.	0	0.	0.	0
-1.1767743758981262	0.	0.	0	0.	0.	0
-1.1744733459024623	0.	0.	0	0.	0.	0
-1.1721723159067983	0.	0.	0	0.	0.	0
-1.1698712859111344	0.	0.	0	0.	0.	0
-1.1675702559154704	0.	0.	0	0.	0.	0
-1.1652692259198063	0.	0.	0	0.	0.	0
-1.1629681959241425	0.	0.	0	0.	0.	0
-1.1606671659284784	0.	0.	0	0.	0.	0
-1.1583661359328143	0.	0.	0	0.	0.	0
-1.1560651059371505	0.	0.	0	0.	0.	0
-1.1537640759414864	0.	0.	0	0.	0.	0
-1.1514630459458224	0.	0.	0	0.	0.	0
-1.1491620159501585	0.	0.	0	0.	0.	0
-1.1468609859544945	0.	0.	0	0.	0.	0
-1.1445599559588304	0.	0.	0	0.	0.	0
-1.1422589259631666	0.	0.	0	0.	0.	0
-1.1399578959675025	0.	0.	0	0.	0.	0
-1.1376568659718385	0.	0.	0	0.	0.	0
-1.1353558359761746	0.	0.	0	0.	0.	0
-1.1330548059805106	0.	0.	0	0.	0.	0
-1.1307537759848467	0.	0.	0	0.	0.	0
-1.1284527459891827	0.	0.	0	0.	0.	0
-1.1261517159935186	0.	0.	0	0.	0.	0
-1.1238506859978548	0.	0.	0	0.	0.	0
-1.1215496560021907	0.	0.	0	0.	0.	0
-1.1192486260065266	0.	0.	0	0.	0.	0
-1.1169475960108628	0.	0.	0	0.	0.	0
-1.1146465660151987	0.	0.	0	0.	0.	0
-1.112345536019535	0.	0.	0	0.	0.	0
-1.1100445060238708	0.	0.	0	0.	0.	0
-1.1077434760282068	0.	0.	0	0.	0.	0
-1.105442446032543	0.	0.	0	0.	0.	0
-1.1031414160368789	0.	0.	0	0.	0.	0
-1.1008403860412148	0.	0.	0	0.	0.	0
-1.098539356045551	0.	0.	0	0.	0.	0
-1.096238326049887	0.	0.	0	0.	0.	0
-1.0939372960542229	0.	0.	0	0.	0.	0
-1.091636266058559	0.	0.	0	0.	0.	0
-1.089335236062895	0.	0.	0	0.	0.	0
-1.087034206067231	0.	0.	0	0.	0.	0
-1.084733176071567	0.	0.	0	0.	0.	0
-1.082432146075903	0.	0.	0	0.	0.	0
-1.080131116080239	0.	0.	0	0.	0.	0
-1.077830086084575	0.	0.	0	0.	0.	0
-1.075529056088911	0.	0.	0	0.	0.	0
-1.0732280260932472	0.	0.	0	0.	0.	0
-1.0709269960975831	0.	0.	0	0.	0.	0
-1.068625966101919	0.	0.	0	0.	0.	0
-1.0663249361062552	0.	0.	0	0.	0.	0
-1.0640239061105912	0.	0.	0	0.	0.	0
-1.061722876114927	0.	0.	0	0.	0.	0
-1.0594218461192633	0.	0.	0	0.	0.	0
-1.0571208161235992	0.	0.	0	0.	0.	0
-1.0548197861279354	0.	0.	0	0.	0.	0
-1.0525187561322713	0.	0.	0	0.	0.	0
-1.0502177261366072	0.	0.	0	0.	0.	0
-1.0479166961409434	0.	0.	0	0.	0.	0
-1.0456156661452793	0.	0.	0	0.	0.	0
-1.0433146361496153	0.	0.	0	0.	0.	0
-1.0410136061539514	0.	0.	0	0.	0.	0
-1.0387125761582874	0.	0.	0	0.	0.	0
-1.0364115461626233	0.	0.	0	0.	0.	0
-1.0341105161669595	0.	0.	0	0.	0.	0
-1.0318094861712954	0.	0.	0	0.	0.	0
-1.0295084561756314	0.	0.	0	0.	0.	0
-1.0272074261799675	0.	0.	0	0.	0.	0
-1.0249063961843035	0.	0.	0	0.	0.	0
-1.0226053661886394	0.	0.	0	0.	0.	0
-1.0203043361929756	0.	0.	0	0.	0.	0
-1.0180033061973115	0.	0.	0	0.	0.	0
-1.0157022762016474	0.	0.	0	0.	0.	0
-1.0134012462059836	0.	0.	0	0.	0.	0
-1.0111002162103195	0.	0.	0	0.	0.	0
-1.0087991862146557	0.	0.	0	0.	0.	0
-1.0064981562189916	0.	0.	0	0.	0.	0
-1.0041971262233276	0.	0.	0	0.	0.	0
-1.0018960962276637	0.	0.	0	0.	0.	0
-0.9995950662319997	0.	0.	0	0.	0.	0
-0.9972940362363357	0.	0.	0	0.	0.	0
-0.9949930062406718	0.	0.	0	0.	0.	0
-0.9926919762450077	0.	0.	0	0.	0.	0
-0.9903909462493438	0.	0.	0	0.	0.	0
-0.9880899162536798	0.	0.	0	0.	0.	0
-0.9857888862580158	0.	0.	0	0.	0.	0
-0.9834878562623518	0.	0.	0	0.	0.	0
-0.9811868262666879	0.	0.	0	0.	0.	0
-0.9788857962710238	0.	0.	0	0.	0.	0
-0.97658476627536	0.	0.	0	0.	0.	0
-0.9742837362796959	0.	0.	0	0.	0.	0
-0.9719827062840319	0.	0.	0	0.	0.	0
-0.969681676288368	0.	0.	0	0.	0.	0
-0.9673806462927039	0.	0.	0	0.	0.	0
-0.96507961629704	0.	0.	0	0.	0.	0
-0.962778586301376	0.	0.	0	0.	0.	0
-0.960477556305712	0.	0.	0	0.	0.	0
-0.958176526310048	0.	0.	0	0.	0.	0
-0.9558754963143841	0.	0.	0	0.	0.	0
-0.95357446631872	0.	0.	0	0.	0.	0
-0.951273436323056	0.	0.	0	0.	0.	0
-0.9489724063273921	0.	0.	0	0.	0.	0
-0.946671376331728	0.	0.	0	0.	0.	0
-0.9443703463360642	0.	0.	0	0.	0.	0
-0.9420693163404001	0.	0.	0	0.	0.	0
-0.9397682863447362	0.	0.	0	0.	0.	0
-0.9374672563490722	0.	0.	0	0.	0.	0
-0.9351662263534082	0.	0.	0	0.	0.	0
-0.9328651963577442	0.	0.	0	0.	0.	0
-0.9305641663620803	0.	0.	0	0.	0.	0
-0.9282631363664162	0.	0.	0	0.	0.	0
-0.9259621063707523	0.	0.	0	0.	0.	0
-0.9236610763750883	0.	0.	0	0.	0.	0
-0.9213600463794243	0.	0.	0	0.	0.	0
-0.9190590163837604	0.	0.	0	0.	0.	0
-0.9167579863880964	0.	0.	0	0.	0.	0
-0.9144569563924324	0.	0.	0	0.	0.	0
-0.9121559263967685	0.	0.	0	0.	0.	0
-0.9098548964011044	0.	0.	0	0.	0.	0
-0.9075538664054404	0.	0.	0	0.	0.	0
-0.9052528364097765	0.	0.	0	0.	0.	0
-0.9029518064141124	0.	0.	0	0.	0.	0
-0.9006507764184485	0.	0.	0	0.	0.	0
-0.8983497464227845	0.	0.	0	0.	0.	0
-0.8960487164271205	0.	0.	0	0.	0.	0
-0.8937476864314565	0.	0.	0	0.	0.	0
-0.8914466564357926	0.	0.	0	0.	0.	0
-0.8891456264401285	0.	0.	0	0.	0.	0
-0.8868445964444647	0.	0.	0	0.	0.	0
-0.8845435664488006	0.	0.	0	0.	0.	0
-0.8822425364531367	0.	0.	0	0.	0.	0
-0.8799415064574727	0.	0.	0	0.	0.	0
-0.8776404764618086	0.	0.	0	0.	0.	0
-0.8753394464661447	0.	0.	0	0.	0.	0
-0.8730384164704807	0.	0.	0	0.	0.	0
-0.8707373864748167	0.	0.	0	0.	0.	0
-0.8684363564791527	0.	0.	0	0.	0.	0
-0.8661353264834888	0.	0.	0	0.	0.	0
-0.8638342964878247	0.	0.	0	0.	0.	0
-0.8615332664921609	0.	0.	0	0.	0.	0
-0.8592322364964968	0.	0.	0	0.	0.	0
-0.8569312065008328	0.	0.	0	0.	0.	0
-0.8546301765051689	0.	0.	0	0.	0.	0
-0.8523291465095049	0.	0.	0	0.	0.	0
-0.8500281165138409	0.	0.	0	0.	0.	0
-0.847727086518177	0.	0.	0	0.	0.	0
-0.8454260565225129	0.	0.	0	0.	0.	0
-0.843125026526849	0.	0.	0	0.	0.	0
-0.840823996531185	0.	0.	0	0.	0.	0
-0.8385229665355209	0.	0.	0	0.	0.	0
-0.836221936539857	0.	0.	0	0.	0.	0
-0.833920906544193	0.	0.	0	0.	0.	0
-0.831619876548529	0.	0.	0	0.	0.	0
-0.8293188465528651	0.	0.	0	0.	0.	0
-0.8270178165572011	0.	0.	0	0.	0.	0
-0.8247167865615371	0.	0.	0	0.	0.	0
-0.8224157565658732	0.000039424849147886264	0.000039424849147886264	0	0.000039424849147886264	0.000039424849147886264	0
-0.8201147265702091	0.00010045358274566978	0.00010045358274566978	0	0.00010045358274566978	0.00010045358274566978	0
-0.8178136965745452	0.0001618065240617892	0.0001618065240617892	0	0.0001618065240617892	0.0001618065240617892	0
-0.8155126665788812	0.00022348539541028594	0.00022348539541028594	0	0.00022348539541028594	0.00022348539541028594	0
-0.8132116365832172	0.00028549192825478263	0.00028549192825478263	0	0.00028549192825478263	0.00028549192825478263	0
-0.8109106065875532	0.00034782786325708755	0.00034782786325708755	0	0.00034782786325708755	0.00034782786325708755	0
-0.8086095765918893	0.00041049495032606693	0.00041049495032606693	0	0.00041049495032606693	0.00041049495032606693	0
-0.8063085465962252	0.0004734949486667715	0.0004734949486667715	0	0.0004734949486667715	0.0004734949486667715	0
-0.8040075166005612	0.0005368296268297998	0.0005368296268297998	0	0.0005368296268297998	0.0005368296268297998	0
-0.8017064866048973	0.0006005007627609702	0.0006005007627609702	0	0.0006005007627609702	0.0006005007627609702	0
-0.7994054566092333	0.0006645101438512192	0.0006645101438512192	0	0.0006645101438512192	0.0006645101438512192	0
-0.7971044266135693	0.0007288595669867866	0.0007288595669867866	0	0.0007288595669867866	0.0007288595669867866	0
-0.7948033966179053	0.0007935508385996347	0.0007935508385996347	0	0.0007935508385996347	0.0007935508385996347	0
-0.7925023666222414	0.0008585857747181961	0.0008585857747181961	0	0.0008585857747181961	0.0008585857747181961	0
-0.7902013366265774	0.0009239662010183175	0.0009239662010183175	0	0.0009239662010183175	0.0009239662010183175	0
-0.7879003066309134	0.0009896939528745386	0.0009896939528745386	0	0.0009896939528745386	0.0009896939528745386	0
-0.7855992766352494	0.0010557708754115915	0.0010557708754115915	0	0.0010557708754115915	0.0010557708754115915	0
-0.7832982466395855	0.0011221988235562167	0.0011221988235562167	0	0.0011221988235562167	0.0011221988235562167	0
-0.7809972166439214	0.001188979662089227	0.001188979662089227	0	0.001188979662089227	0.001188979662089227	0
-0.7786961866482575	0.0012561152656978486	0.0012561152656978486	0	0.0012561152656978486	0.0012561152656978486	0
-0.7763951566525935	0.0013236075190283638	0.0013236075190283638	0	0.0013236075190283638	0.0013236075190283638	0
-0.7740941266569296	0.0013914583167390065	0.0013914583167390065	0	0.0013914583167390065	0.0013914583167390065	0
-0.7717930966612655	0.001459669563553154	0.001459669563553154	0	0.001459669563553154	0.001459669563553154	0
-0.7694920666656015	0.0015282431743127859	0.0015282431743127859	0	0.0015282431743127859	0.0015282431743127859	0
-0.7671910366699376	0.0015971810740322548	0.0015971810740322548	0	0.0015971810740322548	0.0015971810740322548	0
-0.7648900066742735	0.00166648519795232	0.00166648519795232	0	0.00166648519795232	0.00166648519795232	0
-0.7625889766786096	0.0017361574915944616	0.0017361574915944616	0	0.0017361574915944616	0.0017361574915944616	0
-0.7602879466829456	0.0018061999108155112	0.0018061999108155112	0	0.0018061999108155112	0.0018061999108155112	0
-0.7579869166872817	0.0018766144218625566	0.0018766144218625566	0	0.0018766144218625566	0.0018766144218625566	0
-0.7556858866916176	0.0019474030014281322	0.0019474030014281322	0	0.0019474030014281322	0.0019474030014281322	0
-0.7533848566959537	0.0020185676367057	0.0020185676367057	0	0.0020185676367057	0.0020185676367057	0
-0.7510838267002897	0.0020901103254454562	0.0020901103254454562	0	0.0020901103254454562	0.0020901103254454562	0
-0.7487827967046257	0.002162033076010406	0.002162033076010406	0	0.002162033076010406	0.002162033076010406	0
-0.7464817667089617	0.0022343379074327195	0.0022343379074327195	0	0.0022343379074327195	0.0022343379074327195	0
-0.7441807367132978	0.002307026849470449	0.002307026849470449	0	0.002307026849470449	0.002307026849470449	0
-0.7418797067176338	0.0023801019426644794	0.0023801019426644794	0	0.0023801019426644794	0.0023801019426644794	0
-0.7395786767219698	0.0024535652383958287	0.0024535652383958287	0	0.0024535652383958287	0.0024535652383958287	0
-0.7372776467263058	0.002527418798943212	0.002527418798943212	0	0.002527418798943212	0.002527418798943212	0
-0.7349766167306419	0.002601664697540965	0.002601664697540965	0	0.002601664697540965	0.002601664697540965	0
-0.7326755867349779	0.002676305018437219	0.002676305018437219	0	0.002676305018437219	0.002676305018437219	0
-0.7303745567393138	0.0027513418569524283	0.0027513418569524283	0	0.0027513418569524283	0.0027513418569524283	0
-0.7280735267436499	0.0028267773195381693	0.0028267773195381693	0	0.0028267773195381693	0.0028267773195381693	0
-0.7257724967479859	0.002902613523836293	0.002902613523836293	0	0.002902613523836293	0.002902613523836293	0
-0.7234714667523219	0.002978852598738371	0.002978852598738371	0	0.002978852598738371	0.002978852598738371	0
-0.7211704367566579	0.003055496684445441	0.003055496684445441	0	0.003055496684445441	0.003055496684445441	0
-0.718869406760994	0.0031325479325281045	0.0031325479325281045	0	0.0031325479325281045	0.0031325479325281045	0
-0.71656837676533	0.0032100085059869185	0.0032100085059869185	0	0.0032100085059869185	0.0032100085059869185	0
-0.714267346769666	0.0032878805793131217	0.0032878805793131217	0	0.0032878805793131217	0.0032878805793131217	0
-0.711966316774002	0.0033661663385496617	0.0033661663385496617	0	0.0033661663385496617	0.0033661663385496617	0
-0.7096652867783381	0.003444867981352584	0.003444867981352584	0	0.003444867981352584	0.003444867981352584	0
-0.707364256782674	0.0035239877170527133	0.0035239877170527133	0	0.0035239877170527133	0.0035239877170527133	0
-0.7050632267870101	0.0036035277667176655	0.0036035277667176655	0	0.0036035277667176655	0.0036035277667176655	0
-0.7027621967913461	0.0036834903632142185	0.0036834903632142185	0	0.0036834903632142185	0.0036834903632142185	0
-0.7004611667956822	0.0037638777512709787	0.0037638777512709787	0	0.0037638777512709787	0.0037638777512709787	0
-0.6981601368000181	0.0038446921875414076	0.0038446921875414076	0	0.0038446921875414076	0.0038446921875414076	0
-0.6958591068043541	0.0039259359406671425	0.0039259359406671425	0	0.0039259359406671425	0.0039259359406671425	0
-0.6935580768086902	0.004007611291341728	0.004007611291341728	0	0.004007611291341728	0.004007611291341728	0
-0.6912570468130261	0.004089720532374604	0.004089720532374604	0	0.004089720532374604	0.004089720532374604	0
-0.6889560168173622	0.004172265968755478	0.004172265968755478	0	0.004172265968755478	0.004172265968755478	0
-0.6866549868216982	0.004255249917719041	0.004255249917719041	0	0.004255249917719041	0.004255249917719041	0
-0.6843539568260343	0.004338674708810011	0.004338674708810011	0	0.004338674708810011	0.004338674708810011	0
-0.6820529268303702	0.004422542683948528	0.004422542683948528	0	0.004422542683948528	0.004422542683948528	0
-0.6797518968347063	0.004506856197495891	0.004506856197495891	0	0.004506856197495891	0.004506856197495891	0
-0.6774508668390423	0.004591617616320667	0.004591617616320667	0	0.004591617616320667	0.004591617616320667	0
-0.6751498368433784	0.004676829319865119	0.004676829319865119	0	0.004676829319865119	0.004676829319865119	0
-0.6728488068477143	0.004762493700212011	0.004762493700212011	0	0.004762493700212011	0.004762493700212011	0
-0.6705477768520504	0.004848613162151747	0.004848613162151747	0	0.004848613162151747	0.004848613162151747	0
-0.6682467468563864	0.004935190123249892	0.004935190123249892	0	0.004935190123249892	0.004935190123249892	0
-0.6659457168607223	0.005022227013915043	0.005022227013915043	0	0.005022227013915043	0.005022227013915043	0
-0.6636446868650584	0.005109726277467032	0.005109726277467032	0	0.005109726277467032	0.005109726277467032	0
-0.6613436568693944	0.005197690370205536	0.005197690370205536	0	0.005197690370205536	0.005197690370205536	0
-0.6590426268737305	0.005286121761479028	0.005286121761479028	0	0.005286121761479028	0.005286121761479028	0
-0.6567415968780664	0.005375022933754095	0.005375022933754095	0	0.005375022933754095	0.005375022933754095	0
-0.6544405668824025	0.005464396382685114	0.005464396382685114	0	0.005464396382685114	0.005464396382685114	0
-0.6521395368867385	0.005554244617184337	0.005554244617184337	0	0.005554244617184337	0.005554244617184337	0
-0.6498385068910745	0.005644570159492303	0.005644570159492303	0	0.005644570159492303	0.005644570159492303	0
-0.6475374768954105	0.005735375545248636	0.005735375545248636	0	0.005735375545248636	0.005735375545248636	0
-0.6452364468997466	0.005826663323563249	0.005826663323563249	0	0.005826663323563249	0.005826663323563249	0
-0.6429354169040826	0.005918436057087886	0.005918436057087886	0	0.005918436057087886	0.005918436057087886	0
-0.6406343869084186	0.006010696322088075	0.006010696322088075	0	0.006010696322088075	0.006010696322088075	0
-0.6383333569127546	0.006103446708515423	0.006103446708515423	0	0.006103446708515423	0.006103446708515423	0
-0.6360323269170907	0.006196689820080356	0.006196689820080356	0	0.006196689820080356	0.006196689820080356	0
-0.6337312969214266	0.006290428274325193	0.006290428274325193	0	0.006290428274325193	0.006290428274325193	0
-0.6314302669257627	0.006384664702697612	0.006384664702697612	0	0.006384664702697612	0.006384664702697612	0
-0.6291292369300987	0.0064794017506245565	0.0064794017506245565	0	0.0064794017506245565	0.0064794017506245565	0
-0.6268282069344348	0.006574642077586471	0.006574642077586471	0	0.006574642077586471	0.006574642077586471	0
-0.6245271769387707	0.006670388357191966	0.006670388357191966	0	0.006670388357191966	0.006670388357191966	0
-0.6222261469431067	0.006766643277252868	0.006766643277252868	0	0.006766643277252868	0.006766643277252868	0
-0.6199251169474428	0.006863409539859681	0.006863409539859681	0	0.006863409539859681	0.006863409539859681	0
-0.6176240869517787	0.006960689861457444	0.006960689861457444	0	0.006960689861457444	0.006960689861457444	0
-0.6153230569561148	0.007058486972921959	0.007058486972921959	0	0.007058486972921959	0.007058486972921959	0
-0.6130220269604508	0.00715680361963649	0.00715680361963649	0	0.00715680361963649	0.00715680361963649	0
-0.6107209969647869	0.007255642561568812	0.007255642561568812	0	0.007255642561568812	0.007255642561568812	0
-0.6084199669691228	0.007355006573348696	0.007355006573348696	0	0.007355006573348696	0.007355006573348696	0
-0.6061189369734589	0.007454898444345781	0.007454898444345781	0	0.007454898444345781	0.007454898444345781	0
-0.6038179069777949	0.00755532097874791	0.00755532097874791	0	0.00755532097874791	0.00755532097874791	0
-0.6015168769821309	0.007823340338930979	0.007677333803952295	0	0.00768284242135971	0.007659487779131911	0
-0.5992158469864669	0.008634957547340533	0.007868330890954251	0	0.007897254616491434	0.007774627973205847	0
-0.596914816990803	0.009450886373373296	0.008060342626731228	0	0.008112805850309844	0.007890379835545023	0
-0.594613786995139	0.010271149721973037	0.008253374401481328	0	0.00832950217381931	0.008006746615562643	0
-0.5923127569994749	0.011095770619763301	0.008447431634037442	0	0.008547349670169438	0.008123731579934027	0
-0.590011727003811	0.011924772215693644	0.008642519772019316	0	0.00876635445482579	0.00824133801268829	0
-0.587710697008147	0.01275817778168973	0.008838644291986547	0	0.008986522675741637	0.008359569215300575	0
-0.5854096670124831	0.013596010713306468	0.00903581069959228	0	0.009207860513530484	0.008478428506784702	0
-0.583108637016819	0.014438294530384803	0.009234024529737771	0	0.0094303741816396	0.008597919223786351	0
-0.5808076070211551	0.015285052877711848	0.009433291346727738	0	0.009654069926524404	0.008718044720676705	0
-0.5785065770254911	0.016136309525684955	0.009633616744426634	0	0.009878954027823895	0.008838808369646664	0
-0.5762055470298271	0.016992088370978778	0.009835006346415627	0	0.010105032798536884	0.00896021356080148	0
-0.5739045170341631	0.017852413437215997	0.010037465806150437	0	0.010332312585199172	0.009082263702255896	0
-0.5716034870384992	0.018717308875642026	0.010241000807120119	0	0.01056079976806181	0.009204962220229878	0
-0.5693024570428352	0.01958679896580278	0.010445617063006564	0	0.010790500761270139	0.009328312559144764	0
-0.5670014270471712	0.020460908116226313	0.010651320317844899	0	0.011021422013043868	0.009452318181719958	0
-0.5647003970515072	0.021339660865107954	0.010858116346184726	0	0.011253570005858074	0.009576982569070133	0
-0.5623993670558433	0.022223081880999307	0.011066010953252263	0	0.01148695125662522	0.009702309220802972	0
-0.5600983370601792	0.023111195963500628	0.01127500997511328	0	0.011721572316878065	0.009828301655117395	0
-0.5577973070645152	0.024004028043956897	0.011485119278836905	0	0.011957439772953552	0.009954963408902309	0
-0.5554962770688513	0.024901603186158028	0.011696344762660398	0	0.012194560246177794	0.010082298037835936	0
-0.5531952470731873	0.02580394658704214	0.011908692356154663	0	0.012432940393051855	0.010210309116485594	0
-0.5508942170775233	0.02671108357740308	0.01212216802039074	0	0.012672586905438672	0.010339000238408058	0
-0.5485931870818593	0.027623039622601424	0.012336777748107125	0	0.012913506510750872	0.010468375016250434	0
-0.5462921570861954	0.028539840323279338	0.012552527563877999	0	0.013155705972139643	0.01059843708185157	0
-0.5439911270905313	0.029461511416079438	0.012769423524282399	0	0.013399192088684626	0.010729190086344039	0
-0.5416900970948674	0.03038807877436686	0.012987471718074134	0	0.013643971695584676	0.01086063770025657	0
-0.5393890670992034	0.0313195684089561	0.013206678266352844	0	0.01389005166434988	0.010992783613617173	0
-0.5370880371035395	0.03225600646884079	0.013427049322735723	0	0.014137438902994341	0.011125631536056658	0
-0.5347870071078754	0.03319741924192801	0.01364859107353034	0	0.014386140356230183	0.011259185196912807	0
-0.5324859771122115	0.034143833155776016	0.013871309737908231	0	0.014636163005662423	0.01139344834533504	0
-0.5301849471165475	0.03509527477833634	0.014095211568079549	0	0.014887513869985033	0.011528424750389694	0
-0.5278839171208836	0.03605177081869949	0.014320302849468544	0	0.015140200005177936	0.0116641182011658	0
-0.5255828871252195	0.03701334812784485	0.014546589900890037	0	0.015394228504705107	0.01180053250688148	0
-0.5232818571295555	0.03798003369939423	0.014774079074726753	0	0.015649606499713656	0.011937671496990846	0
-0.5209808271338916	0.03895185467036982	0.015002776757107688	0	0.015906341159234047	0.01207553902129152	0
-0.5186797971382275	0.039928838321956	0.015232689368087384	0	0.01616443969038137	0.012214138950032719	0
-0.5163787671425636	0.04091101208026504	0.015463823361826126	0	0.016423909338557616	0.012353475174023871	0
-0.5140777371468996	0.041898403517107136	0.015696185226771145	0	0.016684757387655097	0.01249355160474387	0
-0.5117767071512357	0.04289104035076432	0.01592978148583875	0	0.016946991160260917	0.012634372174450853	0
-0.5094756771555716	0.043888950446768785	0.01616461869659749	0	0.017210618017862556	0.012775940836292623	0
-0.5071746471599077	0.04489216181868469	0.016400703451452125	0	0.017475645361054434	0.012918261564417558	0
-0.5048736171642437	0.04590070262889505	0.016638042377828816	0	0.01774208062974579	0.013061338354086249	0
-0.5025725871685797	0.046914601189392155	0.016876642138361125	0	0.018009931303369482	0.013205175221783627	0
-0.5002715571729157	0.04793388596257208	0.017116509431077	0	0.018279204901091875	0.013349776205331676	0
-0.49797052717725176	0.048958585562034106	0.017357650989586876	0	0.018549908982024053	0.013495145364002845	0
-0.4956694971815878	0.049988728753383754	0.017600073583272688	0	0.01882205114543395	0.013641286778633976	0
-0.49336846718592375	0.05102434445504031	0.017843784017477868	0	0.019095639030959673	0.013788204551740851	0
-0.4910674371902598	0.05206546173904851	0.018088789133698383	0	0.01937068031882395	0.013935902807633353	0
-0.48876640719459585	0.053112109831894974	0.018335095809774857	0	0.019647182730049808	0.014084385692531282	0
-0.4864653771989318	0.05416431811532844	0.018582710960085604	0	0.01992515402667725	0.014233657374680728	0
-0.48416434720326784	0.05522211612718449	0.018831641535740688	0	0.02020460201198115	0.014383722044471055	0
-0.4818633172076039	0.05628553356221494	0.019081894524777137	0	0.02048553453069035	0.014534583914552581	0
-0.47956228721193994	0.057354600272921455	0.019333476952355075	0	0.020767959469207873	0.01468624721995482	0
-0.4772612572162759	0.05842934627039335	0.01958639588095492	0	0.02105188475583228	0.014838716218205351	0
-0.47496022722061193	0.05950980172515018	0.019840658410575647	0	0.021337318360980226	0.014991995189449351	0
-0.472659197224948	0.060595996967988834	0.020096271678934144	0	0.021624268297410293	0.015146088436569758	0
-0.4703581672292839	0.06168796249083484	0.020353242861665535	0	0.02191274262044784	0.015301000285308048	0
-0.46805713723361997	0.06278572894759818	0.0206115791725246	0	0.022202749428211124	0.01545673508438565	0
-0.465756107237956	0.0638893271550343	0.02087128786358837	0	0.022494296861838733	0.015613297205626087	0
-0.46345507724229207	0.0649987880936087	0.021132376225459618	0	0.022787393105718028	0.01577069104407763	0
-0.461154047246628	0.06611414290836697	0.021394851587471574	0	0.023082046387714945	0.01592892101813673	0
-0.45885301725096406	0.06723542290980876	0.02165872131789363	0	0.02337826497940493	0.01608799156967201	0
-0.4565519872553001	0.06836265957476713	0.02192399282413824	0	0.023676057196305198	0.016247907164148992	0
-0.45425095725963605	0.06991627081440177	0.023084142675376354	0	0.023985345089325462	0.0165213007003108	0
-0.4519499272639721	0.07163360497103105	0.024580883314472057	0	0.024299942372085364	0.016837799460206408	0
-0.44964889726830815	0.07336006225631998	0.026085575206017883	0	0.02461621091461467	0.017155979581237234	0
-0.4473478672726442	0.07509569113577891	0.027598260590074503	0	0.024934159595277443	0.017475849995429626	0
-0.44504683727698013	0.07684054033238562	0.029118981931098034	0	0.025253797339603035	0.017797419682260285	0
-0.4427458072813162	0.07859465882795232	0.030647781919131367	0	0.025575133120536497	0.018120697668908198	0
-0.44044477728565223	0.08035809586450152	0.032184703471003495	0	0.02589817595869063	0.01844569303050822	0
-0.4381437472899883	0.0821309009456479	0.03372978973153372	0	0.026222934922599132	0.018772414890405743	0
-0.4358427172943242	0.08391312383798807	0.035283084074742926	0	0.026549419128971175	0.019100872420412814	0
-0.43354168729866027	0.08570481457249746	0.036844630105071094	0	0.026877637742947318	0.019431074841065578	0
-0.4312406573029963	0.08750602344593517	0.038414471658601665	0	0.027207599978356846	0.019763031421883216	0
-0.42893962730733226	0.08931680102225568	0.03999265280429188	0	0.027539315097976386	0.020096751481628077	0
-0.4266385973116683	0.09113719813402812	0.041579217845209786	0	0.02787279241378989	0.020432244388567267	0
-0.42433756731600436	0.0929672658838637	0.04317421131977831	0	0.02820804128725016	0.02076951956073572	0
-0.4220365373203404	0.09480705564584994	0.04477767800302525	0	0.02854507112954154	0.02110858646620051	0
-0.41973550732467635	0.09665661906699306	0.04638966290784036	0	0.028883891401844167	0.021449454623326696	0
-0.4174344773290124	0.09851600806866742	0.04801021128623866	0	0.029224511615599504	0.021792133601044424	0
-0.41513344733334845	0.10038527484807362	0.04963936863063123	0	0.029566941332777427	0.022136633019117682	0
-0.4128324173376844	0.10226447187970356	0.051277180675102035	0	0.029911190166144616	0.022482962548414274	0
-0.41053138734202044	0.10415365191681324	0.0529236933966916	0	0.030257267779534365	0.022831131911177274	0
-0.4082303573463565	0.10605286799290406	0.05457895301668799	0	0.030605183888117934	0.02318115088129801	0
-0.40592932735069254	0.10796217342321154	0.056243006001924355	0	0.030954948258677256	0.023533029284590442	0
-0.4036282973550285	0.10988162180620185	0.05791589906608316	0	0.031306570709879106	0.023886776999066956	0
-0.4013272673593645	0.11181126702507624	0.05959767917100743	0	0.03166006111255067	0.024242403955215635	0
-0.3990262373637006	0.11375116324928419	0.06128839352801951	0	0.03201542938995678	0.024599920136279124	0
-0.3967252073680365	0.11570136493604383	0.06298808959924616	0	0.03237268551807839	0.024959335578534827	0
-0.39442417737237256	0.11766192683187031	0.06469681509895069	0	0.032731839525892585	0.02532066037157661	0
-0.3921231473767086	0.11963290397411325	0.06641461799487279	0	0.03309290149565422	0.02568390465859811	0
-0.38982211738104466	0.12161435169250143	0.06814154650957494	0	0.033455881563178906	0.02604907863667745	0
-0.3875210873853806	0.12360632561069614	0.0698776491217961	0	0.033820789918127515	0.026416192557063484	0
-0.38522005738971665	0.1256088816478523	0.07162297456781243	0	0.03418763680429224	0.02678525672546353	0
-0.3829190273940527	0.12762207602018893	0.07337757184280594	0	0.03455643251988422	0.027156281502332805	0
-0.38061799739838875	0.12964596524256664	0.07514149020223936	0	0.03492718741782254	0.027529277303165116	0
-0.3783169674027247	0.13168060613007446	0.07691477916323922	0	0.035299911906024946	0.02790425459878536	0
-0.37601593740706074	0.13372605579962452	0.07869748850598558	0	0.03567461644769994	0.028281223915643375	0
-0.3737149074113968	0.13578237167155568	0.08048966827510975	0	0.03605131156164058	0.028660195836109497	0
-0.37141387741573273	0.1378496114712456	0.0822913687810992	0	0.03643000782251974	0.029041180998771662	0
-0.3691128474200688	0.13992783323073046	0.0841026406017094	0	0.03681071586118689	0.02942419009873392	0
-0.36681181742440483	0.142017095290335	0.08592353458338424	0	0.03719344636496667	0.029809233887916828	0
-0.3645107874287409	0.14411745630030964	0.08775410184268306	0	0.03757821007795879	0.03019632317535919	0
-0.3622097574330768	0.14622897522247733	0.0895943937677159	0	0.03796501780133972	0.03058546882752154	0
-0.35990872743741287	0.1483517113318881	0.09144446201958546	0	0.03835388039366579	0.030976681768591086	0
-0.3576076974417489	0.15048572421848394	0.09330435853383817	0	0.03874480877117816	0.031369972980788544	0
-0.35530666744608486	0.1526310737887709	0.09517413552192155	0	0.03913781390810918	0.03176535350467628	0
-0.3530056374504209	0.15478782026750104	0.09705384547265004	0	0.03953290683699044	0.032162834439468324	0
-0.35070460745475696	0.15695602419936316	0.09894354115367858	0	0.03993009864896255	0.03256242694334192	0
-0.348403577459093	0.15913574645068235	0.10084327561298384	0	0.04032940049408642	0.03296414223375077	0
-0.34610254746342894	0.16133469148096508	0.10293636088707732	0	0.04073621506438407	0.03338167156867135	0
-0.343801517467765	0.16356340003822697	0.10547410571677217	0	0.041157945570426235	0.03383378209435775	0
-0.34150048747210104	0.16580394833840328	0.10802533200696035	0	0.04158191646844538	0.0342882944021774	0
-0.339199457476437	0.16805639927868712	0.11059011137625988	0	0.04200813966025119	0.034745221251305525	0
-0.33689842748077303	0.17032081609040495	0.11316851582375341	0	0.04243662711088017	0.035204575468698866	0
-0.3345973974851091	0.17259726234079226	0.11576061773101042	0	0.042867390848931736	0.03566636994945587	0
-0.33229636748944513	0.1748858019347777	0.1183664898641186	0	0.04330044296690573	0.03613061765717863	0
-0.32999533749378107	0.17718649911677717	0.12098620537572666	0	0.04373579562154195	0.036597331624336774	0
-0.3276943074981171	0.17949941847249684	0.12361983780709754	0	0.044173461034161345	0.03706652495263331	0
-0.32539327750245317	0.1818246249307469	0.12626746109017342	0	0.04461345149100916	0.03753821081337249	0
-0.3230922475067891	0.184162183765264	0.12892914954965118	0	0.0450557793435999	0.038012402447829545	0
-0.32079121751112516	0.1865121605965432	0.13160497790506795	0	0.045500457009063855	0.03848911316762226	0
-0.3184901875154612	0.18887462139368077	0.13429502127289988	0	0.045947496970495896	0.038968356355084874	0
-0.31618915751979726	0.1912496324762257	0.13699935516867	0	0.0463969117773058	0.03945014546364361	0
-0.3138881275241332	0.19363726051604163	0.13971805550906868	0	0.04684871404557059	0.039934494018194405	0
-0.31158709752846925	0.19603757253917797	0.14245119861408384	0	0.04730291645838854	0.04042141561548249	0
-0.3092860675328053	0.19845063592775225	0.14519886120914455	0	0.04775953176623549	0.040910923924484206	0
-0.30698503753714124	0.20087651842184126	0.14796112042727444	0	0.04821857278732257	0.0414030326867907	0
-0.3046840075414773	0.20331528812138241	0.15073805381125646	0	0.048680052407956045	0.04189775571699354	0
-0.30238297754581334	0.20576701348808607	0.1535297393158106	0	0.04914398358289919	0.04239510690307275	0
-0.3000819475501493	0.20823176334735694	0.15633625530978168	0	0.04961037933573585	0.04289510020678649	0
-0.29778091755448544	0.2107096068902261	0.15915768057833915	0	0.05007925275923604	0.04339774966406302	0
-0.2954798875588214	0.21320061367529436	0.16199409432519	0	0.050550617015723644	0.04390306938539493	0
-0.2931788575631573	0.2157048536306831	0.16484557617480008	0	0.05102448533744563	0.044411073556234866	0
-0.2908778275674935	0.2182223970559988	0.16771220617463115	0	0.05150087102694373	0.044921776437394076	0
-0.2885767975718294	0.2207533146243064	0.17059406479738765	0	0.051979787457427894	0.04543519236544269	0
-0.28627576757616535	0.2232976773841123	0.17349123294327493	0	0.052461248073151515	0.04595133575311201	0
-0.2839747375805015	0.22585555676135943	0.17640379194227065	0	0.05294526638978891	0.04647022108969921	0
-0.28167370758483745	0.2284270245614331	0.17933182355640911	0	0.05343185599481495	0.046991862941474255	0
-0.2793726775891736	0.23101215297117506	0.18227540998207425	0	0.05392103054788611	0.04751627595208843	0
-0.27707164759350955	0.23361101456091166	0.18523463385230934	0	0.0544128037812243	0.048043474842985844	0
-0.2747706175978455	0.2362236822864897	0.18820957823913484	0	0.05490718950000207	0.04857347441381631	0
-0.27246958760218165	0.23885022949132517	0.19120032665588144	0	0.055404201582730274	0.049106289542851046	0
-0.2701685576065176	0.24149072990846232	0.19420696305953455	0	0.05590385398164775	0.04964193518740033	0
-0.26786752761085353	0.24414525766264297	0.1972295718530906	0	0.056406160723112844	0.05018042638423327	0
-0.2655664976151897	0.24681388727238734	0.20026823788792628	0	0.05691113590799718	0.050721778249999926	0
-0.26326546761952563	0.24949669365208696	0.20332304646618174	0	0.05741879371208167	0.05126600598165587	0
-0.26096443762386157	0.25219375211410633	0.2063940833431537	0	0.05792914838645423	0.051813124856888534	0
-0.25866340762819773	0.254679107064791	0.20915006187992569	0	0.058435168122198435	0.05232678410219939	0
-0.25636237763253367	0.25686883759267004	0.21146792503395628	0	0.05893424885995483	0.0527934848930279	0
-0.2540613476368698	0.25907020079742693	0.21379810155384377	0	0.059435980903378455	0.05326266497499714	0
-0.25176031764120577	0.2612832584762419	0.21614065685284584	0	0.059940378337208014	0.05373433751903957	0
-0.2494592876455417	0.26350807275458465	0.21849565669171944	0	0.06044745532100554	0.054208515766056495	0
-0.24715825764987787	0.265744706087959	0.22086316718056775	0	0.06095722608955404	0.05468521302728995	0
-0.2448572276542138	0.2679932212636564	0.22324325478069612	0	0.061469704953257154	0.05516444268469637	0
-0.24255619765854974	0.2702536814025175	0.22563598630647697	0	0.0619849062985407	0.05564621819132213	0
-0.2402551676628859	0.272526149960705	0.22804142892722618	0	0.06250284458825664	0.05613055307168127	0
-0.23795413766722184	0.2748106907314853	0.23045965016908876	0	0.06302353436208918	0.05661746092213529	0
-0.23565310767155778	0.27710736784701795	0.23289071791693378	0	0.06354699023696275	0.05710695541127458	0
-0.23335207767589394	0.27941624578015695	0.23533470041626017	0	0.06407322690745235	0.057599050280302225	0
-0.23105104768022988	0.2817373893462611	0.23779166627511356	0	0.06460225914619626	0.05809375934341994	0
-0.22875001768456582	0.28407086370501217	0.2402616844660108	0	0.0651341018043105	0.05859109648821557	0
-0.22644898768890198	0.2864167343622449	0.24274482432787678	0	0.06566876981180586	0.05909107567605307	0
-0.22414795769323792	0.28877506717178647	0.2452411555679917	0	0.06620627817800703	0.05959371094246457	0
-0.22184692769757408	0.29114592833730357	0.24775074826394627	0	0.06674664199197385	0.06009901639754409	0
-0.21954589770191002	0.29352938441416276	0.25027367286561086	0	0.06728987642292503	0.06060700622634399	0
-0.21724486770624596	0.29592550231129705	0.2528100001971114	0	0.06783599672066386	0.06111769468927285	0
-0.21494383771058212	0.2983343492930852	0.25535980145881854	0	0.06838501821600627	0.061631096122495926	0
-0.21264280771491806	0.30075599298124045	0.2579231482293467	0	0.06893695632121152	0.062147224938337756	0
-0.210341777719254	0.30319050135670744	0.2605001124675625	0	0.0694918265304144	0.06266609562568648	0
-0.20804074772359016	0.30563794276157114	0.263090766514605	0	0.0700496444200604	0.06318772275040062	0
-0.2057397177279261	0.3080983859009765	0.26569518309591783	0	0.07061042564934321	0.0637121209557183	0
-0.20343868773226204	0.3105718998450554	0.26831343532328866	0	0.07117418596064386	0.06423930496266782	0
-0.2011376577365982	0.3130585540308662	0.2709455966969027	0	0.07174094117997286	0.06476928957048118	0
-0.19883662774093414	0.31555841826434416	0.27359174110740686	0	0.07231070721741466	0.0653020896570097	0
-0.19653559774527007	0.3180715627222593	0.2762519428379822	0	0.07288350006757396	0.06583772017914126	0
-0.19423456774960624	0.32059805795418683	0.2789262765664301	0	0.07345933581002477	0.0663761961732204	0
-0.19193353775394217	0.32313797488448937	0.28161481736726957	0	0.07403823060976214	0.06691753275547056	0
-0.18963250775827833	0.3256913848143051	0.2843176407138428	0	0.0746202007176554	0.06746174512241812	0
-0.18733147776261427	0.32825835942355186	0.2870348224804358	0	0.07520526247090488	0.06800884855131929	0
-0.1850304477669502	0.3304210601439651	0.28922908406539566	0	0.0757741585812163	0.06851104258841943	0
-0.18272941777128637	0.3325453567260981	0.29137084904853877	0	0.07634377584634824	0.06901019586938834	0
-0.1804283877756223	0.3346809383752378	0.29352399189744255	0	0.07691641913386296	0.06951200084140156	0
-0.17812735777995825	0.3368278650419285	0.29568857305563345	0	0.0774921045191359	0.07001647159124492	0
-0.1758263277842944	0.33898619699519505	0.29786465328773715	0	0.07807084816294108	0.07052362228053861	0
-0.17352529778863035	0.34115599482423414	0.3000522936811843	0	0.07865266631190475	0.07103346714613482	0
-0.1712242677929663	0.3433373194401151	0.3022515556479248	0	0.07923757529896129	0.07154602050051714	0
-0.16892323779730245	0.3455302320774896	0.30446250092615185	0	0.07982559154381179	0.07206129673220255	0
-0.1666222078016384	0.34773479429631166	0.30668519158203583	0	0.08041673155338508	0.07257931030614531	0
-0.16432117780597455	0.3499510679835643	0.3089196900114655	0	0.08101101192230095	0.07310007576414289	0
-0.1620201478103105	0.35217911535499824	0.311166058941801	0	0.08160844933333623	0.07362360772524444	0
-0.15971911781464643	0.35441899895687745	0.31342436143363306	0	0.08220906055789283	0.07414992088616089	0
-0.1574180878189826	0.35667078166773497	0.31569466088255427	0	0.08281286245646867	0.07467903002167764	0
-0.15511705782331853	0.3589345267001394	0.31797702102093933	0	0.08341987197913121	0.07521094998506954	0
-0.15281602782765447	0.3612102976024675	0.3202715059197325	0	0.0840301061659929	0.07574569570851744	0
-0.15051499783199063	0.3634981582606891	0.32257817999024757	0	0.08464358214768967	0.07628328220352762	0
-0.14821396783632657	0.36579817290016126	0.32489710798597576	0	0.08526031714586213	0.07682372456135332	0
-0.1459129378406625	0.3681104060874296	0.32722835500440306	0	0.08588032847363852	0.07736703795341804	0
-0.14361190784499867	0.37043492273204176	0.3295719864888376	0	0.08650363353612098	0.07791323763174166	0
-0.1413108778493346	0.3727717880883701	0.33192806823024806	0	0.08713024983087429	0.07846233892936866	0
-0.13900984785367054	0.3751210677574422	0.3342966663691089	0	0.0877601949484168	0.07901435726079835	0
-0.1367088178580067	0.37748282768878305	0.3366778473972577	0	0.08839348657271429	0.07956930812241766	0
-0.13440778786234264	0.3798571341822673	0.3390716781597625	0	0.08903014248167664	0.08012720709293639	0
-0.1321067578666788	0.38224405388997856	0.3414782258567969	0	0.08967018054765649	0.08068806983382404	0
-0.12980572787101474	0.38464365381808246	0.34389755804552796	0	0.09031361873795142	0.08125191208975006	0
-0.12750469787535068	0.3870560013287062	0.3463297426420114	0	0.09096047511530791	0.08181874968902536	0
-0.12520366787968684	0.38948116414182987	0.3487748479230987	0	0.09161076783842857	0.0823885985440468	0
-0.12290263788402278	0.3915594605337191	0.3508603458589838	0	0.09224819814115984	0.08297894189722384	0
-0.12060160788835872	0.3936018638910601	0.35290831298796027	0	0.09288688596117417	0.0835747001919217	0
-0.11830057789269488	0.39565511726761926	0.35496715969301446	0	0.09352896673248612	0.0841736233800397	0
-0.11599954789703082	0.39771927830280335	0.35703694377057027	0	0.09417445847973657	0.08477572827468893	0
-0.11369851790136676	0.3997944049422209	0.3591177233240877	0	0.09482337932331995	0.08538103177829803	0
-0.11139748790570292	0.40188055543930923	0.361209556765694	0	0.095475747479893	0.08598955088308766	0
-0.10909645791003886	0.4039777883569708	0.36331250281782446	0	0.0961315812628865	0.08660130267154777	0
-0.10679542791437502	0.4060861625692155	0.36542662051486946	0	0.0967908990830188	0.08721630431691675	0
-0.10449439791871096	0.4082057372628149	0.367551969204833	0	0.09745371944881323	0.08783457308366394	0
-0.1021933679230469	0.41033657193896267	0.36968860855099783	0	0.09812006096711723	0.08845612632797392	0
-0.09989233792738306	0.4124787264149452	0.37183659853360024	0	0.09878994234362476	0.08908098149823383	0
-0.097591307931719	0.4146322608258216	0.37399599945151507	0	0.0994633823834018	0.08970915613552352	0
-0.09529027793605493	0.4167972356261105	0.376166871923947	0	0.1001403999914137	0.0903406678741074	0
-0.0929892479403911	0.4189737115914879	0.3783492768921327	0	0.10082101417305615	0.09097553444192985	0
-0.09068821794472703	0.4211617498204937	0.3805432756210525	0	0.10150524403468893	0.09161377366111294	0
-0.08838718794906297	0.4233614117362457	0.38274892970114877	0	0.10219310878417172	0.0922554034484564	0
-0.08608615795339913	0.4255727590881647	0.38496630105005575	0	0.10288462773140375	0.09290044181594082	0
-0.08378512795773507	0.4277958539537083	0.38719545191433796	0	0.10357982028886585	0.09354890687123336	0
-0.08148409796207101	0.4300307587401124	0.3894364448712368	0	0.10427870597216513	0.09420081681819586	0
-0.07918306796640717	0.4322775361861437	0.39168934283042744	0	0.10498130440058295	0.09485618995739588	0
-0.07688203797074311	0.4345362493638618	0.3939542090357861	0	0.10568763529762601	0.09551504468662078	0
-0.07458100797507927	0.4368069616803878	0.3962311070671629	0	0.10639771849157932	0.09617739950139359	0
-0.07227997797941521	0.4390897368796865	0.3985201008421697	0	0.10711157391606364	0.09684327299549289	0
-0.06997894798375115	0.44129648190767834	0.4007548752798342	0	0.10782496682747739	0.09754064631896303	0
-0.06767791798808731	0.44326555405076684	0.4028137349816346	0	0.1085301127989506	0.09832082995828761	0
-0.06537688799242325	0.4452450866499246	0.4048835321249803	0	0.10923900477256139	0.09910515822822606	0
-0.06307585799675919	0.44723513527505104	0.40696432481369793	0	0.10995166264849003	0.0998936531466239	0
-0.06077482800109535	0.4492357557912538	0.4090561714602836	0	0.11066810643263413	0.10068633684829383	0
-0.05847379800543129	0.4512470043604177	0.41115913078754335	0	0.11138835623717035	0.10148323158563721	0
-0.05617276800976723	0.4532689374427802	0.41327326183024027	0	0.11211243228111864	0.10228435972926837	0
-0.05387173801410339	0.4553016117985168	0.4153986239367526	0	0.1128403548909101	0.10308974376864287	0
-0.051570708018439326	0.4573450844893353	0.41753527677074004	0	0.11357214450095764	0.10389940631268889	0
-0.04926967802277549	0.4593994128800759	0.41968328031281754	0	0.11430782165422926	0.10471337009044154	0
-0.046968648027111426	0.46146465464032344	0.4218426948622406	0	0.11504740700282526	0.10553165795168148	0
-0.044667618031447365	0.4635408677460246	0.4240135810385964	0	0.11579092130855748	0.10635429286757576	0
-0.042366588035783526	0.46562811048111663	0.4261959997835064	0	0.1165383854435324	0.10718129793132304	0
-0.040065558040119464	0.4677264414391632	0.42839001236233765	0	0.11728982039073718	0.10801269635880192	0
-0.0377645280444554	0.46983591952499903	0.43059568036592144	0	0.11804524724462839	0.10884851148922242	0
-0.035463498048791564	0.4719566039563833	0.4328130657122827	0	0.11880468721172428	0.10968876678578116	0
-0.0331624680531275	0.47408855426566293	0.4350422306483789	0	0.11956816161120039	0.1105334858363204	0
-0.03086143805746344	0.47623183030144284	0.43728323775184663	0	0.1203356918754876	0.11138269235398976	0
-0.028560408061799603	0.478386492230266	0.43953614993275814	0	0.12110729955087388	0.11223641017791201	0
-0.02625937806613554	0.48055260053830384	0.44180103043538865	0	0.12188300629810953	0.11309466327385265	0
-0.02395834807047148	0.4827302160330522	0.4440779428399902	0	0.1226628338930147	0.11395747573489211	0
-0.02165731807480764	0.48480624254993737	0.44622554905008105	0	0.12343415509421538	0.11484097660176691	0
-0.01935628807914358	0.4865850478779408	0.4479993733789599	0	0.12417511656169675	0.11577304181966887	0
-0.01705525808347974	0.4883733028927189	0.4497826209336618	0	0.12492001429677835	0.11671005852058249	0
-0.01475422808781568	0.49017105779458264	0.4515753417739272	0	0.1256688692104028	0.11765205300865872	0
-0.012453198092151618	0.49197836305052556	0.4533775862254324	0	0.12642170232459932	0.11859905172778581	0
-0.01015216809648778	0.49379526939564095	0.4551894048812025	0	0.12717853477307414	0.119551081262332	0
-0.007851138100823718	0.4956218278345467	0.4570108486030327	0	0.12793938780180392	0.12050816833789199	0
-0.005550108105159657	0.49745808964281607	0.4588419685229146	0	0.12870428276963175	0.12147033982203667	0
-0.0032490781094958177	0.4993041063684174	0.46068281604447225	0	0.12947324114886705	0.12243762272506767	0
-0.0009480481138317565	0.5011599298331618	0.46253344284440584	0	0.1302462845258884	0.12341004420077577	0
0.0013529818818323047	0.5030256121341571	0.4643939008739411	0	0.13102343460174923	0.12438763154720271	0
0.003654011877496144	0.5049012056452707	0.4662642423602884	0	0.1318047131927871	0.1253704122074078	0
0.005955041873160205	0.5067867630186003	0.4681445198081094	0	0.13259014223123655	0.1263584137702385	0
0.008256071868824266	0.5086823371859506	0.4700347860009897	0	0.13337974376584416	0.12735166397110437	0
0.010557101864488105	0.5105879813603205	0.4719350940029213	0	0.13417353996248768	0.1283501906927559	0
0.012858131860152167	0.5125037490373968	0.47384549715979274	0	0.13497155310479883	0.1293540219660678	0
0.015159161855816006	0.5144296939970551	0.4757660491008856	0	0.13577380559478794	0.13036318597082475	0
0.017460191851480067	0.5163658703048704	0.47769680374038087	0	0.13658031995347367	0.13137771103651366	0
0.019761221847144128	0.5183123323136343	0.47963781527887167	0	0.1373911188215146	0.132397625643118	0
0.022062251842807967	0.5201569439062529	0.48150981110896796	0	0.13819961647443874	0.13340718582719144	0
0.02436328183847203	0.5218273332312856	0.48326163496015506	0	0.13900156956623475	0.13439623808692855	0
0.02666431183413609	0.5235065962962745	0.4850227651623057	0	0.13980778293621085	0.13539054456640023	0
0.02896534182979993	0.5251947802418827	0.4867932511542764	0	0.1406182792165762	0.13639013317800916	0
0.03126637182546399	0.5268919324592031	0.488573142637562	0	0.14143308115977102	0.1373950319824395	0
0.03356740182112805	0.5285981005910871	0.49036248957769024	0	0.14225221163910495	0.13840526918944418	0
0.03586843181679189	0.5303133325334835	0.49216134220562413	0	0.1430756936493992	0.13942087315863688	0
0.03816946181245595	0.5320376764367822	0.49396975101917356	0	0.1439035503076325	0.1404418724002887	0
0.04047049180811979	0.5337711807071663	0.49578776678441094	0	0.14473580485358928	0.14146829557612753	0
0.04277152180378385	0.5355138940079711	0.49761544053709805	0	0.14557248065051295	0.14250017150014377	0
0.04507255179944791	0.5372658652610497	0.49945282358411747	0	0.146413601185761	0.14353752913939827	0
0.04737358179511175	0.5390271436481462	0.5012999675049131	0	0.14725919007146457	0.1445803976148358	0
0.04967461179077581	0.5407977786122775	0.5031569241529391	0	0.14810927104519175	0.14562880620210295	0
0.051975641786439875	0.5425778198591202	0.5050237456571145	0	0.14896386797061334	0.14668278433236945	0
0.054276671782103714	0.5443673173584058	0.5069004844232862	0	0.1498230048381728	0.14774236159315426	0
0.056577701777767775	0.5461663213453248	0.5087871931357019	0	0.15068670576576032	0.148807567729157	0
0.058878731773431836	0.5479748823219351	0.5106839247584871	0	0.15155499499938913	0.1498784326430919	0
0.061179761769095675	0.5497483086054908	0.5125480765303922	0	0.1524165766819437	0.15093619021158944	0
0.06348079176475974	0.5513618185570969	0.5142606905437165	0	0.153239891558215	0.15192842878119084	0
0.0657818217604238	0.5529839000839115	0.5159824026105135	0	0.15406758019454606	0.15292593849741012	0
0.06808285175608764	0.5546145987213846	0.5177132610630848	0	0.1548996658260047	0.1539287473625719	0
0.0703838817517517	0.5562539602468679	0.5194533144904918	0	0.15573617181109256	0.1549368835277602	0
0.07268491174741554	0.557902030680899	0.5212026117399186	0	0.15657712163239995	0.15595037529360756	0
0.0749859417430796	0.5595588562884951	0.5229612019180447	0	0.15742253889726604	0.15696925111109086	0
0.07728697173874366	0.5612244835804495	0.5247291343924229	0	0.15827244733844092	0.15799353958232898	0
0.0795880017344075	0.5628989593146388	0.5265064587928641	0	0.1591268708147518	0.15902326946138587	0
0.08188903173007156	0.564582330497336	0.5282932250128329	0	0.15998583331177352	0.16005846965507853	0
0.08419006172573562	0.5662746443845278	0.5300894832108459	0	0.1608493589425009	0.1610991692237874	0
0.08649109172139946	0.5679759484832433	0.531895283811881	0	0.16171747194802633	0.16214539738227277	0
0.08879212171706352	0.5696862905528872	0.533710677508793	0	0.16259019669822009	0.163197183500495	0
0.09109315171272758	0.5714057186065797	0.5355357152637356	0	0.16346755769241428	0.16425455710443856	0
0.09339418170839142	0.573134280912505	0.5373704483095931	0	0.1643495795600907	0.16531754787694106	0
0.09569521170405548	0.5748720259952663	0.5392149281514187	0	0.16523628706157256	0.16638618565852697	0
0.09799624169971954	0.5765331179277744	0.5409690169353679	0	0.16610344147301762	0.16741747461359072	0
0.10029727169538338	0.5781067288679099	0.5426200781821078	0	0.16694799494877827	0.16840599588639152	0
0.10259830169104744	0.5796886994246125	0.5442799104907409	0	0.16779703501207324	0.16939976855812353	0
0.10489933168671128	0.5812790740073276	0.5459485604564656	0	0.16865058549735254	0.17039882052620411	0
0.10720036168237534	0.5828778972614205	0.547626074922012	0	0.16950867036568404	0.17140317983625278	0
0.1095013916780394	0.5844852140694293	0.5493125009789562	0	0.17037131370542563	0.17241287468287747	0
0.11180242167370325	0.5861010695523252	0.5510078859690427	0	0.1712385397329018	0.17342793341046672	0
0.1141034516693673	0.5877255090707795	0.5527122774855135	0	0.17211037279308336	0.1744483845139854	0
0.11640448166503137	0.5893585782264359	0.5544257233744436	0	0.1729868373602707	0.17547425663977412	0
0.1187055116606952	0.5910003228631914	0.5561482717360843	0	0.173867958038781	0.17650557858635374	0
0.12100654165635927	0.5926507890684837	0.557879970926214	0	0.17475375956363892	0.17754237930523398	0
0.12330757165202333	0.5943100231745838	0.5596208695574952	0	0.1756442668012709	0.17858468790172569	0
0.12560860164768717	0.5959780717598973	0.5613710165008391	0	0.17653950475020314	0.1796325336357581	0
0.12790963164335123	0.5976549816502723	0.5631304608867778	0	0.1774394985417637	0.1806859459227006	0
0.13021066163901507	0.5993407999203132	0.5648992521068432	0	0.1783442734407875	0.18174495433418772	0
0.13251169163467913	0.6008194868949044	0.5664320540433303	0	0.17919788735321396	0.18272246740027023	0
0.1348127216303432	0.6022937825334332	0.567959091621802	0	0.18005286404094456	0.18370023581178813	0
0.13711375162600703	0.6037759101880787	0.5694942414015263	0	0.18091238268825416	0.18468319849897044	0
0.1394147816216711	0.6052659114654734	0.5710375464775848	0	0.18177646742375023	0.18567138305577446	0
0.14171581161733515	0.6067638281932795	0.5725890501739965	0	0.18264514250422037	0.1866648172227469	0
0.144016841612999	0.6082697024213635	0.5741487960449341	0	0.18351843231531342	0.18766352888780258	0
0.14631787160866305	0.6097835764229774	0.5757168278759464	0	0.18439636137222426	0.18866754608700786	0
0.1486189016043271	0.6113054926959444	0.5772931896851878	0	0.18527895432038147	0.18967689700536705	0
0.15091993159999095	0.6128354939638515	0.5788779257246535	0	0.18616623593613948	0.19069160997761372	0
0.15322096159565501	0.6143736231772506	0.5804710804814222	0	0.18705823112747433	0.19171171348900665	0
0.15552199159131908	0.6159199235148627	0.5820726986789049	0	0.18795496493468244	0.19273723617612876	0
0.15782302158698291	0.6174744383847903	0.5836828252781	0	0.1888564625310837	0.19376820682769139	0
0.16012405158264698	0.6190372114257366	0.5853015054788561	0	0.18976274922372854	0.19480465438534264	0
0.16242508157831081	0.6203838766752052	0.5867332238792358	0	0.19063829114285133	0.19576910226239178	0
0.16472611157397488	0.6214729141963471	0.5879418053826131	0	0.19147652775150859	0.19664722450314628	0
0.16702714156963894	0.622567737096754	0.5891568073281092	0	0.19231921739011254	0.19753001166141285	0
0.16932817156530278	0.6236683761105485	0.5903782638235407	0	0.19316638371484263	0.19841748851899776	0
0.17162920156096684	0.6247748621351255	0.5916062091579192	0	0.19401805050754914	0.19930967998935795	0
0.1739302315566309	0.6258872262320176	0.5928406778024112	0	0.19487424167642028	0.20020661111829982	0
0.17623126155229474	0.6270054996277689	0.5940817044113078	0	0.19573498125665365	0.20110830708468258	0
0.1785322915479588	0.62812971371481	0.5953293238229965	0	0.196600293411131	0.20201479320112525	0
0.18083332154362286	0.6292599000523402	0.5965835710609398	0	0.19747020243109636	0.20292609491471686	0
0.1831343515392867	0.6303960903672133	0.5978444813346577	0	0.19834473273683803	0.20384223780773097	0
0.18543538153495076	0.6315383165548282	0.5991120900407169	0	0.19922390887837427	0.20476324759834416	0
0.1877364115306146	0.6326866106800239	0.6003864327637234	0	0.20010775553614207	0.2056891501413573	0
0.19003744152627866	0.6338410049779802	0.6016675452773229	0	0.2009962975216905	0.20661997142892205	0
0.19233847152194272	0.6349795543126753	0.6029296459994463	0	0.20184246129493955	0.20750730918231575	0
0.19463950151760656	0.6361209209013965	0.6041946557678433	0	0.20268619576455843	0.20839224083743502	0
0.19694053151327062	0.6372683508611842	0.605466385746648	0	0.2035344124708412	0.20928187358425132	0
0.19924156150893468	0.638421876402959	0.6067448716361601	0	0.20438713522512442	0.2101762323967419	0
0.20154259150459852	0.6395815299087582	0.6080301493263326	0	0.20524438796523956	0.21107534238155537	0
0.20384362150026258	0.6407473439326448	0.6093222548977801	0	0.20610619475618502	0.21197922877871644	0
0.20614465149592665	0.6419193512016212	0.6106212246227907	0	0.20697257979080144	0.21288791696233422	0
0.20844568149159048	0.6430975846165479	0.6119270949663443	0	0.20784356739045096	0.21380143244131466	0
0.21074671148725455	0.6442820772530676	0.6132399025871375	0	0.20871918200570017	0.21471980086007694	0
0.2130477414829186	0.6454728623625331	0.6145596843386105	0	0.20959944821700616	0.2156430479992728	0
0.21534877147858245	0.6466699733729406	0.615886477269984	0	0.21048439073540665	0.21657119977651063	0
0.2176498014742465	0.6478718339537122	0.6172173905476236	0	0.21137110368574072	0.2175007310606276	0
0.21995083146991035	0.649059298670178	0.6185175793125469	0	0.21222469831522395	0.2183893626522641	0
0.2222518614655744	0.6502530716484024	0.6198246751720148	0	0.2130828275622701	0.21928271499106003	0
0.22455289146123847	0.6514531864002582	0.621138714819126	0	0.2139455155164829	0.22018081315540985	0
0.2268539214569023	0.6526596766156456	0.622459735141907	0	0.2148127863954391	0.2210836823569341	0
0.22915495145256637	0.6538725761634389	0.6237877732243479	0	0.21568466454536883	0.22199134794118713	0
0.23145598144823043	0.655091919092436	0.6251228663474424	0	0.21656117444183814	0.22290383538836828	0
0.23375701144389427	0.6563177396323153	0.6264650519902352	0	0.21744234069043664	0.2238211703140373	0
0.23605804143955833	0.6575500721945963	0.627814367830874	0	0.21832818802746834	0.22474337846983375	0
0.2383590714352224	0.6587889513736049	0.6291708517476666	0	0.2192187413206457	0.22567048574419937	0
0.24066010143088623	0.6600344119474459	0.6305345418201453	0	0.2201140255697878	0.22660251816310517	0
0.2429611314265503	0.6612864888789782	0.6319054763301349	0	0.22101406590752243	0.22753950189078212	0
0.24526216142221413	0.6625116618684076	0.6332231294161716	0	0.22187633674742308	0.22842949098541743	0
0.2475631914178782	0.6637421799034845	0.6345456823023182	0	0.22274171284342228	0.22932240589878689	0
0.24986422141354225	0.6649792349158343	0.6358752610896807	0	0.22361168614459107	0.23022006431394096	0
0.2521652514092061	0.6662228616323531	0.6372119031025042	0	0.22448628107302218	0.23112249143015537	0
0.25446628140487015	0.6674730949644194	0.6385556458633143	0	0.22536552218054803	0.23202971258057414	0
0.2567673114005342	0.668729970008874	0.6399065270939701	0	0.22624943414942944	0.2329417532329204	0
0.25906834139619805	0.6699935220490054	0.6412645847167237	0	0.2271380417930487	0.23385863899021136	0
0.2613693713918621	0.6712637865555405	0.6426298568552848	0	0.2280313700566064	0.23478039559147743	0
0.2636704013875262	0.67254079918764	0.6440023818358903	0	0.22892944401782128	0.23570704891248423	0
0.26597143138319	0.6738245957938992	0.6453821981883805	0	0.22983228888763432	0.23663862496645918	0
0.2682724613788541	0.6750970252877376	0.6467568542984622	0	0.23072103699554453	0.23756057921726156	0
0.27057349137451814	0.6763563296025701	0.6481251568393438	0	0.23159384988264287	0.23847150044704502	0
0.272874521370182	0.6776223238182826	0.6495007283209131	0	0.2324712994819581	0.23938726083497705	0
0.27517555136584604	0.6788950434741592	0.6508836073585329	0	0.2333534104254597	0.24030788608849643	0
0.2774765813615099	0.6801745242982822	0.652273832772705	0	0.23424020747597102	0.24123340205160929	0
0.27977761135717394	0.6814608022085348	0.6536714435901608	0	0.23513171552786535	0.24216383470561514	0
0.282078641352838	0.6827539133136097	0.655076479044956	0	0.2360279596077639	0.24309921016983574	0
0.28437967134850184	0.6840538939140225	0.6564889785795727	0	0.23692896487523893	0.24403955470234864	0
0.2866807013441659	0.6853607805031312	0.6579089818460264	0	0.23783475662352002	0.2449848947007244	0
0.28898173133982996	0.68667460976816	0.6593365287069793	0	0.2387453602802037	0.24593525670276728	0
0.2912827613354938	0.6876244116417372	0.6603825491148364	0	0.23956644136152191	0.24675074294856825	0
0.29358379133115786	0.6882654652256982	0.6611050208986369	0	0.2403120755451685	0.24745221466397932	0
0.2958848213268219	0.68890992432879	0.6618313307258438	0	0.2410616708196512	0.24815741286248982	0
0.29818585132248576	0.6895578070424182	0.6625614989855954	0	0.2418152482277829	0.24886635734058754	0
0.3004868813181498	0.6902091315540972	0.6632955461753451	0	0.2425728289241639	0.24957906799992688	0
0.3027879113138139	0.6908639161479602	0.6640334929014364	0	0.24333443417577574	0.2502955648478872	0
0.3050889413094777	0.6915221792052724	0.6647753598796814	0	0.2441000853625781	0.2510158679981345	0
0.3073899713051418	0.6921839392049476	0.6655211679359423	0	0.24486980397810926	0.25173999767118665	0
0.3096910013008056	0.6928492147240664	0.6662709380067164	0	0.2456436116300891	0.25246797419497996	0
0.3119920312964697	0.6935185615708697	0.6670251632058003	0	0.24641820496704953	0.2531972612200777	0
0.31429306129213375	0.6941961288426655	0.6677874946818975	0	0.2471680374094148	0.25390821868911867	0
0.3165940912877976	0.6948772956081137	0.6685538759511643	0	0.2479218532453545	0.2546229530331705	0
0.31889512128346165	0.6955620809890865	0.6693243285276343	0	0.24867967363616228	0.255341484316422	0
0.3211961512791257	0.6962505042090381	0.6700988740396312	0	0.24944151985554833	0.2560638327096505	0
0.32349718127478955	0.6969425845935454	0.6708775342303767	0	0.2502074132902369	0.256790018490788	0
0.3257982112704536	0.6976383415708499	0.6716603309586008	0	0.25097737544056664	0.25752006204549077	0
0.32809924126611767	0.6983377946724033	0.6724472861991555	0	0.2517514279210941	0.2582539838677112	0
0.3304002712617815	0.6990409635334157	0.673238422043631	0	0.25252959246120055	0.2589918045602734	0
0.33270130125744557	0.6997473642635236	0.6740336389750164	0	0.25330826440077314	0.259730932738642	0
0.3350023312531094	0.7004536019282392	0.6748321339775605	0	0.2540628767856497	0.2604536783360587	0
0.33730336124877347	0.7011635913945801	0.6756348708876064	0	0.2548214979569637	0.26118026343148343	0
0.33960439124443753	0.7018773525935352	0.6764418722397716	0	0.25558414921090483	0.2619107084217819	0
0.34190542124010137	0.702594905561975	0.6772531606883855	0	0.2563508519567966	0.2626450338121757	0
0.34420645123576543	0.7033162704432137	0.6780687590081262	0	0.2571216277176968	0.2633832602168181	0
0.3465074812314295	0.7040414674875735	0.6788886900946595	0	0.25789649813100185	0.2641254083593725	0
0.34880851122709333	0.7047705170529548	0.6797129769652814	0	0.2586754849490542	0.2648714990735939	0
0.3511095412227574	0.7055034396054065	0.6805416427595649	0	0.25945861003975307	0.2656215533039147	0
0.35341057121842145	0.7062356840763084	0.6813673261999943	0	0.2602296518599539	0.2663622652096199	0
0.3557116012140853	0.7069678135665298	0.6821909268342796	0	0.2609905597741327	0.2670952371691818	0
0.35801263120974935	0.7077038324055476	0.6830189027466794	0	0.26175550991898205	0.2678321029530558	0
0.3603136612054134	0.7084437612550535	0.6838512771803261	0	0.26252452376836	0.2685728832467095	0
0.36261469120107725	0.7091876208865023	0.6846880735018283	0	0.2632976229102023	0.26931759884549955	0
0.3649157211967413	0.7099354321816949	0.685529315201927	0	0.264074829047128	0.27006627065525557	0
0.36721675119240516	0.7106872161333636	0.6863750258961547	0	0.2648561639970483	0.27081891969286653	0
0.3695177811880692	0.7114429938457625	0.6872252293254991	0	0.2656416496937799	0.2715755670868715	0
0.3718188111837333	0.7121944522646407	0.6880718006543894	0	0.2664195892590399	0.27232597944603376	0
0.3741198411793971	0.712932653778786	0.6889060044130506	0	0.26717740757536373	0.2730591548874909	0
0.3764208711750612	0.7136747768986156	0.6897446397776339	0	0.2679392517092455	0.2737962252342329	0
0.37872190117072524	0.7144208424571822	0.6905877302905061	0	0.26870514304735077	0.27453721117747	0
0.3810229311663891	0.7151708713982116	0.6914352996191003	0	0.26947510308995926	0.27528213351833175	0
0.38332396116205314	0.7159248847766907	0.6922873715565798	0	0.27024915345156864	0.2760310131684516	0
0.3856249911577172	0.7166829037594586	0.6931439700225064	0	0.2710273158615005	0.2767838711505531	0
0.38792602115338104	0.7174449496258003	0.694005119063511	0	0.2718096121645109	0.2775407285990406	0
0.3902270511490451	0.7180241436500499	0.6946747368656554	0	0.27251428535128347	0.2781984387447857	0
0.39252808114470916	0.718387385296924	0.6951180942457313	0	0.2731268648041969	0.2787387397310794	0
0.394829111140373	0.7187525566208306	0.69556380690792	0	0.27374269851088584	0.27928191100059296	0
0.39713014113603706	0.7191196678729438	0.6960118873643709	0	0.27436180375917746	0.2798279678013568	0
0.3994311711317009	0.7194887293588962	0.6964623481937028	0	0.2749841979287382	0.2803769254624043	0
0.40173220112736496	0.7198597514390677	0.6969152020413568	0	0.27560989849156203	0.2809287993942027	0
0.404033231123029	0.7202327445288763	0.6973704616199515	0	0.27623892301246067	0.28148360508908526	0
0.40633426111869286	0.7206077190990708	0.6978281397096397	0	0.2768712891495566	0.2820413581216865	0
0.4086352911143569	0.7209857506730581	0.6982840461332689	0	0.27748860262320535	0.28258930083689204	0
0.410936321110021	0.7213658954452556	0.6987419603118001	0	0.27810738106241284	0.28313889566870787	0
0.4132373511056848	0.7217480596902813	0.6992023071036639	0	0.278729446686756	0.2836914101561666	0
0.4155383811013489	0.7221322541363386	0.6996650994318224	0	0.2793548169590057	0.28424685980958364	0
0.41783941109701295	0.7225184895686234	0.7001303502878895	0	0.2799835094347018	0.2848052602216707	0
0.4201404410926768	0.7229067768296265	0.7005980727324954	0	0.28061554176264547	0.285366627067974	0
0.42244147108834085	0.7232971268194384	0.7010682798956535	0	0.2812509316853955	0.2859309761073143	0
0.4247425010840047	0.723689984920999	0.7015427445128531	0	0.2818790371455181	0.2864934601053769	0
0.42704353107966875	0.7240851641461694	0.7020206778840937	0	0.2825047346938611	0.2870563115060605	0
0.4293445610753328	0.7244824427128692	0.7025011502181913	0	0.2831337561842649	0.2876221529862955	0
0.43164559107099665	0.7248818317735946	0.7029841750030767	0	0.28376611927476686	0.2881910004305155	0
0.4339466210666607	0.7252833425400883	0.7034697657983344	0	0.28440184171721095	0.2887628698075383	0
0.43624765106232477	0.725686986283654	0.7039579362355819	0	0.2850409413577454	0.2893377771710141	0
0.4385486810579886	0.7260927743354727	0.7044487000188533	0	0.2856834361373238	0.2899157386598761	0
0.44084971105365267	0.7264952182710851	0.7049322978673279	0	0.28631531297027835	0.2904860930408674	0
0.44315074104931673	0.7268969502312393	0.7054134005402878	0	0.28694327588617563	0.2910539444852127	0
0.44545177104498057	0.7273008163435298	0.705897059012634	0	0.28757457477862297	0.29162481257123263	0
0.44775280104064463	0.7277068279453801	0.7063832868617399	0	0.2882092273695898	0.29219871332446906	0
0.4500538310363087	0.7281149964344422	0.7068720977371067	0	0.2888472514751912	0.29277566285559725	0
0.45235486103197253	0.728525333268917	0.7073635053607469	0	0.2894886650061882	0.2933556773608787	0
0.4546558910276366	0.7289378499678756	0.7078575235275697	0	0.29013348596849076	0.29393877312261557	0
0.45695692102330043	0.7293388356958777	0.7083380284712011	0	0.29075906127533047	0.29450762051820295	0
0.4592579510189645	0.7297407205928432	0.7088196383540105	0	0.2913859260739351	0.29507793376147246	0
0.46155898101462856	0.7301447404544033	0.7093038067306969	0	0.2920161210154754	0.2956512767244238	0
0.4638600110102924	0.7305509066222973	0.7097905471929477	0	0.2926496637909303	0.2962276655020739	0
0.46616104100595646	0.7309592304985165	0.7102798734046543	0	0.29328657218526	0.2968071162749427	0
0.4684620710016205	0.7313697235456238	0.7107717991022959	0	0.293926864077905	0.29738964530950707	0
0.47076310099728436	0.7316992976697256	0.7111774747617043	0	0.2945125628238965	0.2979144160459633	0
0.4730641309929484	0.7319102182853648	0.7114565500544469	0	0.29501734371516247	0.2983538038293411	0
0.4753651609886125	0.7321222593910997	0.7117371079007108	0	0.2955248061934674	0.2987955258068324	0
0.4776661909842763	0.7323354269393973	0.7120191561763811	0	0.29603496450441585	0.2992395943785591	0
0.4799672209799404	0.7325497269143469	0.712302702799183	0	0.2965478329692908	0.2996860220105177	0
0.4822682509756042	0.7327651653318272	0.7125877557289028	0	0.297063425985455	0.3001348212349283	0
0.4845692809712683	0.7329817614932687	0.712874162615664	0	0.29758080194609793	0.3005854868931564	0
0.48687031096693234	0.733199608492649	0.7131608787430266	0	0.29809369843147543	0.3010346324104096	0
0.4891713409625962	0.7334186127776954	0.7134491180149145	0	0.29860931961699766	0.3014861639585497	0
0.49147237095826024	0.7336387804963472	0.7137388885228475	0	0.2991276799773025	0.3019400942130753	0
0.4937734009539243	0.7338601178292038	0.7140301984013308	0	0.29964879406392253	0.30239643591682214	0
0.49607443094958814	0.7340826309896983	0.7143230558280829	0	0.30017267650569357	0.3028552018803205	0
0.4983754609452522	0.7343061369787742	0.7146172394241233	0	0.30069884335662583	0.3033160804485759	0
0.5006764909409163	0.734524293298983	0.7149050548661665	0	0.3012105806873518	0.3037681971690114	0
0.5029775209365801	0.7347436085480872	0.7151943992927103	0	0.3017250365603545	0.30422271570448894	0
0.5052785509322442	0.7349640888827553	0.7154852808262989	0	0.3022422254175589	0.30467964881435866	0
0.5075795809279082	0.7351857404923628	0.7157777076326264	0	0.3027621617776109	0.30513900932575305	0
0.5098806109235721	0.7354085695991652	0.7160716879207658	0	0.3032848602362848	0.3056008101339472	0
0.5121816409192361	0.7356321205757171	0.7163662825368938	0	0.3038090009648502	0.30606427150751725	0
0.5144826709149	0.7358537496769705	0.7166560640711048	0	0.30432694206318905	0.3065248584225123	0
0.516783700910564	0.7360765561558457	0.7169473850344418	0	0.30484763466056497	0.30698789214942707	0
0.5190847309062281	0.7363005462670182	0.7172402536049347	0	0.3053710933739816	0.3074533856866519	0
0.5213857609018919	0.7365257262983904	0.7175346780040579	0	0.30589733289809373	0.3079213521016297	0
0.523686790897556	0.7367521025712687	0.7178306664969619	0	0.3064263680056197	0.30839180453122245	0
0.52598782089322	0.7369779367525094	0.7181256195584146	0	0.3069529331587647	0.3088617598758495	0
0.5282888508888839	0.7372024514932849	0.7184183740671592	0	0.30747467126542527	0.30932988543101125	0
0.530589880884548	0.7374281589412911	0.7187126837985953	0	0.3079991810422674	0.30980049784620084	0
0.532890910880212	0.7376550654326399	0.7190085570146539	0	0.3085264772134516	0.3102736103325595	0
0.5351919408758758	0.7378831773371031	0.7193060020211568	0	0.30905657458135843	0.31074923617141087	0
0.5374929708715399	0.7381125010582912	0.7196050271680493	0	0.3095894880270047	0.31122738871463423	0
0.5397940008672037	0.7382040424476183	0.7197671131956789	0	0.309992499435988	0.3115747733843011	0
0.5420950308628678	0.7382730555396007	0.7199071239900896	0	0.31037567491840995	0.31190193142545536	0
0.5443960608585319	0.7383424352552335	0.7200478785748025	0	0.3107608859739391	0.31223082745387903	0
0.5466970908541957	0.7384121835421601	0.7201893809011127	0	0.31114814341630975	0.3125614707024178	0
0.5489981208498598	0.7384823023583706	0.7203316349413068	0	0.311537458116703	0.3128938704529659	0
0.5512991508455238	0.7385485806556228	0.7204688056039695	0	0.3119205733419403	0.31322248275016007	0
0.5536001808411877	0.7386103579023402	0.7205999786888263	0	0.31229619996253777	0.31354644370258916	0
0.5559012108368517	0.7386724633331608	0.7207318486147289	0	0.31267382205383293	0.313872125658143	0
0.5582022408325158	0.7387348986915228	0.7208644190835606	0	0.3130534502165209	0.31419953775944115	0
0.5605032708281796	0.7387976657301258	0.7209976938168704	0	0.31343509510761186	0.3145286891976722	0
0.5628043008238437	0.7388595831433119	0.7211292122501458	0	0.31381610924326575	0.314857198893531	0
0.5651053308195078	0.7389176787674768	0.7212527834986656	0	0.31418982135324103	0.31517906747370983	0
0.5674063608151716	0.7389760830175732	0.721377011204401	0	0.3145655187633093	0.3155026459415405	0
0.5697073908108357	0.7390347975331389	0.7215018988547013	0	0.31494321202013575	0.315827943380593	0
0.5720084208064995	0.7390938239624214	0.7216274499554414	0	0.31532291172641325	0.3161549689226927	0
0.5743094508021636	0.7391537790018523	0.721753802166113	0	0.315704901201293	0.31648440327898314	0
0.5766104807978276	0.7392185367575218	0.7218818035770076	0	0.316090907896018	0.31682048380253736	0
0.5789115107934915	0.7392836385308853	0.7220104849798163	0	0.3164789652043209	0.31715834971296253	0
0.5812125407891555	0.7393490861494952	0.7221398499869133	0	0.31686908401983677	0.3174980104949091	0
0.5835135707848196	0.7394148814506122	0.7222699022298632	0	0.3172612752940717	0.31783947568341364	0
0.5858146007804834	0.7394798410922094	0.7224002558566834	0	0.31765338354646455	0.3181816442116795	0
0.5881156307761475	0.7395386070768437	0.7225291530646669	0	0.3180356221913607	0.3185195029433774	0
0.5904166607718115	0.7395976852486179	0.7226587350233774	0	0.31841989143252875	0.31885915650846053	0
0.5927176907674754	0.7396570772659883	0.7227890053704698	0	0.3188062020572642	0.3192006144417629	0
0.5950187207631394	0.7397167847962212	0.7229199677629236	0	0.3191945649101688	0.31954388632877095	0
0.5973197507588035	0.7397765395898579	0.7230496225100796	0	0.3195836269453682	0.3198878186521198	0
0.5996207807544673	0.7398360207060638	0.7231755788033531	0	0.31997176887763246	0.32023103085145327	0
0.6019218107501314	0.739895817808459	0.7233022042241023	0	0.3203619727666643	0.3205760663238173	0
0.6042228407457952	0.7399559325756818	0.7234295023269853	0	0.3207542495663578	0.32092293475512773	0
0.6065238707414593	0.7400163666952877	0.7235574766855442	0	0.3211486102887987	0.321271645882756	0
0.6088249007371234	0.740076434394112	0.7236811038499387	0	0.3215396172911858	0.3216183964315552	0
0.6111259307327872	0.7401363526592025	0.7238019616528956	0	0.3219289879705471	0.32196439030582064	0
0.6134269607284513	0.7401965892327826	0.723923461498219	0	0.3223204271342452	0.322312222230426	0
0.6157279907241153	0.7402571458058275	0.7240456067966806	0	0.3227139457708514	0.32266190196978994	0
0.6180290207197792	0.7403180240782951	0.7241684009771719	0	0.3231095549273123	0.3230134393402035	0
0.6203300507154432	0.7403781236877274	0.7242962719146961	0	0.3235036590325809	0.3233679854393235	0
0.6226310807111073	0.7404385333318259	0.7244248592350804	0	0.3238998265379816	0.32372442458683726	0
0.6249321107067711	0.740499263894805	0.7245541296599515	0	0.3242980986350302	0.32408275727393354	0
0.6272331407024352	0.7405603170815075	0.7246840868182188	0	0.3246984865041135	0.32444299355981093	0
0.629534170698099	0.7406217406512068	0.7248087120797573	0	0.32509829488997477	0.32480201789342356	0
0.6318352006937631	0.7406835371189053	0.7249279055265955	0	0.3254974885393335	0.3251597866784941	0
0.6341362306894271	0.7407456618728162	0.7250477321741109	0	0.3258988028563615	0.32551945606668486	0
0.636437260685091	0.7408081166569199	0.7251681953861049	0	0.3263022491068475	0.3258810361547186	0
0.638738290680755	0.7408702399364588	0.725289703324987	0	0.3267066606619962	0.3262440869159926	0
0.6410393206764191	0.7409272133532213	0.7254152009361988	0	0.3271034887005785	0.3266053471141478	0
0.643340350672083	0.7409844894343252	0.7255413652381938	0	0.3275024248398106	0.3269685264631302	0
0.645641380667747	0.7410420697876376	0.7256681997726853	0	0.3279034802787208	0.327333635158195	0
0.6479424106634111	0.7410999560295681	0.725795708100202	0	0.32830666627583055	0.3277006834487584	0
0.6502434406590749	0.7411541592503805	0.7259108335767362	0	0.32870385645633104	0.3280597699449562	0
0.652544470654739	0.7412077632781113	0.7260236672076706	0	0.3291013475599097	0.3284185605626125	0
0.654845500650403	0.7412616520707143	0.7261371002535343	0	0.32950095028659043	0.3287792572117502	0
0.6571465306460669	0.7413158271409682	0.7262511358986461	0	0.32990267585411376	0.3291418700179296	0
0.6594475606417309	0.7413632485294149	0.7263614845810774	0	0.3302960494967624	0.32949900866435794	0
0.6617485906373948	0.7414066701720783	0.7264698274946484	0	0.330685181385907	0.32985357612541466	0
0.6640496206330588	0.7414503224869328	0.7265787459667594	0	0.33107638049084454	0.3302100271829475	0
0.6663506506287229	0.7414942066993961	0.7266882430549951	0	0.3314696577934072	0.33056837184333343	0
0.6686516806243867	0.7415090984760717	0.7267615568302754	0	0.3318221235237112	0.33088643653049127	0
0.6709527106200508	0.7414971234097998	0.7268013627654354	0	0.33213690716416544	0.33116729761084845	0
0.6732537406157149	0.7414850847274461	0.7268413801647804	0	0.33245336305439166	0.33144965073150645	0
0.6755547706113787	0.7414729820910578	0.7268816101516883	0	0.33277150007801315	0.33173350381874767	0
0.6778558006070428	0.7414429738215288	0.726911101295872	0	0.33305999848634216	0.3319906667579181	0
0.6801568306027068	0.7413952769083528	0.7269299881492997	0	0.3333192488822786	0.33222149104958415	0
0.6824578605983707	0.7413473266111316	0.7269489753368371	0	0.33357987651438537	0.3324535415672019	0
0.6847588905940347	0.7412991215837932	0.7269680633914971	0	0.3338418886990621	0.3326868248249475	0
0.6870599205896988	0.7412492845283997	0.7269771491489208	0	0.33410274833475	0.3329182480331483	0
0.6893609505853626	0.7411981540820698	0.7269787297838045	0	0.3343630915540145	0.33314858362549243	0
0.6916619805810267	0.7411467520114678	0.7269803188156186	0	0.33462481781494025	0.3333801428476326	0
0.6939630105766905	0.7410950768736229	0.7269819162889709	0	0.3348879344647678	0.33361293219995314	0
0.6962640405723546	0.7410431272178984	0.7269835222487059	0	0.33515244888976886	0.333846958217371	0
0.6985650705680186	0.7409909015859517	0.7269851367399065	0	0.33541836851545404	0.3340822274695188	0
0.7008661005636827	0.7409383985116925	0.7269867598078951	0	0.3356857008067808	0.3343187465609299	0
0.7031671305593465	0.7408856165212424	0.7269883914982348	0	0.3359544532683634	0.3345565221312231	0
0.7054681605550104	0.7408325541328932	0.7269900318567307	0	0.33622463344468345	0.33479556085528955	0
0.7077691905506747	0.7407792098570649	0.7269916809294316	0	0.33649624892030183	0.3350358694434799	0
0.7100702205463385	0.7407255821962648	0.7269933387626304	0	0.33676930732007115	0.33527745464179276	0
0.7123712505420023	0.7406716696450447	0.7269950054028662	0	0.3370438163093505	0.335520323232064	0
0.7146722805376666	0.7406174706899589	0.7269966808969255	0	0.33731978359421994	0.3357644820321572	0
0.7169733105333305	0.7405629838095218	0.726998365291843	0	0.3375972169216973	0.3360099378961549	0
0.7192743405289943	0.7405082074741648	0.7270000586349035	0	0.33787612407995554	0.3362566977145513	0
0.7215753705246586	0.7404531401461941	0.7270017609736428	0	0.33815651289854126	0.3365047684144454	0
0.7238764005203224	0.7403977802797469	0.7270034723558494	0	0.33843839124859454	0.3367541569597355	0
0.7261774305159863	0.7403421263207479	0.7270051928295658	0	0.33872176704307	0.3370048703513149	0
0.7284784605116505	0.7402861767068664	0.7270069224430893	0	0.3390066482369589	0.3372569156272683	0
0.7307794905073144	0.7402299298674717	0.727008661244974	0	0.3392930428275124	0.3375102998630692	0
0.7330805205029782	0.7401733842235897	0.7270104092840322	0	0.3395809588544659	0.33776503017177884	0
0.7353815504986421	0.7401165381878576	0.727012166609335	0	0.33987040440026517	0.33802111370424576	0
0.7376825804943064	0.7400593901644805	0.7270139332702147	0	0.34016138759029296	0.3382785576493064	0
0.7399836104899702	0.7400019385491857	0.7270157093162651	0	0.34045391659309693	0.33853736923398703	0
0.742284640485634	0.7399441817291782	0.7270174947973441	0	0.34074799962061936	0.3387975557237067	0
0.7445856704812983	0.7398861180830949	0.7270192897635739	0	0.3410436449284275	0.3390591244224811	0
0.7468867004769622	0.7398277459809598	0.7270210942653433	0	0.34134086081594495	0.3393220826731274	0
0.749187730472626	0.7397690637841376	0.7270229083533087	0	0.34163965562668536	0.339586437857471	0
0.7514887604682903	0.7397100698452881	0.7270247320783957	0	0.34194003774848625	0.339852197396552	0
0.7537897904639541	0.7396507625083196	0.7270265654918001	0	0.3422420156137443	0.340119368750834	0
0.756090820459618	0.7395911401083429	0.7270284086449901	0	0.3425455976996523	0.3403879594204134	0
0.7583918504552822	0.739531200971624	0.727030261589707	0	0.3428507925284374	0.34065797694523	0
0.7606928804509461	0.7394709434155374	0.7270321243779672	0	0.34315760866759965	0.3409294289052785	0
0.7629939104466099	0.7394103657485194	0.7270339970620632	0	0.34346605473015307	0.3412023229208214	0
0.7652949404422742	0.7393494662700192	0.7270358796945656	0	0.3437761393748674	0.3414766666526032	0
0.767595970437938	0.7392882432704526	0.7270377723283239	0	0.3440878713065107	0.3417524678020647	0
0.7698970004336019	0.7392266950311533	0.7270396750164687	0	0.34440125927609444	0.34202973411156	0
0.7721980304292662	0.739164819824325	0.7270415878124127	0	0.3447163120811185	0.3423084733645735	0
0.77449906042493	0.7391026159129923	0.7270435107698523	0	0.3450330385658186	0.3425886933859383	0
0.7768000904205938	0.7390400815509527	0.7270454439427692	0	0.3453514476214141	0.34287040204205593	0
0.7791011204162581	0.7389772149827268	0.727047387385432	0	0.3456715481863583	0.34315360724111743	0
0.781402150411922	0.7389140144435099	0.7270493411523972	0	0.34599334924658853	0.34343831693332494	0
0.7837031804075858	0.7388504781591216	0.7270513052985117	0	0.34631685983577903	0.34372453911111517	0
0.7860042104032501	0.7387866043459567	0.7270532798789132	0	0.34664208903559446	0.34401228180938376	0
0.7883052403989139	0.7387223912109345	0.7270552649490328	0	0.3469690459759443	0.3443015531057105	0
0.7906062703945778	0.7386578369514492	0.7270572605645959	0	0.34729773983524	0.3445923611205866	0
0.7929073003902416	0.7385929397553183	0.7270592667816236	0	0.347628179840652	0.34488471401764226	0
0.7952083303859059	0.7385276978007328	0.7270612836564351	0	0.347960375268369	0.34517862000387606	0
0.7975093603815697	0.7384621092562053	0.7270633112456485	0	0.34829433544385824	0.34547408732988516	0
0.7998103903772336	0.738396172280519	0.7270653496061829	0	0.3486300697421275	0.34577112429009704	0
0.8021114203728978	0.7383298850226757	0.7270673987952593	0	0.3489675875879882	0.3460697392230024	0
0.8044124503685617	0.7382632456218441	0.7270694588704034	0	0.3493068984563195	0.34636994051138903	0
0.8067134803642255	0.7381962522073074	0.7270715298894458	0	0.3496480118723353	0.3466717365825773	0
0.8090145103598898	0.7381289028984112	0.7270736119105249	0	0.3499909374118507	0.3469751359086568	0
0.8113155403555536	0.7380611958045096	0.7270757049920874	0	0.3503356847015511	0.3472801470067239	0
0.8136165703512175	0.7379931290249134	0.727077809192891	0	0.3506822634192627	0.34758677843912106	0
0.8159176003468818	0.7379247006488363	0.7270799245720053	0	0.3510306832942238	0.34789503881367734	0
0.8182186303425456	0.737855908755341	0.7270820511888135	0	0.35138095410735826	0.3482049367839495	0
0.8205196603382094	0.7377867514132853	0.7270841891030148	0	0.3517330856915497	0.3485164810494655	0
0.8228206903338737	0.7377172266812684	0.7270863383746249	0	0.35208708793191795	0.34882968035596845	0
0.8251217203295376	0.7376473326075758	0.7270884990639788	0	0.3524429707660962	0.34914454349566204	0
0.8274227503252014	0.7375770672301246	0.727090671231732	0	0.35280074418451013	0.3494610793074576	0
0.8297237803208657	0.737506428576409	0.7270928549388618	0	0.3531604182306584	0.3497792966772222	0
0.8320248103165295	0.7374354146634443	0.72709505024667	0	0.35352200300139447	0.3500992045380276	0
0.8343258403121934	0.7373640234977114	0.7270972572167838	0	0.35388550864721	0.35042081187040186	0
0.8366268703078577	0.7372922530751007	0.7270994759111575	0	0.35425094537252033	0.35074412770258084	0
0.8389279003035215	0.7372201013808565	0.727101706392075	0	0.3546183234359499	0.35106916111076164	0
0.8412289302991853	0.7371475663895194	0.727103948722151	0	0.35498765315062125	0.35139592121935775	0
0.8435299602948496	0.7370746460648703	0.7271062029643325	0	0.35535894488444414	0.351724417201255	0
0.8458309902905135	0.737001338359873	0.7271084691819012	0	0.3557322090604063	0.3520546582780689	0
0.8481320202861773	0.7369276412166166	0.7271107474384749	0	0.3561074561568667	0.35238665372040384	0
0.8504330502818411	0.7368535525662575	0.7271130377980093	0	0.3564846967078489	0.35272041284811306	0
0.8527340802775054	0.7367790703289621	0.7271153403247999	0	0.35686394130333754	0.3530559450305605	0
0.8550351102731693	0.7367041924138475	0.7271176550834838	0	0.35724520058957504	0.35339325968688345	0
0.8573361402688331	0.7366289167189238	0.7271199821390414	0	0.35762848526936075	0.35373236628625754	0
0.8596371702644974	0.7365532411310338	0.7271223215567985	0	0.35801380610235145	0.3540732743481621	0
0.8619382002601612	0.7364771635257951	0.7271246734024275	0	0.3584011739053631	0.35441599344264746	0
0.864239230255825	0.7364006817675393	0.7271270377419502	0	0.3587905995526747	0.3547605331906038	0
0.8665402602514893	0.7363237937092526	0.7271294146417389	0	0.35918209397633377	0.3551069032640311	0
0.8688412902471532	0.7362464971925159	0.7271318041685182	0	0.35957566816646264	0.35545511338631053	0
0.871142320242817	0.736168790047443	0.7271342063893678	0	0.35997133317156765	0.3558051733324777	0
0.8734433502384813	0.7360906700926211	0.7271366213717232	0	0.3603691000988488	0.3561570929294968	0
0.8757443802341451	0.7360121351350486	0.7271390491833783	0	0.3607689801145118	0.35651088205653664	0
0.878045410229809	0.7359331829700738	0.7271414898924874	0	0.3611709844440814	0.35686655064524786	0
0.8803464402254733	0.7358538113813333	0.7271439435675665	0	0.36157512437271677	0.35722410868004184	0
0.8826474702211371	0.7357740181406894	0.7271464102774958	0	0.36198141124552785	0.35758356619837084	0
0.8849485002168009	0.7356938010081676	0.7271488900915214	0	0.3623898564678943	0.3579449332910099	0
0.8872495302124652	0.7356131577318941	0.727151383079257	0	0.3628004715057854	0.35830822010234026	0
0.8895505602081291	0.7355320860480318	0.7271538893106866	0	0.363213267886082	0.3586734368306336	0
0.8918515902037929	0.7354505836807176	0.7271564088561655	0	0.3636282571969	0.35904059372833885	0
0.8941526201994572	0.7353686483419982	0.7271589417864232	0	0.364045451087916	0.35940970110237	0
0.896453650195121	0.7352862777317657	0.7271614881725643	0	0.3644648612706939	0.359780769314395	0
0.8987546801907849	0.7352034695376931	0.727164048086072	0	0.3648864995190138	0.360153808781127	0
0.9010557101864491	0.7351202214351696	0.7271666215988086	0	0.3653103776692028	0.3605288299746168	0
0.903356740182113	0.7350365310872351	0.7271692087830183	0	0.3657365076204669	0.3609058434225464	0
0.9056577701777768	0.7349523961445146	0.7271718097113292	0	0.3661649013352251	0.36128485970852503	0
0.9079588001734411	0.7348678142451525	0.7271744244567552	0	0.3665955708394456	0.36166588947238615	0
0.9102598301691049	0.734782783014746	0.7271770530926979	0	0.3670285282229827	0.3620489434104857	0
0.9125608601647688	0.7346973000662786	0.727179695692949	0	0.36746378563991683	0.36243403227600307	0
0.9148618901604326	0.7346113630000531	0.7271823523316924	0	0.36790135530889545	0.3628211668792425	0
0.9171629201560969	0.7345249694036243	0.7271850230835057	0	0.36834124951347613	0.36321035808793656	0
0.9194639501517607	0.734438116851731	0.7271877080233629	0	0.3687834806024711	0.3636016168275513	0
0.9217649801474246	0.7343508029062281	0.7271904072266362	0	0.3692280609902946	0.36399495408159316	0
0.9240660101430889	0.7342630251160183	0.7271931207690984	0	0.3696750031573106	0.36439038089191705	0
0.9263670401387527	0.734174781016983	0.7271958487269246	0	0.3701243196501835	0.36478790835903624	0
0.9286680701344165	0.7340860681319133	0.7271985911766946	0	0.37057602308223037	0.3651875476424343	0
0.9309691001300808	0.7339968839704406	0.7272013481953953	0	0.3710301261337752	0.36558930996087824	0
0.9332701301257447	0.7339072260289662	0.7272041198604222	0	0.3714866415525042	0.36599320659273316	0
0.9355711601214085	0.7338170917905916	0.7272069062495822	0	0.37194558215382456	0.3663992488762793	0
0.9378721901170728	0.7337264787250475	0.7272097074410953	0	0.37240696082122365	0.36680744821003014	0
0.9401732201127366	0.7336353842886228	0.7272125235135974	0	0.3728707905066305	0.36721781605305226	0
0.9424742501084005	0.7335438059240934	0.727215354546142	0	0.37333708423078016	0.36763036392528714	0
0.9447752801040648	0.73345174106065	0.7272182006182022	0	0.3738058550835784	0.36804510340787483	0
0.9470763100997286	0.7333591871138264	0.7272210618096738	0	0.3742771162244696	0.3684620461434783	0
0.9493773400953924	0.7332661414854268	0.7272239382008768	0	0.37475088088280606	0.36888120383661105	0
0.9516783700910567	0.7331726015634525	0.727226829872558	0	0.37522716235821973	0.3693025882539655	0
0.9539794000867206	0.7330785647220293	0.727229736905893	0	0.37570597402099465	0.3697262112247428	0
0.9562804300823844	0.7329840283213327	0.7272326593824887	0	0.3761873293124433	0.3701520846409856	0
0.9585814600780487	0.7328889897075153	0.7272355973843856	0	0.3766712417452835	0.3705802204579116	0
0.9608824900737125	0.7327934462126308	0.7272385509940599	0	0.37715772490401744	0.3710106306942489	0
0.9631835200693764	0.73269739515456	0.727241520294426	0	0.3776467924453136	0.37144332743257374	0
0.9654845500650406	0.7326008338369353	0.7272445053688389	0	0.37813845809838975	0.3718783228196498	0
0.9677855800607045	0.7325037595490649	0.7272475063010964	0	0.37863273566539835	0.37231562906676846	0
0.9700866100563683	0.7324061695658569	0.727250523175441	0	0.3791296390218143	0.3727552584500926	0
0.9723876400520322	0.7323080611477425	0.7272535560765634	0	0.3796291821168242	0.37319722331100047	0
0.9746886700476964	0.7322094315405994	0.7272566050896039	0	0.3801313789737182	0.3736415360564326	0
0.9769897000433603	0.7321102779756744	0.7272596703001549	0	0.38063624369028287	0.3740882091592394	0
0.9792907300390241	0.7320105976695054	0.7272627517942639	0	0.38114379043919816	0.3745372551585323	0
0.9815917600346884	0.7319103878238438	0.7272658496584352	0	0.3816540334684346	0.37498868666003515	0
0.9838927900303522	0.7318096456255754	0.7272689639796329	0	0.38216698710165287	0.37544251633643777	0
0.9861938200260161	0.7317083682466419	0.7272720948452828	0	0.38268266573860693	0.37589875692775254	0
0.9884948500216804	0.731606552843961	0.7272752423432753	0	0.38320108385554735	0.3763574212416716	0
0.9907958800173442	0.7315041965593473	0.7272784065619678	0	0.383722256005628	0.37681852215392597	0
0.993096910013008	0.7314012965194311	0.727281587590187	0	0.3842461968193147	0.3772820726086478	0
0.9953979400086723	0.7312978498355787	0.7272847855172313	0	0.38477292100479604	0.37774808561873346	0
0.9976989700043362	0.7311938536038106	0.7272880004328738	0	0.3853024433483956	0.3782165742662083	0
1.	0.7310893049047206	0.7272912324273644	0	0.3858347787149879	0.3786875517025947	0