0.1	1.103184146829339e-9	2.0875121757403688e-7	0	6.105372451630235e-9	4.819342293476098e-7	0
0.11	1.1934184026235616e-9	1.994912658018452e-7	0	6.506741464973661e-9	4.903777811863745e-7	0
0.12000000000000001	1.2836526584177845e-9	1.9023131402965354e-7	0	6.9081104783170875e-9	4.988213330251394e-7	0
0.13	1.3738869142120074e-9	1.8097136225746186e-7	0	7.309479491660514e-9	5.353476385900142e-7	0
0.14	1.4641211700062303e-9	1.7171141048527018e-7	0	7.71084850500394e-9	6.237990358023116e-7	0
0.15000000000000002	1.554355425800453e-9	1.6868031599053036e-7	0	8.112217518347367e-9	7.12250433014609e-7	0
0.16	1.6445896815946756e-9	1.7074555926825105e-7	0	8.513586531690791e-9	8.007018302269062e-7	0
0.17	1.7348239373888985e-9	1.7281080254597176e-7	0	8.914955545034219e-9	8.891532274392037e-7	0
0.18	1.8250581931831212e-9	1.7487604582369247e-7	0	9.316324558377643e-9	9.77604624651501e-7	0
0.19	1.915292448977344e-9	1.7694128910141315e-7	0	9.71769357172107e-9	1.0847739525511355e-6	0
0.2	2.005526704771567e-9	1.7900653237913386e-7	0	1.0129926246950121e-8	1.2209751729454154e-6	0
0.21000000000000002	2.09576096056579e-9	1.8107177565685457e-7	0	1.0667091033863866e-8	1.357176393339695e-6	0
0.22	2.1859952163600123e-9	1.8313701893457525e-7	0	1.1204255820777607e-8	1.4933776137339746e-6	0
0.23	2.276229472154235e-9	1.8520226221229596e-7	0	1.174142060769135e-8	1.6295788341282545e-6	0
0.24000000000000002	2.366463727948458e-9	1.8726750549001667e-7	0	1.2278585394605092e-8	1.7657800545225342e-6	0
0.25	2.4566979837426805e-9	1.8933274876773735e-7	0	1.2815750181518835e-8	1.9019812749168136e-6	0
0.26	2.5469322395369034e-9	1.9139799204545806e-7	0	1.3352914968432577e-8	2.0381824953110936e-6	0
0.27	2.6371664953311263e-9	1.9346323532317877e-7	0	1.389007975534632e-8	2.150891771767491e-6	0
0.28	2.7167837827234397e-9	1.9552847860089948e-7	0	1.4427244542260065e-8	2.2382531918751133e-6	0
0.29000000000000004	2.7834770886242936e-9	1.9759372187862017e-7	0	1.4964409329173807e-8	2.325614611982736e-6	0
0.30000000000000004	2.850170394525147e-9	1.9965896515634087e-7	0	1.550157411608755e-8	2.412976032090359e-6	0
0.31	2.9168637004260006e-9	2.0172420843406156e-7	0	1.603873890300129e-8	2.5003374521979807e-6	0
0.32	2.983557006326854e-9	2.0378945171178227e-7	0	1.6575903689915034e-8	2.587698872305603e-6	0
0.33	3.0502503122277076e-9	2.0585469498950298e-7	0	1.7113068476828778e-8	2.6750602924132254e-6	0
0.33999999999999997	3.1169436181285615e-9	2.0791993826722366e-7	0	1.758848981475207e-8	2.7624217125208473e-6	0
0.35	3.183636924029415e-9	2.0998518154494437e-7	0	1.793968035771868e-8	2.84978313262847e-6	0
0.36	3.2503302299302685e-9	2.1205042482266508e-7	0	1.829087090068529e-8	2.9371445527360924e-6	0
0.37	3.3170235358311225e-9	2.1411566810038576e-7	0	1.8642061443651905e-8	3.024505972843715e-6	0
0.38	3.383716841731976e-9	2.1618091137810647e-7	0	1.8993251986618515e-8	3.1118673929513375e-6	0
0.39	3.4504101476328295e-9	2.1824615465582718e-7	0	1.934444252958513e-8	3.1992288130589603e-6	0
0.4	3.5171034535336834e-9	2.1983023338815997e-7	0	1.969563307255174e-8	3.2865902331665826e-6	0
0.41000000000000003	3.5837967594345373e-9	2.1795150498237324e-7	0	2.004682361551835e-8	3.373951653274205e-6	0
0.42000000000000004	3.6504900653353908e-9	2.160727765765865e-7	0	2.0398014158484963e-8	3.4613130733818277e-6	0
0.43000000000000005	3.7171833712362447e-9	2.1419404817079978e-7	0	2.0749204701451573e-8	3.54867449348945e-6	0
0.44000000000000006	3.783876677137098e-9	2.1231531976501305e-7	0	2.1100395244418183e-8	3.6360359135970724e-6	0
0.45000000000000007	3.850569983037952e-9	2.104365913592263e-7	0	2.1451585787384797e-8	3.745414555331963e-6	0
0.45999999999999996	3.917263288938805e-9	2.085578629534396e-7	0	2.1802776330351404e-8	3.859431207433855e-6	0
0.47	3.983956594839658e-9	2.0667913454765284e-7	0	2.2153966873318014e-8	3.9734478595357475e-6	0
0.48	4.050649900740512e-9	2.048004061418661e-7	0	2.2505157416284628e-8	4.08746451163764e-6	0
0.49	4.117343206641366e-9	2.0292167773607938e-7	0	2.2856347959251238e-8	4.201481163739534e-6	0
0.5	4.18403651254222e-9	2.0104294933029265e-7	0	2.309160299423598e-8	4.315497815841427e-6	0
0.51	4.250729818443073e-9	1.9916422092450592e-7	0	2.3269496813761825e-8	4.42951446794332e-6	0
0.52	4.317423124343927e-9	1.9728549251871916e-7	0	2.3447390633287674e-8	4.543531120045214e-6	0
0.53	4.384116430244781e-9	1.9540676411293243e-7	0	2.362528445281352e-8	4.657547772147107e-6	0
0.54	4.450809736145635e-9	1.935280357071457e-7	0	2.380317827233937e-8	4.771564424249e-6	0
0.55	4.517503042046488e-9	1.9164930730135897e-7	0	2.3981072091865214e-8	4.8855810763508925e-6	0
0.56	4.584196347947342e-9	1.8977057889557221e-7	0	2.4158965911391063e-8	4.9995977284527855e-6	0
0.5700000000000001	4.648493626357933e-9	1.8789185048978548e-7	0	2.433685973091691e-8	5.113614380554679e-6	0
0.58	4.6844686311015845e-9	1.8601312208399878e-7	0	2.4514753550442755e-8	5.2276310326565704e-6	0
0.59	4.720443635845236e-9	1.8413439367821205e-7	0	2.46926473699686e-8	5.341647684758464e-6	0
0.6	4.7564186405888866e-9	1.822556652724253e-7	0	2.487054118949445e-8	5.455664336860357e-6	0
0.61	4.792393645332538e-9	1.8037693686663856e-7	0	2.5048435009020295e-8	5.56968098896225e-6	0
0.62	4.8283686500761895e-9	1.7849820846085183e-7	0	2.5226328828546145e-8	5.675382397084438e-6	0
0.63	4.864343654819841e-9	1.766194800550651e-7	0	2.540422264807199e-8	5.745169028017684e-6	0
0.64	4.9003186595634915e-9	1.7636882202146741e-7	0	2.5582116467597836e-8	5.814955658950929e-6	0
0.65	4.936293664307143e-9	1.7676711511524582e-7	0	2.5760010287123685e-8	5.884742289884175e-6	0
0.66	4.9722686690507944e-9	1.7716540820902424e-7	0	2.593790410664953e-8	5.954528920817421e-6	0
0.67	5.008243673794446e-9	1.7756370130280262e-7	0	2.611579792617538e-8	6.024315551750667e-6	0
0.6799999999999999	5.0442186785380965e-9	1.7796199439658103e-7	0	2.6293691745701226e-8	6.094102182683912e-6	0
0.69	5.080193683281748e-9	1.7836028749035942e-7	0	2.647158556522707e-8	6.163888813617158e-6	0
0.7	5.1161686880253986e-9	1.7875858058413783e-7	0	2.6649479384752917e-8	6.233675444550403e-6	0
0.71	5.15214369276905e-9	1.791568736779162e-7	0	2.6827373204278766e-8	6.3034620754836495e-6	0
0.72	5.1881186975127015e-9	1.7955516677169462e-7	0	2.7005267023804612e-8	6.373248706416896e-6	0
0.73	5.224093702256353e-9	1.79953459865473e-7	0	2.718316084333046e-8	6.443035337350141e-6	0
0.74	5.2600687070000035e-9	1.8035175295925142e-7	0	2.7361054662856307e-8	6.5128219682833865e-6	0
0.75	5.296043711743655e-9	1.807500460530298e-7	0	2.7538948482382156e-8	6.582608599216633e-6	0
0.76	5.3320187164873064e-9	1.8114833914680821e-7	0	2.7716842301908e-8	6.652395230149879e-6	0
0.77	5.367993721230958e-9	1.8154663224058663e-7	0	2.7894736121433847e-8	6.722181861083124e-6	0
0.78	5.4039687259746085e-9	1.81944925334365e-7	0	2.8072629940959696e-8	6.791968492016371e-6	0
0.79	5.43994373071826e-9	1.8234321842814342e-7	0	2.8250523760485542e-8	6.861755122949616e-6	0
0.8	5.475918735461911e-9	1.827415115219218e-7	0	2.842841758001139e-8	6.931541753882862e-6	0
0.8099999999999999	5.511893740205562e-9	1.8313980461570022e-7	0	2.8579852123373582e-8	7.001328384816107e-6	0
0.82	5.5478687449492135e-9	1.835380977094786e-7	0	2.868972723810855e-8	7.071115015749353e-6	0
0.83	5.583843749692865e-9	1.83936390803257e-7	0	2.8799602352843517e-8	7.140901646682598e-6	0
0.84	5.6198187544365155e-9	1.843346838970354e-7	0	2.8909477467578483e-8	7.210688277615845e-6	0
0.85	5.655793759180167e-9	1.847329769908138e-7	0	2.901935258231345e-8	7.280474908549091e-6	0
0.86	5.6917687639238184e-9	1.851312700845922e-7	0	2.9129227697048418e-8	7.350261539482336e-6	0
0.87	5.72774376866747e-9	1.855295631783706e-7	0	2.9239102811783384e-8	7.4200481704155825e-6	0
0.88	5.7637187734111205e-9	1.8592785627214902e-7	0	2.934897792651835e-8	7.466753651016105e-6	0
0.89	5.779987891251508e-9	1.863261493659274e-7	0	2.945885304125332e-8	7.506130334211903e-6	0
0.9	5.791268802131419e-9	1.867244424597058e-7	0	2.9568728155988285e-8	7.545507017407702e-6	0
0.91	5.80254971301133e-9	1.871227355534842e-7	0	2.967860327072325e-8	7.5848837006035e-6	0
0.92	5.813830623891241e-9	1.875210286472626e-7	0	2.978847838545822e-8	7.624260383799298e-6	0
0.93	5.825111534771152e-9	1.87919321741041e-7	0	2.989835350019318e-8	7.663637066995097e-6	0
0.94	5.836392445651063e-9	1.883176148348194e-7	0	3.000822861492815e-8	7.703013750190894e-6	0
0.95	5.847673356530974e-9	1.887159079285978e-7	0	3.011810372966312e-8	7.742390433386693e-6	0
0.96	5.858954267410885e-9	1.891142010223762e-7	0	3.022797884439808e-8	7.78176711658249e-6	0
0.97	5.870235178290796e-9	1.8951249411615458e-7	0	3.033785395913305e-8	7.821143799778288e-6	0
0.98	5.881516089170707e-9	1.89910787209933e-7	0	3.044772907386802e-8	7.860520482974087e-6	0
0.99	5.892797000050618e-9	1.903090803037114e-7	0	3.0557604188602984e-8	7.899897166169886e-6	0
1.	5.904077910930529e-9	1.907073733974898e-7	0	3.066747930333795e-8	7.939273849365683e-6	0
1.01	5.91535882181044e-9	1.911056664912682e-7	0	3.077735441807292e-8	7.978650532561481e-6	0
1.02	5.926639732690351e-9	1.9150395958504659e-7	0	3.0887229532807885e-8	8.01802721575728e-6	0
1.03	5.937920643570262e-9	1.91902252678825e-7	0	3.0997104647542854e-8	8.057403898953077e-6	0
1.04	5.949201554450173e-9	1.9230054577260338e-7	0	3.1106979762277817e-8	8.096780582148876e-6	0
1.05	5.960482465330084e-9	1.926988388663818e-7	0	3.1216854877012786e-8	8.136157265344674e-6	0
1.06	5.9717633762099956e-9	1.930971319601602e-7	0	3.1326729991747755e-8	8.175533948540473e-6	0
1.07	5.9830442870899066e-9	1.934954250539386e-7	0	3.143660510648272e-8	8.21491063173627e-6	0
1.08	5.9943251979698176e-9	1.93893718147717e-7	0	3.1546480221217687e-8	8.254287314932069e-6	0
1.09	6.0056061088497286e-9	1.9429201124149538e-7	0	3.1656355335952656e-8	8.272749689193144e-6	0
1.1	6.01688701972964e-9	1.946903043352738e-7	0	3.1747836474592046e-8	8.23168672264001e-6	0
1.11	6.028167930609551e-9	1.9508859742905218e-7	0	3.161882878289106e-8	8.19062375608688e-6	0
1.12	6.039448841489462e-9	1.954868905228306e-7	0	3.148982109119008e-8	8.149560789533747e-6	0
1.1300000000000001	6.050729752369373e-9	1.9588000055493107e-7	0	3.136081339948909e-8	8.108497822980614e-6	0
1.1400000000000001	6.062010663249284e-9	1.9627235657920443e-7	0	3.12318057077881e-8	8.067434856427481e-6	0
1.1500000000000001	6.073291574129195e-9	1.966647126034778e-7	0	3.1102798016087114e-8	8.02637188987435e-6	0
1.1600000000000001	6.084136085610142e-9	1.9705706862775112e-7	0	3.0973790324386126e-8	7.985308923321217e-6	0
1.1700000000000002	6.094440711481188e-9	1.9744942465202448e-7	0	3.084478263268514e-8	7.944245956768084e-6	0
1.1800000000000002	6.104745337352233e-9	1.9784178067629784e-7	0	3.071577494098415e-8	7.903182990214953e-6	0
1.1900000000000002	6.115049963223278e-9	1.9823413670057117e-7	0	3.058676724928317e-8	7.86212002366182e-6	0
1.2000000000000002	6.1253545890943226e-9	1.9862649272484453e-7	0	3.045775955758218e-8	7.821057057108687e-6	0
1.2100000000000002	6.135659214965368e-9	1.990188487491179e-7	0	3.0328751865881194e-8	7.779994090555554e-6	0
1.2200000000000002	6.145963840836413e-9	1.9941120477339122e-7	0	3.0199744174180206e-8	7.738931124002423e-6	0
1.2300000000000002	6.156268466707458e-9	1.9980356079766458e-7	0	3.007073648247922e-8	7.69786815744929e-6	0
1.2400000000000002	6.1665730925785036e-9	2.0019591682193794e-7	0	2.994172879077823e-8	7.656805190896157e-6	0
1.2500000000000002	6.1768777184495484e-9	2.0058827284621128e-7	0	2.981272109907724e-8	7.615742224343025e-6	0
1.26	6.187182344320593e-9	2.0098062887048463e-7	0	2.968371340737626e-8	7.574679257789894e-6	0
1.27	6.197486970191638e-9	2.01372984894758e-7	0	2.9554705715675274e-8	7.533616291236761e-6	0
1.28	6.207791596062684e-9	2.0176534091903133e-7	0	2.9425698023974286e-8	7.492553324683629e-6	0
1.29	6.218096221933729e-9	2.0215769694330469e-7	0	2.92966903322733e-8	7.451490358130496e-6	0
1.3	6.2284008478047735e-9	2.0255005296757804e-7	0	2.916768264057231e-8	7.410427391577364e-6	0
1.31	6.238705473675819e-9	2.0294240899185138e-7	0	2.9038674948871323e-8	7.370101137731727e-6	0
1.32	6.249010099546864e-9	2.0333476501612474e-7	0	2.890966725717034e-8	7.329969539961775e-6	0
1.33	6.259314725417909e-9	2.037271210403981e-7	0	2.878065956546935e-8	7.289837942191824e-6	0
1.34	6.2696193512889545e-9	2.0411947706467143e-7	0	2.8651651873768363e-8	7.249706344421872e-6	0
1.35	6.279923977159999e-9	2.045118330889448e-7	0	2.852264418206738e-8	7.20957474665192e-6	0
1.36	6.290228603031044e-9	2.0490418911321815e-7	0	2.839363649036639e-8	7.169443148881968e-6	0
1.37	6.300533228902089e-9	2.0529654513749148e-7	0	2.8264628798665403e-8	7.129311551112016e-6	0
1.3800000000000001	6.310837854773135e-9	2.0568890116176484e-7	0	2.8135621106964415e-8	7.089179953342064e-6	0
1.3900000000000001	6.3211424806441796e-9	2.060812571860382e-7	0	2.8006613415263428e-8	7.049048355572112e-6	0
1.4000000000000001	6.331447106515224e-9	2.0647361321031153e-7	0	2.7877605723562443e-8	7.00891675780216e-6	0
1.4100000000000001	6.34175173238627e-9	2.068659692345849e-7	0	2.7748598031861455e-8	6.968785160032208e-6	0
1.4200000000000002	6.352056358257315e-9	2.0725832525885825e-7	0	2.7619590340160468e-8	6.928653562262256e-6	0
1.4300000000000002	6.36236098412836e-9	2.0765068128313158e-7	0	2.749058264845948e-8	6.888521964492305e-6	0
1.4400000000000002	6.3726656099994054e-9	2.0804303730740494e-7	0	2.7361574956758496e-8	6.848390366722353e-6	0
1.4500000000000002	6.38297023587045e-9	2.084353933316783e-7	0	2.7232567265057508e-8	6.8082587689524005e-6	0
1.4600000000000002	6.393274861741495e-9	2.0882774935595166e-7	0	2.710355957335652e-8	6.768127171182448e-6	0
1.4700000000000002	6.399531328490649e-9	2.09220105380225e-7	0	2.6974551881655532e-8	6.727995573412496e-6	0
1.4800000000000002	6.388529853720166e-9	2.0961246140449835e-7	0	2.6845544189954545e-8	6.687863975642544e-6	0
1.4900000000000002	6.377528378949682e-9	2.100048174287717e-7	0	2.671653649825356e-8	6.647732377872593e-6	0
1.5000000000000002	6.366526904179199e-9	2.1039717345304504e-7	0	2.6587528806552572e-8	6.607600780102641e-6	0
1.51	6.355525429408715e-9	2.107895294773184e-7	0	2.6458521114851588e-8	6.56746918233269e-6	0
1.52	6.344523954638232e-9	2.1118188550159173e-7	0	2.63295134231506e-8	6.5273375845627375e-6	0
1.53	6.333522479867748e-9	2.115742415258651e-7	0	2.6200505731449612e-8	6.487205986792785e-6	0
1.54	6.322521005097265e-9	2.1196659755013845e-7	0	2.6071498039748628e-8	6.447074389022834e-6	0
1.55	6.311519530326781e-9	2.1235895357441178e-7	0	2.594249034804764e-8	6.406942791252882e-6	0
1.56	6.300518055556298e-9	2.1275130959868514e-7	0	2.5813482656346653e-8	6.36681119348293e-6	0
1.57	6.289516580785814e-9	2.131436656229585e-7	0	2.5684474964645665e-8	6.326679595712978e-6	0
1.58	6.278515106015331e-9	2.1353602164723184e-7	0	2.555546727294468e-8	6.286547997943026e-6	0
1.59	6.267513631244847e-9	2.139283776715052e-7	0	2.5426459581243693e-8	6.2464164001730745e-6	0
1.6	6.2565121564743635e-9	2.1432073369577855e-7	0	2.5297451889542705e-8	6.206284802403122e-6	0
1.61	6.2455106817038796e-9	2.1471308972005189e-7	0	2.5168444197841717e-8	6.16615320463317e-6	0
1.62	6.2345092069333964e-9	2.1510544574432524e-7	0	2.503943650614073e-8	6.126021606863218e-6	0
1.6300000000000001	6.2235077321629125e-9	2.154978017685986e-7	0	2.4910428814439745e-8	6.085890009093266e-6	0
1.6400000000000001	6.212506257392429e-9	2.1589015779287196e-7	0	2.4781421122738757e-8	6.045758411323314e-6	0
1.6500000000000001	6.201504782621945e-9	2.162825138171453e-7	0	2.465241343103777e-8	6.005626813553363e-6	0
1.6600000000000001	6.190503307851462e-9	2.1667486984141865e-7	0	2.4523405739336782e-8	5.965495215783411e-6	0
1.6700000000000002	6.179501833080978e-9	2.1702144993749343e-7	0	2.4394398047635797e-8	5.9253636180134585e-6	0
1.6800000000000002	6.168500358310495e-9	2.1714611047522549e-7	0	2.426539035593481e-8	5.890377559041512e-6	0
1.6900000000000002	6.157498883540011e-9	2.1727077101295752e-7	0	2.4136382664233822e-8	5.8574627057287905e-6	0
1.7000000000000002	6.146497408769528e-9	2.1739543155068955e-7	0	2.4007374972532834e-8	5.824547852416069e-6	0
1.7100000000000002	6.135495933999044e-9	2.1752009208842158e-7	0	2.3888836443246773e-8	5.791632999103347e-6	0
1.7200000000000002	6.124494459228561e-9	2.1764475262615364e-7	0	2.3778195703150917e-8	5.758718145790625e-6	0
1.7300000000000002	6.113492984458077e-9	2.1776941316388567e-7	0	2.3667554963055064e-8	5.7258032924779036e-6	0
1.7400000000000002	6.102491509687594e-9	2.178940737016177e-7	0	2.3556914222959208e-8	5.692888439165182e-6	0
1.7500000000000002	6.09149003491711e-9	2.1801873423934973e-7	0	2.3446273482863355e-8	5.659973585852459e-6	0
1.7600000000000002	6.080488560146627e-9	2.1814339477708179e-7	0	2.33356327427675e-8	5.6270587325397375e-6	0
1.77	6.0694870853761435e-9	2.1826805531481382e-7	0	2.3224992002671646e-8	5.594143879227017e-6	0
1.78	6.0584856106056595e-9	2.1839271585254585e-7	0	2.3114351262575794e-8	5.561229025914295e-6	0
1.79	6.047484135835176e-9	2.1851737639027788e-7	0	2.3003710522479938e-8	5.528314172601573e-6	0
1.8	6.036482661064692e-9	2.1864203692800994e-7	0	2.289306978238408e-8	5.4953993192888515e-6	0
1.81	6.023030214497404e-9	2.1876669746574197e-7	0	2.2782429042288225e-8	5.46248446597613e-6	0
1.82	6.009565451488927e-9	2.18891358003474e-7	0	2.2671788302192373e-8	5.429569612663408e-6	0
1.83	5.996100688480448e-9	2.1901601854120603e-7	0	2.256114756209652e-8	5.396654759350686e-6	0
1.84	5.982635925471971e-9	2.191406790789381e-7	0	2.2450506822000664e-8	5.3637399060379646e-6	0
1.85	5.969171162463492e-9	2.1926533961667012e-7	0	2.2339866081904808e-8	5.330825052725243e-6	0
1.86	5.955706399455015e-9	2.1939000015440215e-7	0	2.222922534180895e-8	5.297910199412521e-6	0
1.87	5.942241636446536e-9	2.1951466069213418e-7	0	2.2118584601713095e-8	5.264995346099799e-6	0
1.8800000000000001	5.928776873438059e-9	2.1963932122986624e-7	0	2.2007943861617243e-8	5.232080492787078e-6	0
1.8900000000000001	5.91531211042958e-9	2.1976398176759827e-7	0	2.189730312152139e-8	5.199165639474356e-6	0
1.9000000000000001	5.901847347421102e-9	2.198886423053303e-7	0	2.1786662381425534e-8	5.166250786161634e-6	0
1.9100000000000001	5.888382584412624e-9	2.2001330284306233e-7	0	2.1676021641329678e-8	5.1333359328489125e-6	0
1.9200000000000002	5.874917821404146e-9	2.201379633807944e-7	0	2.156538090123382e-8	5.100421079536191e-6	0
1.9300000000000002	5.861453058395668e-9	2.2026262391852642e-7	0	2.145474016113797e-8	5.067506226223469e-6	0
1.9400000000000002	5.84798829538719e-9	2.2038728445625845e-7	0	2.1344099421042113e-8	5.034591372910747e-6	0
1.9500000000000002	5.834523532378712e-9	2.2051194499399048e-7	0	2.123345868094626e-8	5.001676519598025e-6	0
1.9600000000000002	5.821058769370234e-9	2.2063660553172254e-7	0	2.1122817940850404e-8	4.968761666285303e-6	0
1.9700000000000002	5.807594006361756e-9	2.2076126606945457e-7	0	2.1012177200754548e-8	4.935846812972581e-6	0
1.9800000000000002	5.794129243353278e-9	2.208859266071866e-7	0	2.0901536460658695e-8	4.9029319596598595e-6	0
1.9900000000000002	5.7806644803448e-9	2.2101058714491866e-7	0	2.079089572056284e-8	4.870017106347138e-6	0
2.	5.767199717336322e-9	2.211352476826507e-7	0	2.0680254980466986e-8	4.837102253034417e-6	0
2.0100000000000002	5.753734954327844e-9	2.2125990822038272e-7	0	2.056961424037113e-8	4.804187399721694e-6	0
2.02	5.740270191319366e-9	2.2138456875811475e-7	0	2.0458973500275277e-8	4.7712725464089734e-6	0
2.03	5.726805428310888e-9	2.2150922929584678e-7	0	2.0348332760179424e-8	4.738357693096252e-6	0
2.04	5.71334066530241e-9	2.2163388983357884e-7	0	2.0237692020083568e-8	4.70544283978353e-6	0
2.05	5.699875902293932e-9	2.2175855037131087e-7	0	2.0127051279987715e-8	4.672527986470808e-6	0
2.06	5.686411139285454e-9	2.218832109090429e-7	0	2.0016410539891856e-8	4.6396131331580865e-6	0
2.07	5.672946376276976e-9	2.2200787144677493e-7	0	1.9905769799796006e-8	4.606698279845365e-6	0
2.08	5.659481613268498e-9	2.22132531984507e-7	0	1.9795129059700147e-8	4.573783426532643e-6	0
2.09	5.64601685026002e-9	2.2225719252223902e-7	0	1.9684488319604294e-8	4.540868573219921e-6	0
2.1	5.632552087251541e-9	2.2238185305997105e-7	0	1.9573847579508438e-8	4.5079537199072e-6	0
2.1100000000000003	5.6190873242430634e-9	2.225065135977031e-7	0	1.9463206839412582e-8	4.475038866594476e-6	0
2.12	5.6056225612345854e-9	2.2263117413543514e-7	0	1.9352566099316726e-8	4.442124013281755e-6	0
2.1300000000000003	5.5921577982261074e-9	2.2275583467316717e-7	0	1.924192535922087e-8	4.409209159969033e-6	0
2.14	5.5786930352176294e-9	2.228804952108992e-7	0	1.9131284619125017e-8	4.376294306656312e-6	0
2.15	5.565228272209152e-9	2.2300515574863123e-7	0	1.9020643879029164e-8	4.343379453343591e-6	0
2.16	5.5517635092006734e-9	2.231298162863633e-7	0	1.8910003138933308e-8	4.310464600030868e-6	0
2.17	5.538298746192196e-9	2.2325447682409532e-7	0	1.8799362398837455e-8	4.2775497467181475e-6	0
2.18	5.5248339831837175e-9	2.2337913736182735e-7	0	1.86887216587416e-8	4.244634893405425e-6	0
2.19	5.51136922017524e-9	2.2350379789955938e-7	0	1.8578080918645746e-8	4.211720040092704e-6	0
2.2	5.4979044571667615e-9	2.2362845843729144e-7	0	1.846744017854989e-8	4.1788051867799815e-6	0
2.21	5.484439694158284e-9	2.2375311897502347e-7	0	1.8356799438454034e-8	4.145890333467261e-6	0
2.22	5.4709749311498055e-9	2.238777795127555e-7	0	1.8246158698358178e-8	4.112975480154538e-6	0
2.23	5.4575101681413275e-9	2.2400244005048756e-7	0	1.8135517958262325e-8	4.080060626841817e-6	0
2.24	5.4440454051328495e-9	2.241271005882196e-7	0	1.802487721816647e-8	4.0471457735290946e-6	0
2.25	5.4305806421243715e-9	2.2425176112595162e-7	0	1.7914236478070617e-8	4.014230920216374e-6	0
2.2600000000000002	5.4171158791158935e-9	2.2437642166368365e-7	0	1.780359573797476e-8	3.981316066903651e-6	0
2.27	5.4036511161074155e-9	2.245010822014157e-7	0	1.7692954997878908e-8	3.94840121359093e-6	0
2.2800000000000002	5.3901863530989375e-9	2.2462574273914774e-7	0	1.7582314257783048e-8	3.915486360278208e-6	0
2.29	5.3767215900904595e-9	2.2475040327687977e-7	0	1.74716735176872e-8	3.882571506965486e-6	0
2.3000000000000003	5.3632568270819815e-9	2.248750638146118e-7	0	1.736103277759134e-8	3.849656653652763e-6	0
2.31	5.3497920640735035e-9	2.2499972435234386e-7	0	1.7250392037495487e-8	3.8167418003400425e-6	0
2.3200000000000003	5.3363273010650255e-9	2.251243848900759e-7	0	1.713975129739963e-8	3.7838269470273203e-6	0
2.33	5.3228625380565475e-9	2.2524904542780793e-7	0	1.7029110557303778e-8	3.750912093714599e-6	0
2.3400000000000003	5.3093977750480695e-9	2.2537370596553996e-7	0	1.691846981720792e-8	3.717997240401877e-6	0
2.35	5.2959330120395915e-9	2.2549836650327201e-7	0	1.680782907711207e-8	3.6850823870891556e-6	0
2.3600000000000003	5.2824682490311135e-9	2.2562302704100404e-7	0	1.669718833701621e-8	3.652167533776433e-6	0
2.37	5.2690034860226356e-9	2.2574768757873608e-7	0	1.6586547596920357e-8	3.619252680463712e-6	0
2.3800000000000003	5.255538723014157e-9	2.2587234811646813e-7	0	1.64759068568245e-8	3.5863378271509895e-6	0
2.39	5.242073960005679e-9	2.2599700865420016e-7	0	1.6365266116728648e-8	3.5534229738382686e-6	0
2.4000000000000004	5.228609196997201e-9	2.261216691919322e-7	0	1.625462537663279e-8	3.520508120525546e-6	0
2.41	5.215144433988723e-9	2.2624632972966423e-7	0	1.614398463653694e-8	3.487593267212825e-6	0
2.42	5.2016796709802456e-9	2.2637099026739626e-7	0	1.6033343896441086e-8	3.454678413900104e-6	0
2.43	5.188214907971767e-9	2.2649565080512831e-7	0	1.592270315634523e-8	3.4217635605873817e-6	0
2.44	5.17475014496329e-9	2.2662031134286035e-7	0	1.5812062416249377e-8	3.3888487072746604e-6	0
2.45	5.161285381954811e-9	2.2674497188059238e-7	0	1.5701421676153518e-8	3.3559338539619383e-6	0
2.46	5.147820618946334e-9	2.268696324183244e-7	0	1.5590780936057665e-8	3.323019000649217e-6	0
2.47	5.134355855937855e-9	2.2699429295605647e-7	0	1.548014019596181e-8	3.2901041473364944e-6	0
2.48	5.120891092929378e-9	2.271189534937885e-7	0	1.5369499455865956e-8	3.2571892940237735e-6	0
2.49	5.107426329920899e-9	2.2722372006062592e-7	0	1.52588587157701e-8	3.224274440711051e-6	0
2.5	5.093961566912422e-9	2.2719880186982696e-7	0	1.5148217975674247e-8	3.19135958739833e-6	0
2.5100000000000002	5.080496803903943e-9	2.27173883679028e-7	0	1.503757723557839e-8	3.1584447340856075e-6	0
2.52	5.067032040895465e-9	2.2714896548822905e-7	0	1.4926936495482538e-8	3.1255298807728866e-6	0
2.5300000000000002	5.053567277886987e-9	2.2712404729743011e-7	0	1.481629575538668e-8	3.092615027460164e-6	0
2.54	5.040102514878509e-9	2.2709912910663116e-7	0	1.4705655015290828e-8	3.0597001741474427e-6	0
2.5500000000000003	5.026637751870031e-9	2.270742109158322e-7	0	1.459501427519497e-8	3.0267853208347206e-6	0
2.56	5.013172988861553e-9	2.2704929272503324e-7	0	1.4484373535099117e-8	3.008541032074896e-6	0
2.5700000000000003	4.999708225853075e-9	2.2702437453423428e-7	0	1.4413130153996532e-8	2.991659582645123e-6	0
2.58	4.986243462844597e-9	2.2699945634343535e-7	0	1.4358611007908184e-8	2.974778133215349e-6	0
2.5900000000000003	4.972778699836119e-9	2.269745381526364e-7	0	1.4304091861819834e-8	2.957896683785575e-6	0
2.6	4.959313936827641e-9	2.2694961996183744e-7	0	1.4249572715731486e-8	2.941015234355802e-6	0
2.6100000000000003	4.945849173819163e-9	2.2692470177103848e-7	0	1.4195053569643136e-8	2.924133784926028e-6	0
2.62	4.932384410810685e-9	2.2689978358023955e-7	0	1.414053442355479e-8	2.9072523354962543e-6	0
2.6300000000000003	4.918919647802207e-9	2.268748653894406e-7	0	1.408601527746644e-8	2.8903708860664806e-6	0
2.64	4.905454884793729e-9	2.2684994719864163e-7	0	1.4031496131378092e-8	2.873489436636707e-6	0
2.6500000000000004	4.89199012178525e-9	2.2682502900784267e-7	0	1.3976976985289742e-8	2.856607987206933e-6	0
2.66	4.878525358776773e-9	2.2680011081704374e-7	0	1.3922457839201394e-8	2.8397265377771596e-6	0
2.67	4.865060595768295e-9	2.2677519262624478e-7	0	1.3867938693113047e-8	2.8228450883473864e-6	0
2.68	4.851595832759817e-9	2.2675027443544582e-7	0	1.3813419547024697e-8	2.8059636389176123e-6	0
2.69	4.838131069751339e-9	2.2672535624464687e-7	0	1.375890040093635e-8	2.789082189487839e-6	0
2.7	4.82466630674286e-9	2.2670043805384793e-7	0	1.3704381254848e-8	2.772200740058065e-6	0
2.71	4.811201543734383e-9	2.2667551986304898e-7	0	1.3649862108759651e-8	2.7553192906282918e-6	0
2.72	4.797736780725904e-9	2.2665060167225002e-7	0	1.3595342962671301e-8	2.7384378411985177e-6	0
2.73	4.784272017717427e-9	2.2662568348145106e-7	0	1.3540823816582955e-8	2.7215563917687445e-6	0
2.74	4.770807254708948e-9	2.2660076529065213e-7	0	1.3486304670494605e-8	2.7046749423389704e-6	0
2.75	4.757342491700471e-9	2.2657584709985317e-7	0	1.3431785524406259e-8	2.687793492909197e-6	0
2.7600000000000002	4.743877728691992e-9	2.2655092890905421e-7	0	1.3377266378317909e-8	2.670912043479423e-6	0
2.77	4.730412965683515e-9	2.2652601071825526e-7	0	1.3322747232229559e-8	2.65403059404965e-6	0
2.7800000000000002	4.716948202675036e-9	2.2650109252745632e-7	0	1.326822808614121e-8	2.6371491446198757e-6	0
2.79	4.703483439666559e-9	2.2647617433665737e-7	0	1.3213708940052863e-8	2.6202676951901025e-6	0
2.8000000000000003	4.69001867665808e-9	2.264512561458584e-7	0	1.3159189793964513e-8	2.6033862457603284e-6	0
2.81	4.676553913649602e-9	2.2642633795505945e-7	0	1.3104670647876166e-8	2.586504796330555e-6	0
2.8200000000000003	4.663089150641124e-9	2.2640141976426052e-7	0	1.3050151501787817e-8	2.569623346900781e-6	0
2.83	4.649624387632646e-9	2.2637650157346156e-7	0	1.2995632355699468e-8	2.552741897471008e-6	0
2.8400000000000003	4.636159624624168e-9	2.263515833826626e-7	0	1.2941113209611117e-8	2.535860448041234e-6	0
2.85	4.62269486161569e-9	2.2632666519186364e-7	0	1.288659406352277e-8	2.5189789986114606e-6	0
2.8600000000000003	4.609230098607212e-9	2.263017470010647e-7	0	1.283207491743442e-8	2.5020975491816865e-6	0
2.87	4.595765335598734e-9	2.2627682881026575e-7	0	1.2777555771346074e-8	2.4852160997519133e-6	0
2.8800000000000003	4.582300572590256e-9	2.262519106194668e-7	0	1.2723036625257724e-8	2.468334650322139e-6	0
2.89	4.568835809581778e-9	2.2622699242866784e-7	0	1.2668517479169376e-8	2.451453200892366e-6	0
2.9000000000000004	4.5553710465733e-9	2.262020742378689e-7	0	1.2613998333081026e-8	2.434571751462592e-6	0
2.91	4.541906283564822e-9	2.2617715604706995e-7	0	1.2559479186992678e-8	2.4176903020328186e-6	0
2.92	4.528441520556344e-9	2.26152237856271e-7	0	1.2504960040904332e-8	2.4008088526030454e-6	0
2.93	4.514976757547866e-9	2.2612731966547203e-7	0	1.2450440894815982e-8	2.3839274031732713e-6	0
2.94	4.501511994539388e-9	2.261024014746731e-7	0	1.2395921748727634e-8	2.367045953743498e-6	0
2.95	4.48804723153091e-9	2.2607748328387414e-7	0	1.2341402602639284e-8	2.350164504313724e-6	0
2.96	4.474582468522432e-9	2.2605256509307519e-7	0	1.2286883456550936e-8	2.3332830548839508e-6	0
2.97	4.461117705513954e-9	2.2602764690227623e-7	0	1.2232364310462586e-8	2.3164016054541767e-6	0
2.98	4.447652942505476e-9	2.260027287114773e-7	0	1.217784516437424e-8	2.299520156024403e-6	0
2.99	4.434188179496997e-9	2.2597781052067834e-7	0	1.212332601828589e-8	2.2826387065946294e-6	0
3.	4.42072341648852e-9	2.2595289232987938e-7	0	1.2068806872197542e-8	2.2657572571648557e-6	0
3.0100000000000002	4.407258653480041e-9	2.2592797413908042e-7	0	1.2014287726109192e-8	2.2488758077350816e-6	0
3.02	4.393793890471564e-9	2.259030559482815e-7	0	1.1959768580020844e-8	2.2319943583053084e-6	0
3.0300000000000002	4.380329127463085e-9	2.2587813775748253e-7	0	1.1905249433932494e-8	2.2151129088755343e-6	0
3.04	4.366864364454608e-9	2.2585321956668358e-7	0	1.1850730287844147e-8	2.198231459445761e-6	0
3.0500000000000003	4.3533996014461294e-9	2.2582830137588462e-7	0	1.1796211141755797e-8	2.181350010015987e-6	0
3.06	4.339934838437652e-9	2.2580338318508566e-7	0	1.174169199566745e-8	2.164468560586214e-6	0
3.0700000000000003	4.3264700754291734e-9	2.2577846499428673e-7	0	1.16871728495791e-8	2.1475871111564397e-6	0
3.08	4.3130053124206954e-9	2.2575354680348777e-7	0	1.1632653703490751e-8	2.1307056617266665e-6	0
3.0900000000000003	4.2995405494122174e-9	2.257286286126888e-7	0	1.1578134557402401e-8	2.1138242122968924e-6	0
3.1	4.2860757864037394e-9	2.2570371042188985e-7	0	1.1523615411314055e-8	2.096942762867119e-6	0
3.1100000000000003	4.2726110233952615e-9	2.2567879223109092e-7	0	1.1469096265225705e-8	2.080061313437345e-6	0
3.12	4.2591462603867835e-9	2.2565387404029196e-7	0	1.1414577119137359e-8	2.0631798640075714e-6	0
3.1300000000000003	4.2456814973783055e-9	2.25628955849493e-7	0	1.1360057973049007e-8	2.0462984145777978e-6	0
3.14	4.2322167343698275e-9	2.2560403765869405e-7	0	1.1305538826960659e-8	2.029416965148024e-6	0
3.1500000000000004	4.2187519713613495e-9	2.2557911946789512e-7	0	1.125101968087231e-8	2.01253551571825e-6	0
3.16	4.2052872083528715e-9	2.2555420127709616e-7	0	1.1196500534783963e-8	1.995654066288477e-6	0
3.1700000000000004	4.1918224453443935e-9	2.255292830862972e-7	0	1.1141981388695613e-8	1.978772616858703e-6	0
3.18	4.1783576823359155e-9	2.2550436489549824e-7	0	1.1087462242607266e-8	1.9618911674289295e-6	0
3.19	4.1648929193274375e-9	2.254794467046993e-7	0	1.1032943096518917e-8	1.9450097179991563e-6	0
3.2	4.1514281563189595e-9	2.2545452851390035e-7	0	1.0978423950430567e-8	1.928128268569382e-6	0
3.21	4.1379633933104815e-9	2.254296103231014e-7	0	1.092390480434222e-8	1.911246819139609e-6	0
3.22	4.1244986303020035e-9	2.2540469213230244e-7	0	1.086938565825387e-8	1.8943653697098349e-6	0
3.23	4.1110338672935255e-9	2.253797739415035e-7	0	1.0814866512165524e-8	1.8774839202800616e-6	0
3.24	4.0975691042850475e-9	2.2535485575070455e-7	0	1.0760347366077174e-8	1.8606024708502876e-6	0
3.25	4.0841043412765695e-9	2.253299375599056e-7	0	1.0705828219988826e-8	1.8437210214205143e-6	0
3.2600000000000002	4.0706395782680915e-9	2.2530501936910663e-7	0	1.0651309073900476e-8	1.8268395719907402e-6	0
3.27	4.0571748152596135e-9	2.252801011783077e-7	0	1.0596789927812128e-8	1.809958122560967e-6	0
3.2800000000000002	4.0437100522511355e-9	2.2525518298750874e-7	0	1.0542270781723778e-8	1.793076673131193e-6	0
3.29	4.031552508091475e-9	2.2523026479670978e-7	0	1.0487751635635432e-8	1.7761952237014197e-6	0
3.3000000000000003	4.0202202391267444e-9	2.2520534660591083e-7	0	1.0433232489547082e-8	1.7593137742716456e-6	0
3.31	4.008887970162015e-9	2.251804284151119e-7	0	1.0378713343458734e-8	1.7424323248418724e-6	0
3.3200000000000003	3.9975557011972855e-9	2.2515551022431294e-7	0	1.0324194197370384e-8	1.7255508754120983e-6	0
3.33	3.986223432232555e-9	2.2513059203351398e-7	0	1.0269675051282036e-8	1.708669425982325e-6	0
3.3400000000000003	3.974891163267825e-9	2.2510567384271502e-7	0	1.0215155905193686e-8	1.691787976552551e-6	0
3.35	3.9635588943030954e-9	2.250807556519161e-7	0	1.016063675910534e-8	1.6749065271227778e-6	0
3.3600000000000003	3.952226625338365e-9	2.2505583746111713e-7	0	1.010611761301699e-8	1.6580250776930037e-6	0
3.37	3.940894356373636e-9	2.2503091927031817e-7	0	1.0051598466928641e-8	1.6411436282632304e-6	0
3.3800000000000003	3.929562087408905e-9	2.2500600107951922e-7	0	9.997079320840292e-9	1.6242621788334564e-6	0
3.39	3.918229818444176e-9	2.2472790965948017e-7	0	9.942560174751944e-9	1.6073807294036831e-6	0
3.4000000000000004	3.906897549479446e-9	2.238329803716361e-7	0	9.888041028663594e-9	1.590499279973909e-6	0
3.41	3.895565280514716e-9	2.2293805108379208e-7	0	9.833521882575247e-9	1.5736178305441356e-6	0
3.4200000000000004	3.884233011549986e-9	2.2204312179594803e-7	0	9.779002736486897e-9	1.5567363811143617e-6	0
3.43	3.872900742585256e-9	2.2114819250810401e-7	0	9.72448359039855e-9	1.5398549316845883e-6	0
3.44	3.861568473620527e-9	2.2025326322026002e-7	0	9.669964444310201e-9	1.522973482254815e-6	0
3.45	3.8502362046557966e-9	2.1935833393241595e-7	0	9.615445298221851e-9	1.506092032825041e-6	0
3.46	3.838903935691067e-9	2.1846340464457193e-7	0	9.560926152133505e-9	1.4892105833952675e-6	0
3.47	3.827571666726337e-9	2.1756847535672788e-7	0	9.506407006045155e-9	1.4723291339654937e-6	0
3.48	3.816239397761607e-9	2.1667354606888386e-7	0	9.451887859956807e-9	1.4554476845357202e-6	0
3.49	3.804907128796877e-9	2.1577861678103982e-7	0	9.397368713868457e-9	1.4385662351059461e-6	0
3.5	3.7935748598321476e-9	2.148836874931958e-7	0	9.342849567780109e-9	1.421684785676173e-6	0
3.5100000000000002	3.782242590867417e-9	2.1398875820535175e-7	0	9.288330421691759e-9	1.4048033362463988e-6	0
3.52	3.770910321902688e-9	2.1309382891750773e-7	0	9.233811275603413e-9	1.3879218868166256e-6	0
3.5300000000000002	3.7595780529379575e-9	2.1219889962966368e-7	0	9.179292129515063e-9	1.3710404373868515e-6	0
3.54	3.748245783973228e-9	2.1130397034181966e-7	0	9.124772983426715e-9	1.3541589879570783e-6	0
3.5500000000000003	3.736913515008498e-9	2.1040904105397562e-7	0	9.070253837338365e-9	1.3372775385273042e-6	0
3.56	3.725581246043768e-9	2.095141117661316e-7	0	9.015734691250018e-9	1.320396089097531e-6	0
3.5700000000000003	3.714248977079038e-9	2.0861918247828755e-7	0	8.961215545161667e-9	1.3035146396677569e-6	0
3.58	3.7029167081143085e-9	2.0772425319044353e-7	0	8.90669639907332e-9	1.2866331902379837e-6	0
3.5900000000000003	3.6915844391495782e-9	2.0682932390259946e-7	0	8.85217725298497e-9	1.2697517408082096e-6	0
3.6	3.6802521701848487e-9	2.0593439461475547e-7	0	8.797658106896624e-9	1.2528702913784363e-6	0
3.6100000000000003	3.6689199012201184e-9	2.0503946532691142e-7	0	8.743138960808272e-9	1.2359888419486623e-6	0
3.62	3.6575876322553886e-9	2.041445360390674e-7	0	8.688619814719926e-9	1.2191073925188888e-6	0
3.6300000000000003	3.6462553632906587e-9	2.0324960675122333e-7	0	8.634100668631576e-9	1.202225943089115e-6	0
3.64	3.6349230943259288e-9	2.0235467746337933e-7	0	8.579581522543228e-9	1.1853444936593415e-6	0
3.6500000000000004	3.623590825361199e-9	2.014597481755353e-7	0	8.525062376454878e-9	1.1684630442295674e-6	0
3.66	3.612258556396469e-9	2.0056481888769127e-7	0	8.470543230366532e-9	1.1515815947997942e-6	0
3.6700000000000004	3.600926287431739e-9	1.996698895998472e-7	0	8.41602408427818e-9	1.1347001453700201e-6	0
3.68	3.5895940184670093e-9	1.9877496031200318e-7	0	8.361504938189834e-9	1.1178186959402469e-6	0
3.69	3.5782617495022794e-9	1.9788003102415918e-7	0	8.306985792101486e-9	1.1009372465104736e-6	0
3.7	3.5669294805375495e-9	1.9698510173631514e-7	0	8.252466646013136e-9	1.0840557970806996e-6	0
3.71	3.5555972115728196e-9	1.9609017244847112e-7	0	8.19794749992479e-9	1.0671743476509263e-6	0
3.72	3.5442649426080897e-9	1.9519524316062704e-7	0	8.14342835383644e-9	1.0502928982211522e-6	0
3.73	3.53293267364336e-9	1.9430031387278302e-7	0	8.088909207748091e-9	1.0421769967013108e-6	0
3.74	3.52160040467863e-9	1.9340538458493898e-7	0	8.034390061659741e-9	1.0353247782897657e-6	0
3.75	3.5102681357139e-9	1.9251045529709498e-7	0	7.979870915571393e-9	1.0284725598782212e-6	0
3.7600000000000002	3.49893586674917e-9	1.916155260092509e-7	0	7.925351769483044e-9	1.021620341466676e-6	0
3.77	3.4876035977844403e-9	1.907205967214069e-7	0	7.870832623394697e-9	1.0147681230551314e-6	0
3.7800000000000002	3.4762713288197104e-9	1.8982566743356285e-7	0	7.816313477306347e-9	1.0079159046435864e-6	0
3.79	3.4649390598549805e-9	1.8893073814571885e-7	0	7.761794331217999e-9	1.0010636862320417e-6	0
3.8000000000000003	3.4536067908902507e-9	1.8803580885787478e-7	0	7.70727518512965e-9	9.942114678204968e-7	0
3.81	3.4422745219255208e-9	1.8714087957003076e-7	0	7.652756039041301e-9	9.873592494089521e-7	0
3.8200000000000003	3.4309422529607905e-9	1.862459502821867e-7	0	7.598236892952951e-9	9.805070309974072e-7	0
3.83	3.419609983996061e-9	1.853510209943427e-7	0	7.543717746864605e-9	9.736548125858625e-7	0
3.8400000000000003	3.4082777150313307e-9	1.8445609170649865e-7	0	7.489198600776255e-9	9.668025941743176e-7	0
3.85	3.3969454460666012e-9	1.8356116241865463e-7	0	7.434679454687907e-9	9.599503757627729e-7	0
3.8600000000000003	3.385613177101871e-9	1.8266623313081058e-7	0	7.380160308599557e-9	9.530981573512279e-7	0
3.87	3.3742809081371415e-9	1.8177130384296656e-7	0	7.32564116251121e-9	9.462459389396832e-7	0
3.8800000000000003	3.362948639172411e-9	1.8087637455512252e-7	0	7.27112201642286e-9	9.393937205281381e-7	0
3.89	3.3516163702076817e-9	1.799814452672785e-7	0	7.2166028703345125e-9	9.325415021165936e-7	0
3.9000000000000004	3.3402841012429514e-9	1.7908651597943445e-7	0	7.162083724246163e-9	9.256892837050485e-7	0
3.91	3.328951832278222e-9	1.7819158669159043e-7	0	7.1075645781578145e-9	9.188370652935038e-7	0
3.9200000000000004	3.3176195633134916e-9	1.7729665740374638e-7	0	7.053045432069465e-9	9.119848468819589e-7	0
3.93	3.306287294348762e-9	1.7640172811590236e-7	0	6.998526285981117e-9	9.051326284704142e-7	0
3.94	3.2949550253840327e-9	1.7550679882805834e-7	0	6.94400713989277e-9	8.982804100588695e-7	0
3.95	3.2836227564193024e-9	1.746118695402143e-7	0	6.88948799380442e-9	8.914281916473245e-7	0
3.96	3.272290487454573e-9	1.7371694025237028e-7	0	6.834968847716073e-9	8.845759732357798e-7	0
3.97	3.2609582184898426e-9	1.7282201096452623e-7	0	6.780449701627723e-9	8.777237548242349e-7	0
3.98	3.2496259495251127e-9	1.719270816766822e-7	0	6.725930555539375e-9	8.708715364126902e-7	0
3.99	3.238293680560383e-9	1.7103215238883817e-7	0	6.671411409451025e-9	8.640193180011453e-7	0
4.	3.226961411595653e-9	1.7013722310099415e-7	0	6.616892263362678e-9	8.571670995896006e-7	0
4.01	3.2156291426309235e-9	1.6924229381315013e-7	0	6.572244718991725e-9	8.503148811780559e-7	0
4.02	3.2042968736661936e-9	1.683473645253061e-7	0	6.552981293322647e-9	8.434626627665112e-7	0
4.03	3.1929646047014633e-9	1.67452435237462e-7	0	6.533717867653567e-9	8.366104443549659e-7	0
4.04	3.1816323357367334e-9	1.6655750594961801e-7	0	6.51445444198449e-9	8.297582259434213e-7	0
4.05	3.170300066772004e-9	1.65662576661774e-7	0	6.4951910163154114e-9	8.229060075318766e-7	0
4.06	3.158967797807274e-9	1.6476764737392997e-7	0	6.475927590646334e-9	8.160537891203319e-7	0
4.07	3.1476355288425438e-9	1.6387271808608587e-7	0	6.456664164977254e-9	8.092015707087866e-7	0
4.08	3.136303259877814e-9	1.6297778879824188e-7	0	6.4374007393081764e-9	8.02349352297242e-7	0
4.09	3.1249709909130844e-9	1.6208285951039786e-7	0	6.418137313639099e-9	7.954971338856973e-7	0
4.1	3.1136387219483546e-9	1.6118793022255384e-7	0	6.398873887970021e-9	7.886449154741527e-7	0
4.109999999999999	3.102306452983625e-9	1.6029300093470982e-7	0	6.379610462300943e-9	7.81792697062608e-7	0
4.12	3.0909741840188944e-9	1.5939807164686572e-7	0	6.360347036631863e-9	7.749404786510626e-7	0
4.13	3.0796419150541645e-9	1.5850314235902173e-7	0	6.341083610962786e-9	7.680882602395179e-7	0
4.14	3.068309646089435e-9	1.576082130711777e-7	0	6.321820185293707e-9	7.612360418279733e-7	0
4.1499999999999995	3.0569773771247055e-9	1.567132837833337e-7	0	6.30255675962463e-9	7.543838234164286e-7	0
4.16	3.045645108159975e-9	1.558183544954896e-7	0	6.28329333395555e-9	7.475316050048834e-7	0
4.17	3.034312839195245e-9	1.549234252076456e-7	0	6.264029908286472e-9	7.406793865933387e-7	0
4.18	3.0229805702305155e-9	1.5402849591980158e-7	0	6.244766482617394e-9	7.33827168181794e-7	0
4.1899999999999995	3.011648301265786e-9	1.5313356663195756e-7	0	6.2255030569483165e-9	7.269749497702493e-7	0
4.199999999999999	3.000316032301056e-9	1.5223863734411354e-7	0	6.206239631279238e-9	7.201227313587047e-7	0
4.21	2.9889837633363254e-9	1.5147396315288854e-7	0	6.186976205610159e-9	7.132705129471594e-7	0
4.22	2.977651494371596e-9	1.509938590135129e-7	0	6.167712779941081e-9	7.064182945356147e-7	0
4.2299999999999995	2.9663192254068665e-9	1.505137548741373e-7	0	6.148449354272003e-9	6.9956607612407e-7	0
4.239999999999999	2.9549869564421366e-9	1.5003365073476167e-7	0	6.129185928602925e-9	6.927138577125253e-7	0
4.25	2.943654687477406e-9	1.49553546595386e-7	0	6.109922502933846e-9	6.8586163930098e-7	0
4.26	2.9323224185126764e-9	1.490734424560104e-7	0	6.0906590772647674e-9	6.790094208894354e-7	0
4.27	2.9209901495479465e-9	1.4859333831663475e-7	0	6.07139565159569e-9	6.721572024778908e-7	0
4.279999999999999	2.909657880583217e-9	1.4811323417725914e-7	0	6.052132225926612e-9	6.653049840663461e-7	0
4.29	2.8983256116184863e-9	1.4763313003788347e-7	0	6.0328688002575325e-9	6.584527656548007e-7	0
4.3	2.886993342653757e-9	1.4715302589850786e-7	0	6.013605374588454e-9	6.51600547243256e-7	0
4.31	2.875661073689027e-9	1.4667292175913225e-7	0	5.994341948919377e-9	6.447483288317114e-7	0
4.319999999999999	2.8643288047242975e-9	1.461928176197566e-7	0	5.975078523250298e-9	6.378961104201667e-7	0
4.33	2.852996535759567e-9	1.4571271348038097e-7	0	5.955815097581219e-9	6.310438920086215e-7	0
4.34	2.8416642667948373e-9	1.4523260934100533e-7	0	5.936551671912141e-9	6.241916735970768e-7	0
4.35	2.8303319978301075e-9	1.447525052016297e-7	0	5.917288246243063e-9	6.173394551855321e-7	0
4.359999999999999	2.818999728865378e-9	1.442724010622541e-7	0	5.898024820573985e-9	6.104872367739874e-7	0
4.37	2.8076674599006473e-9	1.4379229692287843e-7	0	5.878761394904906e-9	6.036350183624421e-7	0
4.38	2.7963351909359174e-9	1.433121927835028e-7	0	5.8594979692358275e-9	5.967827999508974e-7	0
4.39	2.785002921971188e-9	1.4283208864412718e-7	0	5.84023454356675e-9	5.899305815393528e-7	0
4.3999999999999995	2.7736706530064585e-9	1.4235198450475156e-7	0	5.820971117897672e-9	5.830783631278081e-7	0
4.41	2.7623383840417277e-9	1.418718803653759e-7	0	5.8017076922285926e-9	5.762261447162628e-7	0
4.42	2.751006115076998e-9	1.4139177622600028e-7	0	5.782444266559514e-9	5.693739263047182e-7	0
4.43	2.7396738461122684e-9	1.4091167208662464e-7	0	5.763180840890437e-9	5.625217078931735e-7	0
4.4399999999999995	2.7283415771475385e-9	1.4043156794724903e-7	0	5.743917415221358e-9	5.556694894816288e-7	0
4.45	2.717009308182808e-9	1.3995146380787336e-7	0	5.724653989552279e-9	5.488172710700835e-7	0
4.46	2.707345582423807e-9	1.3947135966849775e-7	0	5.705390563883201e-9	5.419650526585388e-7	0
4.47	2.699482218252692e-9	1.389912555291221e-7	0	5.6861271382141234e-9	5.351128342469941e-7	0
4.4799999999999995	2.691618854081577e-9	1.385111513897465e-7	0	5.666863712545045e-9	5.282606158354495e-7	0
4.489999999999999	2.683755489910462e-9	1.3803104725037088e-7	0	5.647600286875968e-9	5.214083974239048e-7	0
4.5	2.6758921257393462e-9	1.3755094311099521e-7	0	5.628336861206888e-9	5.145561790123596e-7	0
4.51	2.6680287615682312e-9	1.370708389716196e-7	0	5.60907343553781e-9	5.077039606008149e-7	0
4.52	2.660165397397116e-9	1.3659073483224396e-7	0	5.589810009868732e-9	5.008517421892702e-7	0
4.529999999999999	2.652302033226001e-9	1.3611063069286835e-7	0	5.570546584199654e-9	4.939995237777254e-7	0
4.54	2.644438669054885e-9	1.3563052655349268e-7	0	5.551283158530574e-9	4.871473053661802e-7	0
4.55	2.63657530488377e-9	1.3515042241411707e-7	0	5.532019732861497e-9	4.802950869546355e-7	0
4.56	2.628711940712655e-9	1.3467031827474145e-7	0	5.512756307192419e-9	4.7344286854309085e-7	0
4.569999999999999	2.62084857654154e-9	1.341902141353658e-7	0	5.493492881523341e-9	4.665906501315462e-7	0
4.58	2.6129852123704242e-9	1.3371010999599017e-7	0	5.474229455854261e-9	4.597384317200009e-7	0
4.59	2.6051218481993092e-9	1.3323000585661453e-7	0	5.4549660301851835e-9	4.528862133084562e-7	0
4.6	2.5972584840281943e-9	1.3274990171723892e-7	0	5.435702604516106e-9	4.4603399489691155e-7	0
4.609999999999999	2.589395119857079e-9	1.322697975778633e-7	0	5.416439178847028e-9	4.3918177648536685e-7	0
4.62	2.5815317556859634e-9	1.3178969343848764e-7	0	5.397175753177948e-9	4.3232955807382156e-7	0
4.63	2.573668391514848e-9	1.3130958929911202e-7	0	5.37791232750887e-9	4.254773396622769e-7	0
4.64	2.5658050273437335e-9	1.3082948515973638e-7	0	5.358648901839793e-9	4.1862512125073225e-7	0
4.6499999999999995	2.557941663172618e-9	1.3034938102036077e-7	0	5.3393854761707144e-9	4.1177290283918755e-7	0
4.66	2.5500782990015027e-9	1.298692768809851e-7	0	5.3201220505016344e-9	4.059823018623555e-7	0
4.67	2.5422149348303873e-9	1.293891727416095e-7	0	5.300858624832557e-9	4.0329328907713646e-7	0
4.68	2.5343515706592723e-9	1.2890906860223385e-7	0	5.2815951991634794e-9	4.006042762919175e-7	0
4.6899999999999995	2.5264882064881573e-9	1.2842896446285824e-7	0	5.262331773494401e-9	3.979152635066985e-7	0
4.7	2.5186248423170414e-9	1.2794886032348257e-7	0	5.243068347825321e-9	3.9522625072147935e-7	0
4.71	2.5107614781459265e-9	1.2746875618410696e-7	0	5.223804922156244e-9	3.925372379362604e-7	0
4.72	2.5028981139748115e-9	1.2698865204473134e-7	0	5.204541496487166e-9	3.898482251510414e-7	0
4.7299999999999995	2.4950347498036965e-9	1.265085479053557e-7	0	5.185278070818088e-9	3.871592123658224e-7	0
4.739999999999999	2.487171385632581e-9	1.260284437659801e-7	0	5.1660146451490095e-9	3.8447019958060343e-7	0
4.75	2.4793080214614657e-9	1.2554833962660442e-7	0	5.14675121947993e-9	3.817811867953842e-7	0
4.76	2.4714446572903503e-9	1.250682354872288e-7	0	5.127487793810853e-9	3.7909217401016523e-7	0
4.77	2.4635812931192353e-9	1.245881313478532e-7	0	5.1082243681417745e-9	3.7640316122494626e-7	0
4.779999999999999	2.4557179289481203e-9	1.2410802720847755e-7	0	5.088960942472697e-9	3.737141484397273e-7	0
4.79	2.4478545647770045e-9	1.2362792306910189e-7	0	5.069697516803617e-9	3.7102513565450806e-7	0
4.8	2.4399912006058895e-9	1.2314781892972627e-7	0	5.0504340911345395e-9	3.683361228692891e-7	0
4.81	2.4321278364347745e-9	1.2266771479035066e-7	0	5.031170665465461e-9	3.6564711008407013e-7	0
4.819999999999999	2.4242644722636595e-9	1.2218761065097502e-7	0	5.011907239796384e-9	3.629580972988511e-7	0
4.83	2.4164011080925437e-9	1.2170750651159938e-7	0	4.992643814127304e-9	3.6026908451363193e-7	0
4.84	2.4085377439214287e-9	1.2122740237222374e-7	0	4.973380388458226e-9	3.5758007172841297e-7	0
4.85	2.4006743797503133e-9	1.2074729823284812e-7	0	4.954116962789148e-9	3.54891058943194e-7	0
4.859999999999999	2.3928110155791987e-9	1.202671940934725e-7	0	4.9348535371200704e-9	3.5220204615797503e-7	0
4.87	2.3849476514080825e-9	1.1978708995409684e-7	0	4.915590111450991e-9	3.495130333727558e-7	0
4.88	2.3770842872369675e-9	1.1930698581472123e-7	0	4.896326685781913e-9	3.4682402058753684e-7	0
4.89	2.3692209230658525e-9	1.1882688167534559e-7	0	4.877063260112835e-9	3.441350078023178e-7	0
4.8999999999999995	2.3613575588947375e-9	1.1834677753596998e-7	0	4.857799834443757e-9	3.4144599501709885e-7	0
4.91	2.3534941947236217e-9	1.1786667339659431e-7	0	4.838536408774678e-9	3.3875698223187967e-7	0
4.92	2.3456308305525067e-9	1.1738656925721868e-7	0	4.8192729831056e-9	3.360679694466607e-7	0
4.93	2.3377674663813917e-9	1.1690646511784307e-7	0	4.800009557436521e-9	3.3337895666144174e-7	0
4.9399999999999995	2.3299041022102767e-9	1.1642636097846744e-7	0	4.780746131767444e-9	3.3068994387622277e-7	0
4.95	2.322040738039161e-9	1.1594625683909179e-7	0	4.761482706098365e-9	3.280009310910035e-7	0
4.96	2.314177373868046e-9	1.1546615269971616e-7	0	4.742219280429286e-9	3.253119183057845e-7	0
4.97	2.306314009696931e-9	1.1498604856034053e-7	0	4.722955854760208e-9	3.2262290552056555e-7	0
4.9799999999999995	2.2984506455258155e-9	1.1450594442096492e-7	0	4.7036924290911305e-9	3.199338927353466e-7	0
4.989999999999999	2.2905872813547005e-9	1.1406019964340297e-7	0	4.684429003422053e-9	3.172448799501276e-7	0
5.	2.2827239171835847e-9	1.1373079445935048e-7	0	4.665165577752973e-9	3.1455586716490844e-7	0
5.01	2.2748605530124697e-9	1.1340138927529801e-7	0	4.645902152083895e-9	3.118668543796894e-7	0
5.02	2.2669971888413547e-9	1.1307198409124554e-7	0	4.626638726414817e-9	3.0917784159447046e-7	0
5.029999999999999	2.2591338246702397e-9	1.1274257890719309e-7	0	4.60737530074574e-9	3.064888288092515e-7	0
5.04	2.251270460499124e-9	1.124131737231406e-7	0	4.58811187507666e-9	3.0379981602403226e-7	0
5.05	2.243407096328009e-9	1.1208376853908813e-7	0	4.5688484494075814e-9	3.011108032388133e-7	0
5.06	2.235543732156894e-9	1.1175436335503566e-7	0	4.549585023738504e-9	2.984217904535943e-7	0
5.069999999999999	2.2276803679857785e-9	1.114249581709832e-7	0	4.5303215980694264e-9	2.9573277766837536e-7	0
5.08	2.219817003814663e-9	1.110955529869307e-7	0	4.5110581724003465e-9	2.9304376488315613e-7	0
5.09	2.2119536396435477e-9	1.1076614780287824e-7	0	4.491794746731268e-9	2.9035475209793716e-7	0
5.1	2.2040902754724327e-9	1.1043674261882578e-7	0	4.472531321062191e-9	2.876657393127182e-7	0
5.109999999999999	2.1962269113013177e-9	1.1010733743477332e-7	0	4.453267895393113e-9	2.849767265274992e-7	0
5.12	2.188363547130202e-9	1.0977793225072082e-7	0	4.434004469724033e-9	2.8228771374228e-7	0
5.13	2.180500182959087e-9	1.0944852706666836e-7	0	4.414741044054955e-9	2.7959870095706103e-7	0
5.14	2.172636818787972e-9	1.091191218826159e-7	0	4.395477618385877e-9	2.7690968817184206e-7	0
5.1499999999999995	2.164773454616857e-9	1.0878971669856344e-7	0	4.3762141927168e-9	2.742206753866231e-7	0
5.16	2.156910090445741e-9	1.0846031151451094e-7	0	4.35695076704772e-9	2.7153166260140387e-7	0
5.17	2.149046726274626e-9	1.0813090633045848e-7	0	4.3376873413786415e-9	2.6884264981618485e-7	0
5.18	2.141183362103511e-9	1.0780150114640601e-7	0	4.318423915709564e-9	2.661536370309659e-7	0
5.1899999999999995	2.133319997932396e-9	1.0747209596235356e-7	0	4.2991604900404865e-9	2.634646242457469e-7	0
5.2	2.1254566337612803e-9	1.0714269077830106e-7	0	4.2798970643714066e-9	2.6077561146052773e-7	0
5.21	2.1175932695901653e-9	1.068132855942486e-7	0	4.260633638702328e-9	2.5808659867530877e-7	0
5.22	2.10972990541905e-9	1.0648388041019613e-7	0	4.241370213033251e-9	2.5539758589008975e-7	0
5.2299999999999995	2.101866541247935e-9	1.0615447522614368e-7	0	4.222106787364173e-9	2.527085731048708e-7	0
5.239999999999999	2.09400317707682e-9	1.0582507004209121e-7	0	4.202843361695095e-9	2.500195603196518e-7	0
5.25	2.086139812905704e-9	1.0549566485803872e-7	0	4.183579936026015e-9	2.473305475344326e-7	0
5.26	2.078276448734589e-9	1.0516625967398625e-7	0	4.1643165103569374e-9	2.446415347492136e-7	0
5.27	2.070413084563474e-9	1.0483685448993378e-7	0	4.14505308468786e-9	2.4195252196399465e-7	0
5.279999999999999	2.062549720392359e-9	1.0450744930588132e-7	0	4.125789659018782e-9	2.392635091787757e-7	0
5.29	2.0546863562212433e-9	1.0417804412182882e-7	0	4.106526233349702e-9	2.3657449639355645e-7	0
5.3	2.0468229920501283e-9	1.0384863893777637e-7	0	4.087262807680624e-9	2.3388548360833749e-7	0
5.31	2.038959627879013e-9	1.035192337537239e-7	0	4.067999382011547e-9	2.3119647082311852e-7	0
5.319999999999999	2.031096263707898e-9	1.0318982856967145e-7	0	4.048735956342468e-9	2.2850745803789955e-7	0
5.33	2.023232899536782e-9	1.0286042338561896e-7	0	4.029472530673388e-9	2.2581844525268032e-7	0
5.34	2.015369535365667e-9	1.0253101820156649e-7	0	4.010209105004312e-9	2.2312943246746135e-7	0
5.35	2.007506171194552e-9	1.0220161301751402e-7	0	3.990945679335233e-9	2.204404196822424e-7	0
5.359999999999999	1.999642807023437e-9	1.0187220783346156e-7	0	3.971682253666155e-9	2.177514068970234e-7	0
5.37	1.9917794428523213e-9	1.0154280264940906e-7	0	3.952418827997076e-9	2.150623941118042e-7	0
5.38	1.9839160786812063e-9	1.012133974653566e-7	0	3.933155402327998e-9	2.1237338132658522e-7	0
5.39	1.9760527145100913e-9	1.0088399228130414e-7	0	3.91389197665892e-9	2.0968436854136623e-7	0
5.3999999999999995	1.9681893503389763e-9	1.0055458709725168e-7	0	3.894628550989842e-9	2.0699535575614726e-7	0
5.41	1.9603259861678605e-9	1.0022518191319918e-7	0	3.8753651253207626e-9	2.0430634297092806e-7	0
5.42	1.9524626219967455e-9	9.989577672914672e-8	0	3.856101699651685e-9	2.0161733018570907e-7	0
5.43	1.9445992578256305e-9	9.956637154509426e-8	0	3.836838273982607e-9	1.989283174004901e-7	0
5.4399999999999995	1.936735893654515e-9	9.92369663610418e-8	0	3.8175748483135284e-9	1.9623930461527113e-7	0
5.45	1.9288725294833997e-9	9.89075611769893e-8	0	3.798311422644449e-9	1.935502918300519e-7	0
5.46	1.9210091653122843e-9	9.857815599293684e-8	0	3.779047996975372e-9	1.9086127904483293e-7	0
5.47	1.9131458011411693e-9	9.824875080888437e-8	0	3.7597845713062935e-9	1.8817226625961397e-7	0
5.4799999999999995	1.9052824369700543e-9	9.791934562483192e-8	0	3.740521145637215e-9	1.8601198480074006e-7	0
5.489999999999999	1.8974190727989394e-9	9.758994044077945e-8	0	3.7212577199681376e-9	1.849155362515005e-7	0
5.5	1.8895557086278235e-9	9.726053525672696e-8	0	3.701994294299058e-9	1.8381908770226084e-7	0
5.51	1.8816923444567085e-9	9.693113007267449e-8	0	3.68273086862998e-9	1.8272263915302127e-7	0
5.52	1.8738289802855936e-9	9.660172488862204e-8	0	3.6634674429609022e-9	1.816261906037817e-7	0
5.529999999999999	1.865965616114478e-9	9.627231970456957e-8	0	3.6442040172918243e-9	1.8052974205454213e-7	0
5.54	1.8581022519433625e-9	9.594291452051708e-8	0	3.6249405916227448e-9	1.7943329350530245e-7	0
5.55	1.8502388877722475e-9	9.561350933646461e-8	0	3.605677165953667e-9	1.7833684495606288e-7	0
5.56	1.8423755236011326e-9	9.528410415241215e-8	0	3.586413740284589e-9	1.772403964068233e-7	0
5.569999999999999	1.8345121594300174e-9	9.495469896835968e-8	0	3.567150314615511e-9	1.7614394785758373e-7	0
5.58	1.8266487952589017e-9	9.462529378430719e-8	0	3.5478868889464315e-9	1.7504749930834408e-7	0
5.59	1.8195085663837832e-9	9.429588860025473e-8	0	3.5286234632773536e-9	1.739510507591045e-7	0
5.6	1.8144810269028505e-9	9.396648341620227e-8	0	3.5093600376082756e-9	1.7285460220986494e-7	0
5.609999999999999	1.8094534874219177e-9	9.36370782321498e-8	0	3.4900966119391977e-9	1.7175815366062537e-7	0
5.62	1.8044259479409846e-9	9.33076730480973e-8	0	3.470833186270118e-9	1.706617051113857e-7	0
5.63	1.7993984084600519e-9	9.297826786404485e-8	0	3.4515697606010403e-9	1.6956525656214612e-7	0
5.64	1.7943708689791192e-9	9.264886267999239e-8	0	3.4323063349319623e-9	1.6846880801290655e-7	0
5.6499999999999995	1.7893433294981864e-9	9.231945749593992e-8	0	3.4130429092628844e-9	1.6737235946366698e-7	0
5.66	1.7843157900172533e-9	9.199005231188743e-8	0	3.393779483593805e-9	1.662759109144273e-7	0
5.67	1.7792882505363206e-9	9.166064712783496e-8	0	3.374516057924727e-9	1.6517946236518773e-7	0
5.68	1.7742607110553878e-9	9.13312419437825e-8	0	3.355252632255649e-9	1.6408301381594816e-7	0
5.6899999999999995	1.7692331715744551e-9	9.100183675973004e-8	0	3.335989206586571e-9	1.6298656526670859e-7	0
5.7	1.764205632093522e-9	9.067243157567755e-8	0	3.3167257809174916e-9	1.618901167174689e-7	0
5.71	1.7591780926125893e-9	9.034302639162508e-8	0	3.2974623552484137e-9	1.6079366816822934e-7	0
5.72	1.7541505531316565e-9	9.001362120757263e-8	0	3.278198929579336e-9	1.5969721961898977e-7	0
5.7299999999999995	1.7491230136507238e-9	8.968421602352016e-8	0	3.258935503910258e-9	1.586007710697502e-7	0
5.739999999999999	1.744095474169791e-9	8.935481083946769e-8	0	3.2396720782411803e-9	1.5750432252051062e-7	0
5.75	1.739067934688858e-9	8.90254056554152e-8	0	3.2204086525721004e-9	1.5640787397127094e-7	0
5.76	1.7340403952079252e-9	8.869600047136273e-8	0	3.201145226903023e-9	1.5531142542203137e-7	0
5.77	1.7290128557269925e-9	8.836659528731028e-8	0	3.1818818012339445e-9	1.542149768727918e-7	0
5.779999999999999	1.7239853162460598e-9	8.803719010325781e-8	0	3.162618375564867e-9	1.5311852832355223e-7	0
5.79	1.7189577767651266e-9	8.770778491920532e-8	0	3.143354949895787e-9	1.5202207977431255e-7	0
5.8	1.713930237284194e-9	8.737837973515285e-8	0	3.1240915242267096e-9	1.5092563122507298e-7	0
5.81	1.7089026978032612e-9	8.704897455110039e-8	0	3.1048280985576312e-9	1.498291826758334e-7	0
5.819999999999999	1.7038751583223285e-9	8.671956936704793e-8	0	3.0855646728885537e-9	1.4873273412659384e-7	0
5.83	1.6988476188413953e-9	8.639016418299544e-8	0	3.0663012472194738e-9	1.476362855773542e-7	0
5.84	1.6938200793604626e-9	8.606075899894297e-8	0	3.0470378215503963e-9	1.4653983702811462e-7	0
5.85	1.6887925398795299e-9	8.574057571700182e-8	0	3.027774395881318e-9	1.4544338847887505e-7	0
5.859999999999999	1.6837650003985972e-9	8.54391156908624e-8	0	3.0085109702122404e-9	1.4434693992963547e-7	0
5.87	1.678737460917664e-9	8.513765566472295e-8	0	2.9892475445431605e-9	1.432504913803958e-7	0
5.88	1.6737099214367313e-9	8.483619563858351e-8	0	2.969984118874083e-9	1.4215404283115622e-7	0
5.89	1.6686823819557986e-9	8.45347356124441e-8	0	2.9507206932050046e-9	1.4105759428191665e-7	0
5.8999999999999995	1.6636548424748659e-9	8.423327558630467e-8	0	2.931457267535927e-9	1.3996114573267708e-7	0
5.91	1.6586273029939327e-9	8.393181556016522e-8	0	2.912193841866847e-9	1.388646971834374e-7	0
5.92	1.653599763513e-9	8.36303555340258e-8	0	2.8929304161977697e-9	1.3776824863419783e-7	0
5.93	1.6485722240320673e-9	8.332889550788638e-8	0	2.8736669905286913e-9	1.3667180008495826e-7	0
5.9399999999999995	1.6435446845511346e-9	8.302743548174695e-8	0	2.854403564859614e-9	1.355753515357187e-7	0
5.95	1.6385171450702014e-9	8.27259754556075e-8	0	2.835140139190534e-9	1.3447890298647904e-7	0
5.96	1.6334896055892687e-9	8.242451542946808e-8	0	2.8158767135214564e-9	1.3338245443723947e-7	0
5.97	1.628462066108336e-9	8.212305540332866e-8	0	2.7966132878523785e-9	1.322860058879999e-7	0
5.9799999999999995	1.6234345266274035e-9	8.182159537718924e-8	0	2.7773498621833006e-9	1.3118955733876033e-7	0
5.989999999999999	1.6184069871464707e-9	8.15201353510498e-8	0	2.7580864365142226e-9	1.3009310878952075e-7	0
6.	1.6133794476655374e-9	8.121867532491036e-8	0	2.738823010845143e-9	1.2899666024028108e-7	0
6.01	1.6083519081846049e-9	8.091721529877094e-8	0	2.719559585176065e-9	1.279002116910415e-7	0
6.02	1.6033243687036721e-9	8.061575527263151e-8	0	2.7002961595069873e-9	1.2680376314180193e-7	0
6.029999999999999	1.5982968292227394e-9	8.031429524649209e-8	0	2.6810327338379093e-9	1.2570731459256236e-7	0
6.04	1.5932692897418063e-9	8.001283522035264e-8	0	2.6617693081688298e-9	1.2461086604332268e-7	0
6.05	1.5882417502608736e-9	7.971137519421322e-8	0	2.642505882499752e-9	1.2351441749408311e-7	0
6.06	1.5832142107799408e-9	7.94099151680738e-8	0	2.623242456830674e-9	1.2241796894484354e-7	0
6.069999999999999	1.5781866712990081e-9	7.910845514193438e-8	0	2.603979031161596e-9	1.2132152039560397e-7	0
6.08	1.573159131818075e-9	7.880699511579492e-8	0	2.5847156054925165e-9	1.202250718463643e-7	0
6.09	1.5681315923371423e-9	7.850553508965551e-8	0	2.5654521798234386e-9	1.1912862329712472e-7	0
6.1	1.5631040528562095e-9	7.820407506351607e-8	0	2.5461887541543607e-9	1.1803217474788515e-7	0
6.109999999999999	1.5580765133752768e-9	7.790261503737665e-8	0	2.5269253284852827e-9	1.1693572619864558e-7	0
6.12	1.5530489738943437e-9	7.76011550112372e-8	0	2.507661902816203e-9	1.1583927764940591e-7	0
6.13	1.548021434413411e-9	7.729969498509778e-8	0	2.4883984771471253e-9	1.1474282910016634e-7	0
6.14	1.5429938949324782e-9	7.699823495895836e-8	0	2.4691350514780474e-9	1.1364638055092677e-7	0
6.1499999999999995	1.5379663554515455e-9	7.669677493281894e-8	0	2.4498716258089694e-9	1.125499320016872e-7	0
6.16	1.5329388159706124e-9	7.639531490667949e-8	0	2.43060820013989e-9	1.1145348345244752e-7	0
6.17	1.5279112764896796e-9	7.609385488054007e-8	0	2.411344774470812e-9	1.1035703490320795e-7	0
6.18	1.522883737008747e-9	7.579239485440065e-8	0	2.392081348801734e-9	1.0926058635396838e-7	0
6.1899999999999995	1.5178561975278142e-9	7.549093482826121e-8	0	2.372817923132656e-9	1.0816413780472881e-7	0
6.2	1.512828658046881e-9	7.518947480212176e-8	0	2.3535544974635766e-9	1.0706768925548914e-7	0
6.21	1.5078011185659483e-9	7.488801477598234e-8	0	2.3342910717944987e-9	1.0597124070624957e-7	0
6.22	1.5027735790850156e-9	7.458655474984292e-8	0	2.3150276461254208e-9	1.0487479215701e-7	0
6.2299999999999995	1.4977460396040829e-9	7.42850947237035e-8	0	2.295764220456343e-9	1.0377834360777043e-7	0
6.24	1.4927185001231497e-9	7.398363469756405e-8	0	2.2765007947872633e-9	1.0268189505853075e-7	0
6.25	1.487690960642217e-9	7.368217467142463e-8	0	2.2572373691181854e-9	1.0158544650929118e-7	0
6.26	1.4826634211612843e-9	7.33807146452852e-8	0	2.2379739434491075e-9	1.0064863989874895e-7	0
6.27	1.4776358816803516e-9	7.307925461914578e-8	0	2.21871051778003e-9	1.0009891031765095e-7	0
6.279999999999999	1.4726083421994189e-9	7.277779459300635e-8	0	2.1994470921109516e-9	9.954918073655299e-8	0
6.29	1.4675808027184857e-9	7.24763345668669e-8	0	2.180183666441872e-9	9.899945115545494e-8	0
6.3	1.462553263237553e-9	7.217487454072748e-8	0	2.160920240772794e-9	9.844972157435698e-8	0
6.31	1.4575257237566203e-9	7.187341451458806e-8	0	2.1416568151037167e-9	9.789999199325899e-8	0
6.319999999999999	1.4524981842756875e-9	7.157195448844864e-8	0	2.1223933894346388e-9	9.735026241216102e-8	0
6.33	1.4474706447947544e-9	7.127049446230919e-8	0	2.103129963765559e-9	9.680053283106298e-8	0
6.34	1.4424431053138217e-9	7.096903443616977e-8	0	2.083866538096481e-9	9.625080324996501e-8	0
6.35	1.437415565832889e-9	7.066757441003034e-8	0	2.0646031124274034e-9	9.570107366886702e-8	0
6.359999999999999	1.4323880263519562e-9	7.036611438389092e-8	0	2.0453396867583255e-9	9.515134408776904e-8	0
6.37	1.427360486871023e-9	7.006465435775147e-8	0	2.026076261089246e-9	9.460161450667101e-8	0
6.38	1.4223329473900904e-9	6.976319433161205e-8	0	2.006812835420168e-9	9.405188492557305e-8	0
6.39	1.4173054079091577e-9	6.946173430547262e-8	0	1.98754940975109e-9	9.350215534447506e-8	0
6.3999999999999995	1.4122778684282251e-9	6.91602742793332e-8	0	1.968285984082012e-9	9.295242576337708e-8	0
6.41	1.4072503289472918e-9	6.885881425319375e-8	0	1.9490225584129326e-9	9.240269618227905e-8	0
6.42	1.4022227894663593e-9	6.855735422705433e-8	0	1.9297591327438547e-9	9.185296660118107e-8	0
6.43	1.3971952499854266e-9	6.82558942009149e-8	0	1.9104957070747768e-9	9.130323702008309e-8	0
6.4399999999999995	1.3921677105044938e-9	6.795443417477548e-8	0	1.891232281405699e-9	9.075350743898511e-8	0
6.45	1.3871401710235607e-9	6.765297414863603e-8	0	1.8719688557366193e-9	9.020377785788708e-8	0
6.46	1.382112631542628e-9	6.735151412249661e-8	0	1.8527054300675414e-9	8.96540482767891e-8	0
6.47	1.3770850920616952e-9	6.705005409635719e-8	0	1.8334420043984635e-9	8.910431869569113e-8	0
6.4799999999999995	1.3720575525807625e-9	6.674859407021777e-8	0	1.8141785787293856e-9	8.855458911459315e-8	0
6.49	1.3670300130998294e-9	6.64471340440783e-8	0	1.8002173093949439e-9	8.800485953349512e-8	0
6.5	1.3620024736188967e-9	6.614567401793888e-8	0	1.7938231952177046e-9	8.745512995239714e-8	0
6.51	1.356974934137964e-9	6.584421399179946e-8	0	1.787429081040465e-9	8.690540037129916e-8	0
6.52	1.3519473946570312e-9	6.554275396566004e-8	0	1.7810349668632257e-9	8.635567079020117e-8	0
6.529999999999999	1.3469198551760985e-9	6.524129393952062e-8	0	1.7746408526859864e-9	8.58059412091032e-8	0
6.54	1.3418923156951654e-9	6.493983391338117e-8	0	1.7682467385087463e-9	8.525621162800516e-8	0
6.55	1.3368647762142326e-9	6.463837388724175e-8	0	1.761852624331507e-9	8.47064820469072e-8	0
6.56	1.3318372367333e-9	6.433691386110233e-8	0	1.7554585101542674e-9	8.41567524658092e-8	0
6.569999999999999	1.3268096972523672e-9	6.40354538349629e-8	0	1.749064395977028e-9	8.360702288471124e-8	0
6.58	1.321782157771434e-9	6.373399380882346e-8	0	1.742670281799788e-9	8.30572933036132e-8	0
6.59	1.3167546182905013e-9	6.343253378268402e-8	0	1.7362761676225487e-9	8.250756372251523e-8	0
6.6	1.3117270788095686e-9	6.31310737565446e-8	0	1.7298820534453093e-9	8.195783414141724e-8	0
6.609999999999999	1.3066995393286359e-9	6.282961373040518e-8	0	1.7234879392680698e-9	8.140810456031927e-8	0
6.62	1.3016719998477027e-9	6.252815370426573e-8	0	1.71709382509083e-9	8.085837497922123e-8	0
6.63	1.29664446036677e-9	6.222669367812631e-8	0	1.7106997109135904e-9	8.030864539812326e-8	0
6.64	1.2916169208858373e-9	6.192523365198689e-8	0	1.7043055967363512e-9	7.975891581702527e-8	0
6.6499999999999995	1.2865893814049046e-9	6.162377362584747e-8	0	1.6979114825591117e-9	7.92091862359273e-8	0
6.66	1.2815618419239714e-9	6.132231359970802e-8	0	1.6915173683818718e-9	7.865945665482926e-8	0
6.67	1.2765343024430387e-9	6.100479852210062e-8	0	1.6851232542046323e-9	7.810972707373128e-8	0
6.68	1.271506762962106e-9	6.065693661310577e-8	0	1.6787291400273929e-9	7.755999749263331e-8	0
6.6899999999999995	1.2664792234811733e-9	6.030907470411094e-8	0	1.6723350258501536e-9	7.701026791153533e-8	0
6.7	1.2614516840002401e-9	5.996121279511607e-8	0	1.6659409116729135e-9	7.64605383304373e-8	0
6.71	1.2564241445193074e-9	5.961335088612122e-8	0	1.6595467974956742e-9	7.591080874933932e-8	0
6.72	1.2513966050383747e-9	5.926548897712638e-8	0	1.6531526833184348e-9	7.536107916824134e-8	0
6.7299999999999995	1.246369065557442e-9	5.891762706813154e-8	0	1.6467585691411953e-9	7.481134958714336e-8	0
6.74	1.2413415260765088e-9	5.856976515913667e-8	0	1.6403644549639554e-9	7.426162000604533e-8	0
6.75	1.236313986595576e-9	5.822190325014182e-8	0	1.633970340786716e-9	7.371189042494735e-8	0
6.76	1.2312864471146434e-9	5.787404134114698e-8	0	1.6275762266094767e-9	7.316216084384938e-8	0
6.77	1.2262589076337107e-9	5.752617943215214e-8	0	1.6211821124322372e-9	7.26124312627514e-8	0
6.779999999999999	1.2216406059063137e-9	5.7178317523157296e-8	0	1.6147879982549977e-9	7.206270168165342e-8	0
6.79	1.2190345915942327e-9	5.6830455614162424e-8	0	1.6083938840777576e-9	7.151297210055539e-8	0
6.8	1.216428577282152e-9	5.6482593705167584e-8	0	1.6019997699005184e-9	7.096324251945741e-8	0
6.81	1.2138225629700713e-9	5.6134731796172744e-8	0	1.595605655723279e-9	7.041351293835943e-8	0
6.819999999999999	1.2112165486579905e-9	5.57868698871779e-8	0	1.5892115415460394e-9	6.986378335726145e-8	0
6.83	1.2086105343459094e-9	5.5439007978183026e-8	0	1.5828174273687997e-9	6.931405377616342e-8	0
6.84	1.2060045200338286e-9	5.5091146069188186e-8	0	1.57642331319156e-9	6.876432419506544e-8	0
6.85	1.2033985057217478e-9	5.4743284160193346e-8	0	1.5700291990143208e-9	6.821459461396745e-8	0
6.859999999999999	1.2007924914096672e-9	5.43954222511985e-8	0	1.5636350848370815e-9	6.766486503286949e-8	0
6.87	1.1981864770975862e-9	5.404756034220363e-8	0	1.5572409706598414e-9	6.711513545177144e-8	0
6.88	1.1955804627855054e-9	5.3699698433208794e-8	0	1.550846856482602e-9	6.656540587067348e-8	0
6.89	1.1929744484734246e-9	5.335183652421395e-8	0	1.5444527423053625e-9	6.601567628957549e-8	0
6.8999999999999995	1.1903684341613438e-9	5.30039746152191e-8	0	1.5380586281281232e-9	6.546594670847751e-8	0
6.91	1.1877624198492627e-9	5.265611270622423e-8	0	1.5316645139508831e-9	6.491621712737948e-8	0
6.92	1.1851564055371821e-9	5.2308250797229396e-8	0	1.5252703997736439e-9	6.43664875462815e-8	0
6.93	1.1825503912251013e-9	5.196038888823455e-8	0	1.5188762855964044e-9	6.381675796518352e-8	0
6.9399999999999995	1.1799443769130205e-9	5.161252697923971e-8	0	1.512482171419165e-9	6.326702838408554e-8	0
6.95	1.1773383626009395e-9	5.126466507024484e-8	0	1.506088057241925e-9	6.271729880298751e-8	0
6.96	1.1747323482888587e-9	5.091680316125e-8	0	1.4996939430646856e-9	6.216756922188953e-8	0
6.97	1.172126333976778e-9	5.056894125225515e-8	0	1.4932998288874463e-9	6.161783964079156e-8	0
6.9799999999999995	1.1695203196646973e-9	5.022107934326031e-8	0	1.4869057147102068e-9	6.106811005969358e-8	0
6.99	1.1669143053526162e-9	4.987321743426544e-8	0	1.480511600532967e-9	6.051838047859555e-8	0
7.	1.1643082910405354e-9	4.95253555252706e-8	0	1.4741174863557275e-9	5.996865089749757e-8	0
7.01	1.1617022767284546e-9	4.9177493616275754e-8	0	1.467723372178488e-9	5.941892131639959e-8	0
7.02	1.159096262416374e-9	4.8829631707280914e-8	0	1.4613292580012487e-9	5.886919173530161e-8	0
7.029999999999999	1.1564902481042932e-9	4.8481769798286075e-8	0	1.4549351438240092e-9	5.8319462154203634e-8	0
7.04	1.1538842337922122e-9	4.81339078892912e-8	0	1.4485410296467694e-9	5.7769732573105603e-8	0
7.05	1.1512782194801314e-9	4.7786045980296356e-8	0	1.4421469154695299e-9	5.7220002992007625e-8	0
7.06	1.1486722051680506e-9	4.7438184071301516e-8	0	1.4357528012922904e-9	5.667027341090965e-8	0
7.069999999999999	1.14606619085597e-9	4.709032216230668e-8	0	1.4293586871150511e-9	5.612054382981166e-8	0
7.08	1.143460176543889e-9	4.6742460253311804e-8	0	1.422964572937811e-9	5.557081424871364e-8	0
7.09	1.1408541622318081e-9	4.639459834431696e-8	0	1.4165704587605718e-9	5.502108466761566e-8	0
7.1	1.1382481479197273e-9	4.604673643532212e-8	0	1.4101763445833321e-9	5.4471355086517675e-8	0
7.109999999999999	1.1356421336076465e-9	4.569887452632728e-8	0	1.4037822304060928e-9	5.39216255054197e-8	0
7.12	1.1330361192955655e-9	4.5351012617332406e-8	0	1.3973881162288527e-9	5.337189592432167e-8	0
7.13	1.1304301049834849e-9	4.5003150708337566e-8	0	1.3909940020516135e-9	5.282216634322369e-8	0
7.14	1.127824090671404e-9	4.465528879934273e-8	0	1.3845998878743742e-9	5.227243676212571e-8	0
7.1499999999999995	1.1252180763593232e-9	4.430742689034788e-8	0	1.3782057736971345e-9	5.172270718102773e-8	0
7.16	1.1226120620472422e-9	4.395956498135301e-8	0	1.3718116595198946e-9	5.11729775999297e-8	0
7.17	1.1200060477351614e-9	4.361170307235817e-8	0	1.3654175453426552e-9	5.062324801883172e-8	0
7.18	1.1174000334230806e-9	4.326384116336333e-8	0	1.359023431165416e-9	5.0073518437733744e-8	0
7.1899999999999995	1.114794019111e-9	4.291597925436848e-8	0	1.3526293169881764e-9	4.9523788856635766e-8	0
7.2	1.112188004798919e-9	4.256811734537361e-8	0	1.3462352028109365e-9	4.8974059275537735e-8	0
7.21	1.1095819904868382e-9	4.222025543637877e-8	0	1.339841088633697e-9	4.8424329694439756e-8	0
7.22	1.1069759761747574e-9	4.187239352738393e-8	0	1.3334469744564576e-9	4.787460011334178e-8	0
7.2299999999999995	1.1043699618626765e-9	4.1524531618389084e-8	0	1.3270528602792183e-9	4.7324870532243793e-8	0
7.24	1.1017639475505957e-9	4.117666970939421e-8	0	1.3206587461019782e-9	4.677514095114577e-8	0
7.25	1.099157933238515e-9	4.082880780039937e-8	0	1.314264631924739e-9	4.6225411370047784e-8	0
7.26	1.096551918926434e-9	4.048094589140453e-8	0	1.3078705177474995e-9	4.591607904570593e-8	0
7.27	1.0939459046143533e-9	4.0133083982409686e-8	0	1.30147640357026e-9	4.56702650862971e-8	0
7.279999999999999	1.0913398903022725e-9	3.978522207341485e-8	0	1.2950822893930208e-9	4.542445112688828e-8	0
7.29	1.0887338759901915e-9	3.9437360164419974e-8	0	1.2886881752157807e-9	4.517863716747943e-8	0
7.3	1.0861278616781109e-9	3.9089498255425135e-8	0	1.2822940610385414e-9	4.49328232080706e-8	0
7.31	1.08352184736603e-9	3.8741636346430295e-8	0	1.275899946861302e-9	4.468700924866177e-8	0
7.319999999999999	1.0809158330539492e-9	3.839377443743545e-8	0	1.2695058326840625e-9	4.444119528925295e-8	0
7.33	1.0783098187418682e-9	3.804591252844058e-8	0	1.2631117185068226e-9	4.41953813298441e-8	0
7.34	1.0757038044297874e-9	3.7698050619445736e-8	0	1.256717604329583e-9	4.394956737043527e-8	0
7.35	1.0730977901177068e-9	3.73501887104509e-8	0	1.2503234901523438e-9	4.3703753411026446e-8	0
7.359999999999999	1.070491775805626e-9	3.700232680145606e-8	0	1.2439293759751044e-9	4.345793945161762e-8	0
7.37	1.067885761493545e-9	3.6654464892461185e-8	0	1.2375352617978643e-9	4.3212125492208775e-8	0
7.38	1.0652797471814641e-9	3.630660298346634e-8	0	1.231141147620625e-9	4.296631153279994e-8	0
7.39	1.0626737328693833e-9	3.59587410744715e-8	0	1.2247470334433855e-9	4.2720497573391116e-8	0
7.3999999999999995	1.0600677185573027e-9	3.561087916547666e-8	0	1.218352919266146e-9	4.247468361398229e-8	0
7.41	1.0574617042452217e-9	3.5263017256481787e-8	0	1.2119588050889062e-9	4.2228869654573445e-8	0
7.42	1.054855689933141e-9	3.491515534748694e-8	0	1.2055646909116667e-9	4.198305569516461e-8	0
7.43	1.05224967562106e-9	3.45672934384921e-8	0	1.1991705767344272e-9	4.173724173575579e-8	0
7.4399999999999995	1.0496436613089793e-9	3.421943152949726e-8	0	1.192776462557188e-9	4.149142777634696e-8	0
7.45	1.0470376469968983e-9	3.387156962050239e-8	0	1.1863823483799479e-9	4.1245613816938115e-8	0
7.46	1.0444316326848177e-9	3.352370771150755e-8	0	1.1799882342027086e-9	4.099979985752928e-8	0
7.47	1.0418256183727368e-9	3.31758458025127e-8	0	1.1735941200254691e-9	4.075398589812046e-8	0
7.4799999999999995	1.039219604060656e-9	3.282798389351786e-8	0	1.1672000058482297e-9	4.050817193871163e-8	0
7.49	1.036613589748575e-9	3.248012198452299e-8	0	1.1608058916709898e-9	4.0262357979302785e-8	0
7.5	1.0340075754364942e-9	3.213226007552815e-8	0	1.1544117774937503e-9	4.001654401989396e-8	0
7.51	1.0314015611244134e-9	3.1784398166533305e-8	0	1.148017663316511e-9	3.977073006048513e-8	0
7.52	1.0287955468123328e-9	3.1436536257538465e-8	0	1.1416235491392716e-9	3.95249161010763e-8	0
7.529999999999999	1.026189532500252e-9	3.116960716241993e-8	0	1.135229434962032e-9	3.927910214166748e-8	0
7.54	1.023583518188171e-9	3.098328779609236e-8	0	1.1288353207847922e-9	3.903328818225863e-8	0
7.55	1.0209775038760901e-9	3.079696842976481e-8	0	1.1224412066075527e-9	3.87874742228498e-8	0
7.56	1.0183714895640093e-9	3.0610649063437255e-8	0	1.1160470924303135e-9	3.854166026344097e-8	0
7.569999999999999	1.0157654752519287e-9	3.042432969710971e-8	0	1.109652978253074e-9	3.829584630403215e-8	0
7.58	1.0131594609398477e-9	3.0238010330782134e-8	0	1.103258864075834e-9	3.80500323446233e-8	0
7.59	1.0105534466277669e-9	3.005169096445459e-8	0	1.0968647498985946e-9	3.780421838521447e-8	0
7.6	1.007947432315686e-9	2.9865371598127034e-8	0	1.0904706357213552e-9	3.755840442580565e-8	0
7.609999999999999	1.0053414180036053e-9	2.967905223179948e-8	0	1.0840765215441159e-9	3.731259046639682e-8	0
7.62	1.0027354036915242e-9	2.9492732865471914e-8	0	1.0776824073668758e-9	3.706677650698797e-8	0
7.63	1.0001293893794436e-9	2.930641349914436e-8	0	1.0712882931896365e-9	3.682096254757914e-8	0
7.64	9.975233750673628e-10	2.9120094132816807e-8	0	1.064894179012397e-9	3.657514858817032e-8	0
7.6499999999999995	9.94917360755282e-10	2.8933774766489256e-8	0	1.0585000648351576e-9	3.632933462876149e-8	0
7.66	9.92311346443201e-10	2.8747455400161686e-8	0	1.0521059506579177e-9	3.6083520669352646e-8	0
7.67	9.897053321311202e-10	2.8561136033834136e-8	0	1.0457118364806782e-9	3.583770670994381e-8	0
7.68	9.870993178190396e-10	2.8374816667506586e-8	0	1.0393177223034387e-9	3.559189275053499e-8	0
7.6899999999999995	9.844933035069588e-10	2.8188497301179032e-8	0	1.0329236081261995e-9	3.534607879112616e-8	0
7.7	9.818872891948777e-10	2.8002177934851462e-8	0	1.0265294939489594e-9	3.5100264831717316e-8	0
7.71	9.79281274882797e-10	2.7815858568523912e-8	0	1.0201353797717201e-9	3.4854450872308483e-8	0
7.72	9.766752605707161e-10	2.762953920219636e-8	0	1.0137412655944807e-9	3.4608636912899664e-8	0
7.7299999999999995	9.740692462586355e-10	2.7443219835868805e-8	0	1.0073471514172412e-9	3.436282295349083e-8	0
7.74	9.714632319465545e-10	2.7256900469541238e-8	0	1.0009530372400013e-9	3.4117008994081986e-8	0
7.75	9.688572176344737e-10	2.7070581103213685e-8	0	9.945589230627618e-10	3.387119503467316e-8	0
7.76	9.662512033223929e-10	2.6884261736886134e-8	0	9.881648088855223e-10	3.3625381075264334e-8	0
7.77	9.63645189010312e-10	2.6697942370558584e-8	0	9.81770694708283e-10	3.33795671158555e-8	0
7.779999999999999	9.610391746982312e-10	2.651162300423103e-8	0	9.753765805310436e-10	3.313375315644668e-8	0
7.79	9.584331603861504e-10	2.6325303637903464e-8	0	9.689824663538037e-10	3.288793919703783e-8	0
7.8	9.558271460740696e-10	2.613898427157591e-8	0	9.625883521765642e-10	3.2642125237629004e-8	0
7.81	9.532211317619888e-10	2.5952664905248357e-8	0	9.561942379993248e-10	3.239631127822018e-8	0
7.819999999999999	9.50615117449908e-10	2.5766345538920803e-8	0	9.498001238220855e-10	3.215049731881135e-8	0
7.83	9.48009103137827e-10	2.5580026172593236e-8	0	9.434060096448454e-10	3.19046833594025e-8	0
7.84	9.454030888257464e-10	2.5393706806265683e-8	0	9.370118954676061e-10	3.1658869399993674e-8	0
7.85	9.427970745136656e-10	2.5207387439938133e-8	0	9.306177812903667e-10	3.141305544058485e-8	0
7.859999999999999	9.401910602015847e-10	2.5021068073610582e-8	0	9.242236671131273e-10	3.116724148117602e-8	0
7.87	9.375850458895037e-10	2.4834748707283012e-8	0	9.178295529358873e-10	3.092142752176717e-8	0
7.88	9.34979031577423e-10	2.4648429340955462e-8	0	9.114354387586478e-10	3.0675613562358344e-8	0
7.89	9.32373017265342e-10	2.446210997462791e-8	0	9.050413245814085e-10	3.042979960294952e-8	0
7.8999999999999995	9.297670029532615e-10	2.4275790608300355e-8	0	8.986472104041691e-10	3.018398564354069e-8	0
7.91	9.271609886411805e-10	2.4089471241972788e-8	0	8.922530962269291e-10	2.993817168413185e-8	0
7.92	9.245549743290997e-10	2.3903151875645235e-8	0	8.858589820496897e-10	2.9692357724723018e-8	0
7.93	9.219489600170189e-10	2.371683250931768e-8	0	8.794648678724503e-10	2.944654376531419e-8	0
7.9399999999999995	9.19342945704938e-10	2.353051314299013e-8	0	8.730707536952109e-10	2.9200729805905363e-8	0
7.95	9.16736931392857e-10	2.334419377666256e-8	0	8.667838944466133e-10	2.8954915846496517e-8	0
7.96	9.141309170807764e-10	2.315787441033501e-8	0	8.640882260846229e-10	2.8709101887087688e-8	0
7.97	9.115249027686956e-10	2.297155504400746e-8	0	8.613925577226325e-10	2.8463287927678862e-8	0
7.9799999999999995	9.089188884566148e-10	2.2785235677679907e-8	0	8.586968893606419e-10	2.8217473968270036e-8	0
7.99	9.063128741445338e-10	2.2598916311352337e-8	0	8.560012209986512e-10	2.7971660008861187e-8	0
8.	9.037068598324531e-10	2.2412596945024787e-8	0	8.533055526366608e-10	2.772584604945236e-8	0
8.01	9.011008455203723e-10	2.2226277578697233e-8	0	8.506098842746702e-10	2.7480032090043532e-8	0
8.02	8.984948312082915e-10	2.2039958212369683e-8	0	8.479142159126797e-10	2.7234218130634706e-8	0
8.030000000000001	8.958888168962103e-10	2.1853638846042096e-8	0	8.452185475506887e-10	2.6988404171225837e-8	0
8.040000000000001	8.932828025841295e-10	2.1667319479714546e-8	0	8.425228791886983e-10	2.6742590211817008e-8	0
8.05	8.906767882720487e-10	2.1481000113386992e-8	0	8.398272108267078e-10	2.6496776252408182e-8	0
8.06	8.88070773959968e-10	2.129468074705944e-8	0	8.371315424647174e-10	2.6250962292999356e-8	0
8.07	8.854647596478873e-10	2.110836138073189e-8	0	8.344358741027268e-10	2.600514833359053e-8	0
8.08	8.828587453358065e-10	2.0922042014404335e-8	0	8.317402057407364e-10	2.57593343741817e-8	0
8.09	8.802527310237257e-10	2.0735722648076785e-8	0	8.290445373787459e-10	2.5513520414772875e-8	0
8.1	8.776467167116448e-10	2.054940328174923e-8	0	8.263488690167553e-10	2.526770645536405e-8	0
8.11	8.750407023995641e-10	2.036308391542168e-8	0	8.236532006547649e-10	2.5021892495955224e-8	0
8.12	8.724346880874834e-10	2.0176764549094128e-8	0	8.209575322927744e-10	2.4776078536546394e-8	0
8.129999999999999	8.698286737754026e-10	1.9990445182766577e-8	0	8.182618639307838e-10	2.453026457713757e-8	0
8.14	8.672226594633214e-10	1.980412581643899e-8	0	8.15566195568793e-10	2.42844506177287e-8	0
8.15	8.646166451512406e-10	1.9617806450111437e-8	0	8.128705272068026e-10	2.403863665831987e-8	0
8.16	8.620106308391598e-10	1.9431487083783887e-8	0	8.101748588448119e-10	2.3792822698911045e-8	0
8.17	8.59404616527079e-10	1.9245167717456333e-8	0	8.074791904828215e-10	2.3559541599001586e-8	0
8.18	8.567986022149983e-10	1.9058848351128783e-8	0	8.047835221208311e-10	2.3457783495907176e-8	0
8.19	8.541925879029175e-10	1.887252898480123e-8	0	8.020878537588404e-10	2.335602539281277e-8	0
8.2	8.515865735908367e-10	1.868620961847368e-8	0	7.9939218539685e-10	2.3254267289718362e-8	0
8.209999999999999	8.489805592787559e-10	1.8499890252146126e-8	0	7.966965170348596e-10	2.315250918662395e-8	0
8.22	8.463745449666747e-10	1.8313570885818543e-8	0	7.940008486728685e-10	2.3050751083529528e-8	0
8.23	8.43768530654594e-10	1.812725151949099e-8	0	7.913051803108781e-10	2.2948992980435117e-8	0
8.24	8.411625163425133e-10	1.7940932153163435e-8	0	7.886095119488877e-10	2.2847234877340714e-8	0
8.25	8.385565020304324e-10	1.7754612786835885e-8	0	7.859138435868971e-10	2.2745476774246303e-8	0
8.26	8.359504877183516e-10	1.7568293420508332e-8	0	7.832181752249066e-10	2.2643718671151896e-8	0
8.27	8.333444734062709e-10	1.738197405418078e-8	0	7.805225068629162e-10	2.254196056805749e-8	0
8.28	8.307384590941901e-10	1.7195654687853228e-8	0	7.778268385009257e-10	2.244020246496308e-8	0
8.29	8.281324447821094e-10	1.7009335321525678e-8	0	7.751311701389351e-10	2.2338444361868672e-8	0
8.299999999999999	8.255264304700286e-10	1.6823015955198124e-8	0	7.724355017769447e-10	2.2236686258774265e-8	0
8.31	8.229204161579474e-10	1.663669658887054e-8	0	7.697398334149537e-10	2.213492815567984e-8	0
8.32	8.203144018458666e-10	1.6450377222542987e-8	0	7.670441650529633e-10	2.203317005258543e-8	0
8.33	8.177083875337858e-10	1.6264057856215437e-8	0	7.643484966909727e-10	2.1931411949491024e-8	0
8.34	8.151023732217051e-10	1.6077738489887884e-8	0	7.616528283289822e-10	2.1829653846396617e-8	0
8.35	8.124963589096243e-10	1.5957434819149458e-8	0	7.589571599669918e-10	2.1727895743302206e-8	0
8.36	8.098903445975435e-10	1.58883724609731e-8	0	7.562614916050013e-10	2.16261376402078e-8	0
8.37	8.072843302854627e-10	1.5819310102796743e-8	0	7.535658232430108e-10	2.1524379537113392e-8	0
8.379999999999999	8.04678315973382e-10	1.5750247744620385e-8	0	7.508701548810203e-10	2.1422621434018985e-8	0
8.39	8.020723016613008e-10	1.5681185386444018e-8	0	7.481744865190293e-10	2.1320863330924558e-8	0
8.4	7.994662873492201e-10	1.561212302826766e-8	0	7.454788181570388e-10	2.121910522783015e-8	0
8.41	7.968602730371392e-10	1.5543060670091306e-8	0	7.427831497950484e-10	2.1117347124735744e-8	0
8.42	7.942542587250584e-10	1.547399831191495e-8	0	7.40087481433058e-10	2.1015589021641334e-8	0
8.43	7.916482444129776e-10	1.540493595373859e-8	0	7.373918130710673e-10	2.0913830918546926e-8	0
8.44	7.890422301008969e-10	1.5335873595562234e-8	0	7.346961447090769e-10	2.081207281545252e-8	0
8.45	7.864362157888162e-10	1.5266811237385877e-8	0	7.320004763470865e-10	2.0710314712358112e-8	0
8.459999999999999	7.838302014767354e-10	1.5197748879209523e-8	0	7.29304807985096e-10	2.0608556609263705e-8	0
8.47	7.812241871646542e-10	1.5128686521033155e-8	0	7.26609139623105e-10	2.0506798506169278e-8	0
8.48	7.786181728525734e-10	1.5059624162856798e-8	0	7.239134712611145e-10	2.040504040307487e-8	0
8.49	7.760121585404925e-10	1.499056180468044e-8	0	7.21217802899124e-10	2.030328229998046e-8	0
8.5	7.734061442284118e-10	1.4921499446504083e-8	0	7.185221345371335e-10	2.0201524196886054e-8	0
8.51	7.708001299163311e-10	1.4852437088327727e-8	0	7.158264661751431e-10	2.0099766093791647e-8	0
8.52	7.681941156042503e-10	1.4783374730151371e-8	0	7.131307978131526e-10	1.999800799069724e-8	0
8.53	7.655881012921695e-10	1.4714312371975014e-8	0	7.10435129451162e-10	1.9896249887602833e-8	0
8.54	7.629820869800887e-10	1.4645250013798656e-8	0	7.077394610891716e-10	1.9794491784508422e-8	0
8.549999999999999	7.60376072668008e-10	1.4576187655622302e-8	0	7.050437927271811e-10	1.9692733681414015e-8	0
8.56	7.577700583559267e-10	1.4507125297445932e-8	0	7.023481243651901e-10	1.9590975578319588e-8	0
8.57	7.55164044043846e-10	1.4438062939269576e-8	0	6.996524560031996e-10	1.948921747522518e-8	0
8.58	7.525580297317652e-10	1.436900058109322e-8	0	6.969567876412091e-10	1.9387459372130774e-8	0
8.59	7.499520154196844e-10	1.4299938222916863e-8	0	6.942611192792187e-10	1.9285701269036367e-8	0
8.6	7.473460011076037e-10	1.4230875864740505e-8	0	6.915654509172282e-10	1.918394316594196e-8	0
8.61	7.447399867955229e-10	1.416181350656415e-8	0	6.888697825552377e-10	1.908218506284755e-8	0
8.62	7.421339724834422e-10	1.4092751148387794e-8	0	6.861741141932472e-10	1.8980426959753143e-8	0
8.629999999999999	7.395279581713614e-10	1.4023688790211436e-8	0	6.834784458312568e-10	1.8878668856658735e-8	0
8.64	7.369219438592801e-10	1.3954626432035069e-8	0	6.807827774692657e-10	1.877691075356431e-8	0
8.65	7.343159295471993e-10	1.3885564073858711e-8	0	6.780871091072753e-10	1.86751526504699e-8	0
8.66	7.317099152351186e-10	1.3816501715682354e-8	0	6.753914407452849e-10	1.8573394547375494e-8	0
8.67	7.291039009230379e-10	1.3747439357505998e-8	0	6.726957723832942e-10	1.8471636444281087e-8	0
8.68	7.264978866109571e-10	1.3678376999329642e-8	0	6.700001040213038e-10	1.8369878341186677e-8	0
8.69	7.238918722988763e-10	1.3609314641153285e-8	0	6.673044356593134e-10	1.826812023809227e-8	0
8.7	7.212858579867955e-10	1.3540252282976928e-8	0	6.646087672973228e-10	1.8166362134997863e-8	0
8.709999999999999	7.186798436747148e-10	1.3471189924800572e-8	0	6.619130989353323e-10	1.8064604031903456e-8	0
8.72	7.160738293626335e-10	1.3402127566624203e-8	0	6.592174305733414e-10	1.796284592880903e-8	0
8.73	7.134678150505528e-10	1.3333065208447847e-8	0	6.565217622113508e-10	1.7861087825714622e-8	0
8.74	7.10861800738472e-10	1.3264002850271491e-8	0	6.538260938493604e-10	1.7759329722620215e-8	0
8.75	7.082557864263912e-10	1.3194940492095134e-8	0	6.5113042548737e-10	1.7657571619525804e-8	0
8.76	7.056497721143104e-10	1.3125878133918776e-8	0	6.484347571253794e-10	1.7555813516431397e-8	0
8.77	7.030437578022297e-10	1.305681577574242e-8	0	6.457390887633889e-10	1.745405541333699e-8	0
8.78	7.00437743490149e-10	1.2987753417566065e-8	0	6.430434204013985e-10	1.7352297310242583e-8	0
8.79	6.978317291780682e-10	1.2918691059389707e-8	0	6.40347752039408e-10	1.7250539207148173e-8	0
8.8	6.952257148659869e-10	1.2849628701213338e-8	0	6.37652083677417e-10	1.714878110405375e-8	0
8.81	6.926197005539061e-10	1.2780566343036983e-8	0	6.349564153154265e-10	1.704702300095934e-8	0
8.82	6.900136862418253e-10	1.2711503984860625e-8	0	6.32260746953436e-10	1.694526489786493e-8	0
8.83	6.874076719297446e-10	1.264244162668427e-8	0	6.295650785914456e-10	1.6843506794770525e-8	0
8.84	6.848016576176639e-10	1.2573379268507914e-8	0	6.268694102294551e-10	1.6741748691676117e-8	0
8.85	6.821956433055831e-10	1.2504316910331556e-8	0	6.241737418674646e-10	1.663999058858171e-8	0
8.86	6.795896289935023e-10	1.2435254552155199e-8	0	6.214780735054741e-10	1.65382324854873e-8	0
8.87	6.769836146814216e-10	1.2366192193978843e-8	0	6.187824051434836e-10	1.6436474382392893e-8	0
8.879999999999999	6.743776003693408e-10	1.2297129835802487e-8	0	6.160867367814931e-10	1.6334716279298486e-8	0
8.89	6.717715860572595e-10	1.2228067477626118e-8	0	6.133910684195022e-10	1.623295817620406e-8	0
8.9	6.691655717451788e-10	1.215900511944976e-8	0	6.106954000575116e-10	1.6131200073109652e-8	0
8.91	6.66559557433098e-10	1.2089942761273405e-8	0	6.079997316955211e-10	1.6029441970015245e-8	0
8.92	6.639535431210172e-10	1.2020880403097047e-8	0	6.053040633335307e-10	1.5927683866920834e-8	0
8.93	6.613475288089365e-10	1.1951818044920692e-8	0	6.026083949715403e-10	1.5825925763826427e-8	0
8.94	6.587415144968557e-10	1.1882755686744336e-8	0	5.999127266095497e-10	1.572416766073202e-8	0
8.95	6.56135500184775e-10	1.1813693328567978e-8	0	5.972170582475592e-10	1.5622409557637613e-8	0
8.959999999999999	6.535294858726942e-10	1.1744630970391621e-8	0	5.945213898855688e-10	1.5520651454543206e-8	0
8.97	6.509234715606129e-10	1.1675568612215254e-8	0	5.918257215235777e-10	1.541889335144878e-8	0
8.98	6.483174572485321e-10	1.1606506254038896e-8	0	5.891300531615873e-10	1.5317135248354372e-8	0
8.99	6.457114429364514e-10	1.153744389586254e-8	0	5.864343847995969e-10	1.5215377145259962e-8	0
9.	6.431054286243706e-10	1.1468381537686183e-8	0	5.837387164376063e-10	1.5113619042165555e-8	0
9.01	6.404994143122899e-10	1.1399319179509827e-8	0	5.810430480756158e-10	1.501904602550352e-8	0
9.02	6.378934000002091e-10	1.133025682133347e-8	0	5.783473797136254e-10	1.4960833900787118e-8	0
9.03	6.352873856881283e-10	1.1261194463157114e-8	0	5.756517113516349e-10	1.4902621776070717e-8	0
9.04	6.326813713760476e-10	1.1192132104980758e-8	0	5.729560429896443e-10	1.4844409651354314e-8	0
9.05	6.300753570639663e-10	1.112306974680439e-8	0	5.702603746276534e-10	1.4786197526637902e-8	0
9.06	6.274693427518855e-10	1.1054007388628032e-8	0	5.675647062656629e-10	1.47279854019215e-8	0
9.07	6.248633284398048e-10	1.0984945030451676e-8	0	5.648690379036724e-10	1.46697732772051e-8	0
9.08	6.22257314127724e-10	1.0915882672275319e-8	0	5.62173369541682e-10	1.4611561152488699e-8	0
9.09	6.196512998156433e-10	1.0846820314098963e-8	0	5.594777011796915e-10	1.4553349027772298e-8	0
9.1	6.170452855035625e-10	1.0777757955922605e-8	0	5.56782032817701e-10	1.4495136903055897e-8	0
9.11	6.144392711914818e-10	1.070869559774625e-8	0	5.540863644557105e-10	1.4436924778339496e-8	0
9.12	6.11833256879401e-10	1.0639633239569892e-8	0	5.5139069609372e-10	1.4378712653623095e-8	0
9.129999999999999	6.092272425673201e-10	1.0570570881393536e-8	0	5.486950277317295e-10	1.4320500528906694e-8	0
9.14	6.066212282552389e-10	1.0501508523217167e-8	0	5.459993593697385e-10	1.4262288404190282e-8	0
9.15	6.040152139431582e-10	1.0432446165040812e-8	0	5.43303691007748e-10	1.4204076279473881e-8	0
9.16	6.014091996310774e-10	1.0363383806864454e-8	0	5.406080226457576e-10	1.414586415475748e-8	0
9.17	5.988031853189967e-10	1.0294321448688098e-8	0	5.379123542837672e-10	1.4087652030041077e-8	0
9.18	5.961971710069159e-10	1.0225259090511741e-8	0	5.352166859217766e-10	1.4029439905324676e-8	0
9.19	5.935911566948351e-10	1.0176380633634231e-8	0	5.325210175597861e-10	1.3971227780608276e-8	0
9.2	5.909851423827544e-10	1.0138806421009901e-8	0	5.298253491977957e-10	1.3913015655891875e-8	0
9.209999999999999	5.883791280706735e-10	1.010123220838557e-8	0	5.271296808358051e-10	1.3854803531175474e-8	0
9.22	5.857731137585923e-10	1.0063657995761234e-8	0	5.244340124738142e-10	1.3796591406459063e-8	0
9.23	5.831670994465116e-10	1.0026083783136904e-8	0	5.217383441118237e-10	1.3738379281742662e-8	0
9.24	5.805610851344308e-10	9.988509570512575e-9	0	5.190426757498333e-10	1.368016715702626e-8	0
9.25	5.7795507082235e-10	9.950935357888245e-9	0	5.163470073878427e-10	1.3621955032309858e-8	0
9.26	5.753490565102693e-10	9.913361145263914e-9	0	5.136513390258523e-10	1.3563742907593457e-8	0
9.27	5.727430421981885e-10	9.875786932639584e-9	0	5.109556706638618e-10	1.3505530782877057e-8	0
9.28	5.701370278861077e-10	9.838212720015255e-9	0	5.082600023018712e-10	1.3447318658160656e-8	0
9.29	5.675310135740269e-10	9.800638507390925e-9	0	5.055643339398808e-10	1.3389106533444253e-8	0
9.3	5.649249992619457e-10	9.763064294766589e-9	0	5.028686655778898e-10	1.3330894408727842e-8	0
9.31	5.623189849498649e-10	9.725490082142258e-9	0	5.001729972158993e-10	1.3272682284011441e-8	0
9.32	5.597129706377842e-10	9.687915869517928e-9	0	4.974773288539088e-10	1.321447015929504e-8	0
9.33	5.571069563257034e-10	9.650341656893598e-9	0	4.947816604919184e-10	1.315625803457864e-8	0
9.34	5.545009420136227e-10	9.612767444269269e-9	0	4.920859921299279e-10	1.3098045909862238e-8	0
9.35	5.518949277015419e-10	9.57519323164494e-9	0	4.893903237679374e-10	1.3039833785145836e-8	0
9.36	5.492889133894611e-10	9.537619019020608e-9	0	4.866946554059469e-10	1.2981621660429435e-8	0
9.37	5.466828990773803e-10	9.500044806396278e-9	0	4.839989870439564e-10	1.2923409535713034e-8	0
9.379999999999999	5.440768847652996e-10	9.462470593771949e-9	0	4.81303318681966e-10	1.2865197410996633e-8	0
9.39	5.414708704532183e-10	9.424896381147613e-9	0	4.786076503199749e-10	1.280698528628022e-8	0
9.4	5.388648561411376e-10	9.387322168523283e-9	0	4.759119819579845e-10	1.274877316156382e-8	0
9.41	5.362588418290568e-10	9.349747955898952e-9	0	4.732163135959941e-10	1.2690561036847419e-8	0
9.42	5.336528275169761e-10	9.312173743274622e-9	0	4.705206452340035e-10	1.2632348912131018e-8	0
9.43	5.310468132048953e-10	9.274599530650293e-9	0	4.67824976872013e-10	1.2574136787414617e-8	0
9.44	5.284407988928145e-10	9.237025318025963e-9	0	4.651293085100225e-10	1.2515924662698216e-8	0
9.45	5.258347845807337e-10	9.199451105401633e-9	0	4.6243364014803204e-10	1.2457712537981815e-8	0
9.459999999999999	5.232287702686529e-10	9.161876892777302e-9	0	4.5973797178604157e-10	1.2399500413265414e-8	0
9.47	5.206227559565717e-10	9.124302680152966e-9	0	4.5704230342405057e-10	1.2341288288549002e-8	0
9.48	5.18016741644491e-10	9.086728467528636e-9	0	4.5434663506206015e-10	1.22830761638326e-8	0
9.49	5.154107273324102e-10	9.049154254904307e-9	0	4.516509667000696e-10	1.22248640391162e-8	0
9.5	5.128047130203295e-10	9.011580042279977e-9	0	4.4895529833807914e-10	1.2166651914399799e-8	0
9.51	5.101986987082487e-10	8.974005829655646e-9	0	4.4625962997608866e-10	1.2108439789683396e-8	0
9.52	5.075926843961678e-10	8.936431617031316e-9	0	4.4356396161409813e-10	1.2050227664966995e-8	0
9.53	5.049866700840871e-10	8.898857404406987e-9	0	4.408682932521077e-10	1.1992015540250594e-8	0
9.54	5.023806557720063e-10	8.861283191782657e-9	0	4.381726248901172e-10	1.1933803415534194e-8	0
9.55	4.997746414599251e-10	8.823708979158321e-9	0	4.3547695652812624e-10	1.1875591290817783e-8	0
9.56	4.971686271478444e-10	8.78613476653399e-9	0	4.327812881661357e-10	1.1817379166101382e-8	0
9.57	4.945626128357636e-10	8.74856055390966e-9	0	4.300856198041453e-10	1.175916704138498e-8	0
9.58	4.919565985236828e-10	8.71098634128533e-9	0	4.2738995144215475e-10	1.1700954916668578e-8	0
9.59	4.89350584211602e-10	8.673412128661001e-9	0	4.246942830801643e-10	1.1642742791952177e-8	0
9.6	4.867445698995212e-10	8.635837916036671e-9	0	4.219986147181738e-10	1.1584530667235776e-8	0
9.61	4.841385555874405e-10	8.59826370341234e-9	0	4.193029463561833e-10	1.1526318542519375e-8	0
9.62	4.815325412753597e-10	8.56068949078801e-9	0	4.1660727799419285e-10	1.1468106417802975e-8	0
9.629999999999999	4.78926526963279e-10	8.523115278163681e-9	0	4.139116096322023e-10	1.1409894293086572e-8	0
9.64	4.763205126511977e-10	8.485541065539345e-9	0	4.1121594127021137e-10	1.1351682168370161e-8	0
9.65	4.73714498339117e-10	8.447966852915015e-9	0	4.085202729082209e-10	1.129347004365376e-8	0
9.66	4.711084840270362e-10	8.410392640290684e-9	0	4.058246045462304e-10	1.123525791893736e-8	0
9.67	4.685024697149554e-10	8.372818427666354e-9	0	4.031289361842399e-10	1.1177045794220958e-8	0
9.68	4.658964554028746e-10	8.335244215042025e-9	0	4.004332678222494e-10	1.1118833669504556e-8	0
9.69	4.632904410907939e-10	8.297670002417695e-9	0	3.9773759946025894e-10	1.1060621544788155e-8	0
9.7	4.606844267787131e-10	8.260095789793365e-9	0	3.9504193109826846e-10	1.1002409420071754e-8	0
9.709999999999999	4.5807841246663236e-10	8.222521577169034e-9	0	3.92346262736278e-10	1.0944197295355353e-8	0
9.72	4.5547239815455113e-10	8.184947364544698e-9	0	3.89650594374287e-10	1.0885985170638942e-8	0
9.73	4.5286638384247037e-10	8.147373151920368e-9	0	3.869549260122965e-10	1.082777304592254e-8	0
9.74	4.5026036953038956e-10	8.109798939296039e-9	0	3.8425925765030603e-10	1.0769560921206139e-8	0
9.75	4.476543552183088e-10	8.072224726671708e-9	0	3.8156358928831556e-10	1.0711348796489738e-8	0
9.76	4.4504834090622804e-10	8.034650514047378e-9	0	3.7886792092632503e-10	1.0658221064742723e-8	0
9.77	4.424423265941473e-10	7.997076301423048e-9	0	3.7617225256433455e-10	1.060512402349653e-8	0
9.78	4.398363122820665e-10	7.959502088798719e-9	0	3.7347658420234407e-10	1.0552026982250336e-8	0
9.79	4.3794903202309616e-10	7.921927876174389e-9	0	3.707809158403536e-10	1.0498929941004143e-8	0
9.8	4.366991196980164e-10	7.884353663550051e-9	0	3.680852474783626e-10	1.044583289975794e-8	0
9.81	4.354492073729368e-10	7.846779450925722e-9	0	3.653895791163721e-10	1.0392735858511747e-8	0
9.82	4.3419929504785723e-10	7.809205238301392e-9	0	3.6269391075438165e-10	1.0339638817265553e-8	0
9.83	4.329493827227777e-10	7.771631025677063e-9	0	3.5999824239239117e-10	1.028654177601936e-8	0
9.84	4.3169947039769813e-10	7.734056813052733e-9	0	3.573025740304007e-10	1.0233444734773167e-8	0
9.85	4.3044955807261856e-10	7.696482600428402e-9	0	3.546069056684102e-10	1.0180347693526973e-8	0
9.86	4.29199645747539e-10	7.658908387804072e-9	0	3.519112373064197e-10	1.012725065228078e-8	0
9.87	4.279497334224594e-10	7.621334175179742e-9	0	3.492155689444292e-10	1.0074153611034587e-8	0
9.879999999999999	4.266998210973799e-10	7.583759962555413e-9	0	3.4651990058243873e-10	1.0021056569788394e-8	0
9.89	4.254499087723001e-10	7.546185749931077e-9	0	3.438242322204478e-10	9.96795952854219e-9	0
9.9	4.2419999644722054e-10	7.508611537306745e-9	0	3.4112856385845726e-10	9.914862487295997e-9	0
9.91	4.2295008412214097e-10	7.471037324682416e-9	0	3.384328954964668e-10	9.861765446049804e-9	0
9.92	4.217001717970614e-10	7.433463112058086e-9	0	3.357372271344763e-10	9.80866840480361e-9	0
9.93	4.204502594719818e-10	7.395888899433757e-9	0	3.3304155877248583e-10	9.755571363557417e-9	0
9.94	4.1920034714690225e-10	7.358314686809426e-9	0	3.3034589041049535e-10	9.702474322311224e-9	0
9.95	4.179504348218227e-10	7.320740474185097e-9	0	3.276502220485049e-10	9.649377281065029e-9	0
9.959999999999999	4.1670052249674315e-10	7.283166261560766e-9	0	3.2495455368651435e-10	9.596280239818836e-9	0
9.97	4.1545061017166337e-10	7.24559204893643e-9	0	3.222588853245234e-10	9.543183198572634e-9	0
9.98	4.142006978465838e-10	7.2080178363121e-9	0	3.1956321696253293e-10	9.49008615732644e-9	0
9.99	4.129507855215042e-10	7.17044362368777e-9	0	3.1686754860054245e-10	9.436989116080246e-9	0
10.	4.1170087319642465e-10	7.13286941106344e-9	0	3.141718802385519e-10	9.383892074834052e-9	0
10.01	4.1045096087134513e-10	7.09529519843911e-9	0	3.1147621187656144e-10	9.330795033587859e-9	0
10.02	4.0920104854626556e-10	7.05772098581478e-9	0	3.0878054351457097e-10	9.277697992341666e-9	0
10.03	4.07951136221186e-10	7.02014677319045e-9	0	3.060848751525805e-10	9.224600951095473e-9	0
10.04	4.067012238961064e-10	6.98257256056612e-9	0	3.0338920679059e-10	9.17150390984928e-9	0
10.05	4.0545131157102663e-10	6.944998347941784e-9	0	3.00693538428599e-10	9.118406868603076e-9	0
10.06	4.0420139924594706e-10	6.907424135317454e-9	0	2.9799787006660854e-10	9.065309827356883e-9	0
10.07	4.029514869208675e-10	6.869849922693124e-9	0	2.9530220170461806e-10	9.01221278611069e-9	0
10.08	4.0170157459578796e-10	6.832275710068794e-9	0	2.926065333426276e-10	8.959115744864496e-9	0
10.09	4.004516622707084e-10	6.794701497444464e-9	0	2.8991086498063706e-10	8.906018703618303e-9	0
10.1	3.992017499456288e-10	6.7571272848201346e-9	0	2.872151966186466e-10	8.85292166237211e-9	0