0.1	6.056956101912237e-9	1.9796709701496868e-7	0	7.952901305682561e-10	9.490862260434218e-8	0
0.11	6.649058033615407e-9	2.567925933215917e-7	0	8.283115111588293e-10	9.896366339010108e-8	0
0.12000000000000001	7.2411599653185774e-9	3.156180896282148e-7	0	8.613328917494023e-10	1.0301870417585999e-7	0
0.13	7.963031980741568e-9	4.191928283698405e-7	0	8.943542723399754e-10	1.070737449616189e-7	0
0.14	8.723666488704249e-9	6.80503584563352e-7	0	9.273756529305485e-10	1.111287857473778e-7	0
0.15000000000000002	9.48430099666693e-9	9.208288290014576e-7	0	9.603970335211217e-10	1.1518382653313671e-7	0
0.16	1.0244935504629605e-8	1.030070659431161e-6	0	9.934184141116946e-10	1.1923886731889562e-7	0
0.17	1.1005570012592286e-8	1.1393124898608643e-6	0	1.0264397947022678e-9	1.2329390810465452e-7	0
0.18	1.1766204520554963e-8	1.2485543202905676e-6	0	1.066273219073367e-9	1.2734894889041343e-7	0
0.19	1.2526839028517642e-8	1.357796150720271e-6	0	1.1359184909570923e-9	1.310696466888082e-7	0
0.2	1.3287473536480323e-8	1.4670379811499745e-6	0	1.2055637628408173e-9	1.344652338505748e-7	0
0.21000000000000002	1.4048108044443002e-8	1.5694347258518359e-6	0	1.2752090347245424e-9	1.3786082101234135e-7	0
0.22	1.480874255240568e-8	1.644956922154239e-6	0	1.3448543066082674e-9	1.4125640817410792e-7	0
0.23	1.532986101887858e-8	1.7204791184566424e-6	0	1.4144995784919925e-9	1.446519953358745e-7	0
0.24000000000000002	1.5826129035130682e-8	1.7960013147590456e-6	0	1.4841448503757177e-9	1.4804758249764106e-7	0
0.25	1.6322397051382785e-8	1.8715235110614487e-6	0	1.5537901222594426e-9	1.5144316965940762e-7	0
0.26	1.681866506763489e-8	1.947045707363852e-6	0	1.6234353941431678e-9	1.5483875682117419e-7	0
0.27	1.7314933083886995e-8	2.022567903666255e-6	0	1.693080666026893e-9	1.5823434398294077e-7	0
0.28	1.78112011001391e-8	2.0980900999686585e-6	0	1.7627259379106182e-9	1.6162993114470733e-7	0
0.29000000000000004	1.8307469116391205e-8	2.1608255356307377e-6	0	1.8323712097943432e-9	1.650255183064739e-7	0
0.30000000000000004	1.8803737132643308e-8	2.199176916118247e-6	0	1.9020164816780683e-9	1.6842110546824048e-7	0
0.31	1.930000514889541e-8	2.2375282966057555e-6	0	1.9716617535617933e-9	1.692562748212642e-7	0
0.32	1.9796273165147514e-8	2.2758796770932642e-6	0	2.0410695117999772e-9	1.6923797157137364e-7	0
0.33	2.029254118139962e-8	2.3142310575807733e-6	0	2.110151955139766e-9	1.692196683214831e-7	0
0.33999999999999997	2.078880919765172e-8	2.352582438068282e-6	0	2.1792343984795547e-9	1.6920136507159256e-7	0
0.35	2.1285077213903827e-8	2.3909338185557907e-6	0	2.248316841819343e-9	1.6918306182170203e-7	0
0.36	2.177537001373338e-8	2.4292851990433e-6	0	2.317399285159132e-9	1.691647585718115e-7	0
0.37	2.223862578455701e-8	2.4676365795308086e-6	0	2.386481728498921e-9	1.6914645532192094e-7	0
0.38	2.2701881555380643e-8	2.5059879600183177e-6	0	2.45556417183871e-9	1.691281520720304e-7	0
0.39	2.3165137326204276e-8	2.5867405684326677e-6	0	2.524646615178499e-9	1.6910984882213985e-7	0
0.4	2.362839309702791e-8	2.701353150227446e-6	0	2.5937290585182873e-9	1.6909154557224932e-7	0
0.41000000000000003	2.4091648867851543e-8	2.815965732022224e-6	0	2.6628115018580767e-9	1.6907324232235877e-7	0
0.42000000000000004	2.4554904638675174e-8	2.9305783138170013e-6	0	2.731893945197865e-9	1.6905493907246824e-7	0
0.43000000000000005	2.5018160409498807e-8	3.0451908956117795e-6	0	2.800976388537654e-9	1.6903663582257768e-7	0
0.44000000000000006	2.5481416180322437e-8	3.159803477406557e-6	0	2.870058831877443e-9	1.6901833257268715e-7	0
0.45000000000000007	2.594467195114607e-8	3.274416059201335e-6	0	2.939141275217232e-9	1.690000293227966e-7	0
0.45999999999999996	2.6407927721969698e-8	3.389028640996112e-6	0	3.00822371855702e-9	1.6898172607290607e-7	0
0.47	2.687118349279333e-8	3.5036412227908895e-6	0	3.0773061618968085e-9	1.689634228230155e-7	0
0.48	2.7334439263616965e-8	3.6182538045856672e-6	0	3.1463886052365975e-9	1.6894511957312498e-7	0
0.49	2.77976950344406e-8	3.732866386380445e-6	0	3.2154710485763864e-9	1.6892681632323443e-7	0
0.5	2.8260950805264232e-8	3.847478968175223e-6	0	3.2845534919161753e-9	1.689085130733439e-7	0
0.51	2.8724206576087866e-8	3.962091549970001e-6	0	3.3536359352559642e-9	1.6889020982345334e-7	0
0.52	2.9187462346911496e-8	4.0767041317647786e-6	0	3.422718378595753e-9	1.688719065735628e-7	0
0.53	2.965071811773513e-8	4.2507914881716526e-6	0	3.4918008219355416e-9	1.6885360332367228e-7	0
0.54	3.011397388855876e-8	4.438289823167527e-6	0	3.5608832652753306e-9	1.6883530007378172e-7	0
0.55	3.057722965938239e-8	4.625788158163403e-6	0	3.6299657086151195e-9	1.688169968238912e-7	0
0.56	3.1040485430206027e-8	4.813286493159279e-6	0	3.6633331695663537e-9	1.6879869357400064e-7	0
0.5700000000000001	3.150374120102966e-8	5.000784828155154e-6	0	3.692776342774562e-9	1.687803903241101e-7	0
0.58	3.196699697185329e-8	5.188283163151027e-6	0	3.722219515982769e-9	1.6876208707421955e-7	0
0.59	3.243025274267692e-8	5.375781498146902e-6	0	3.751662689190977e-9	1.6874378382432902e-7	0
0.6	3.2893508513500554e-8	5.563279833142777e-6	0	3.781105862399185e-9	1.6872548057443847e-7	0
0.61	3.335676428432419e-8	5.750778168138653e-6	0	3.810549035607393e-9	1.6870717732454794e-7	0
0.62	3.3820020055147815e-8	5.938276503134528e-6	0	3.839992208815601e-9	1.6853786106975983e-7	0
0.63	3.428327582597145e-8	6.1257748381304035e-6	0	3.869435382023809e-9	1.682175318100742e-7	0
0.64	3.474653159679508e-8	6.312829629245832e-6	0	3.898878555232017e-9	1.6789720255038857e-7	0
0.65	3.5209787367618715e-8	6.488007300896002e-6	0	3.928321728440225e-9	1.6757687329070293e-7	0
0.66	3.567304313844235e-8	6.66318497254617e-6	0	3.957764901648433e-9	1.672565440310173e-7	0
0.67	3.613629890926598e-8	6.838362644196339e-6	0	3.987208074856641e-9	1.6693621477133167e-7	0
0.6799999999999999	3.659955468008961e-8	7.013540315846506e-6	0	4.016651248064848e-9	1.6661588551164604e-7	0
0.69	3.706281045091324e-8	7.188717987496674e-6	0	4.046094421273056e-9	1.662955562519604e-7	0
0.7	3.7534217967964903e-8	7.363895659146844e-6	0	4.075537594481265e-9	1.6597522699227477e-7	0
0.71	3.800651115145819e-8	7.539073330797012e-6	0	4.104980767689472e-9	1.6565489773258914e-7	0
0.72	3.8478804334951477e-8	7.71425100244718e-6	0	4.13442394089768e-9	1.653345684729035e-7	0
0.73	3.895109751844477e-8	7.88942867409735e-6	0	4.163867114105888e-9	1.6501423921321788e-7	0
0.74	3.9423390701938057e-8	8.064606345747518e-6	0	4.193310287314096e-9	1.6469390995353225e-7	0
0.75	3.989568388543134e-8	8.239784017397687e-6	0	4.222753460522304e-9	1.6437358069384661e-7	0
0.76	4.036797706892463e-8	8.414961689047857e-6	0	4.252196633730512e-9	1.6405325143416098e-7	0
0.77	4.0840270252417916e-8	8.590139360698024e-6	0	4.28163980693872e-9	1.6373292217447535e-7	0
0.78	4.131256343591121e-8	8.740339651133056e-6	0	4.311082980146928e-9	1.6341259291478972e-7	0
0.79	4.1784856619404496e-8	8.837218322108812e-6	0	4.340526153355136e-9	1.6309226365510409e-7	0
0.8	4.225714980289778e-8	8.934096993084569e-6	0	4.369969326563343e-9	1.6277193439541845e-7	0
0.8099999999999999	4.272944298639106e-8	9.030975664060324e-6	0	4.399412499771551e-9	1.6245160513573282e-7	0
0.82	4.3201736169884356e-8	9.127854335036081e-6	0	4.42885567297976e-9	1.621312758760472e-7	0
0.83	4.357528936633059e-8	9.224733006011837e-6	0	4.458298846187967e-9	1.6181094661636156e-7	0
0.84	4.3570577781480585e-8	9.321611676987594e-6	0	4.487742019396175e-9	1.6149061735667593e-7	0
0.85	4.3565866196630584e-8	9.41849034796335e-6	0	4.508852427358224e-9	1.611702880969903e-7	0
0.86	4.356115461178059e-8	9.515369018939107e-6	0	4.5237785879424614e-9	1.6084995883730466e-7	0
0.87	4.355644302693059e-8	9.612247689914862e-6	0	4.538704748526699e-9	1.6052962957761903e-7	0
0.88	4.3551731442080586e-8	9.70912636089062e-6	0	4.553630909110937e-9	1.602093003179334e-7	0
0.89	4.3547019857230584e-8	9.806005031866377e-6	0	4.568557069695174e-9	1.5988897105824777e-7	0
0.9	4.354230827238059e-8	9.902883702842132e-6	0	4.583483230279412e-9	1.5956864179856213e-7	0
0.91	4.353759668753059e-8	9.99976237381789e-6	0	4.598409390863649e-9	1.5946394331217583e-7	0
0.92	4.3532885102680586e-8	0.000010096641044793645	0	4.613335551447887e-9	1.6016074034163794e-7	0
0.93	4.3528173517830585e-8	0.000010193519715769402	0	4.628261712032124e-9	1.6085753737110007e-7	0
0.94	4.352346193298059e-8	0.000010242345069622508	0	4.643187872616361e-9	1.615543344005622e-7	0
0.95	4.351875034813059e-8	0.000010267609259044394	0	4.658114033200599e-9	1.6225113143002432e-7	0
0.96	4.3514038763280587e-8	0.000010292873448466278	0	4.6730401937848365e-9	1.6294792845948646e-7	0
0.97	4.3509327178430585e-8	0.000010318137637888163	0	4.687966354369074e-9	1.636447254889486e-7	0
0.98	4.350461559358059e-8	0.000010343401827310047	0	4.702892514953312e-9	1.643415225184107e-7	0
0.99	4.349990400873059e-8	0.000010368666016731931	0	4.717818675537549e-9	1.6503831954787284e-7	0
1.	4.349519242388059e-8	0.000010393930206153815	0	4.732744836121787e-9	1.6573511657733498e-7	0
1.01	4.3490480839030585e-8	0.0000104191943955757	0	4.747670996706024e-9	1.664319136067971e-7	0
1.02	4.348576925418059e-8	0.000010444458584997584	0	4.762597157290261e-9	1.6712871063625922e-7	0
1.03	4.348105766933059e-8	0.000010469722774419468	0	4.777523317874499e-9	1.6782550766572136e-7	0
1.04	4.347634608448059e-8	0.000010494986963841354	0	4.792449478458736e-9	1.685223046951835e-7	0
1.05	4.347166038275251e-8	0.000010520251153263238	0	4.807375639042974e-9	1.692191017246456e-7	0
1.06	4.346698459751788e-8	0.000010545515342685123	0	4.8223017996272116e-9	1.6991589875410774e-7	0
1.07	4.346230881228326e-8	0.000010570779532107007	0	4.837227960211449e-9	1.7061269578356988e-7	0
1.08	4.3457633027048644e-8	0.000010596043721528891	0	4.852154120795687e-9	1.71309492813032e-7	0
1.09	4.345295724181402e-8	0.000010621307910950775	0	4.867080281379924e-9	1.7200628984249412e-7	0
1.1	4.34482814565794e-8	0.00001064657210037266	0	4.882006441964162e-9	1.7270308687195626e-7	0
1.11	4.344360567134477e-8	0.000010671836289794544	0	4.896932602548399e-9	1.733998839014184e-7	0
1.12	4.3438929886110154e-8	0.00001069710047921643	0	4.911858763132636e-9	1.7409668093088053e-7	0
1.1300000000000001	4.343425410087553e-8	0.000010722364668638314	0	4.926784923716874e-9	1.7479347796034264e-7	0
1.1400000000000001	4.342957831564091e-8	0.000010747628858060198	0	4.9417110843011114e-9	1.7549027498980478e-7	0
1.1500000000000001	4.342490253040628e-8	0.000010764710685472706	0	4.956637244885349e-9	1.7618707201926691e-7	0
1.1600000000000001	4.3420226745171664e-8	0.000010744263355289146	0	4.971563405469587e-9	1.7688386904872902e-7	0
1.1700000000000002	4.341555095993704e-8	0.000010723816025105585	0	4.986489566053824e-9	1.7700367733454263e-7	0
1.1800000000000002	4.341087517470242e-8	0.000010703368694922024	0	4.9992644098982936e-9	1.769846074364011e-7	0
1.1900000000000002	4.340619938946779e-8	0.000010682921364738463	0	5.008164473172255e-9	1.7696553753825962e-7	0
1.2000000000000002	4.3401523604233174e-8	0.000010662474034554903	0	5.0170645364462174e-9	1.769464676401181e-7	0
1.2100000000000002	4.339684781899855e-8	0.000010642026704371342	0	5.025964599720179e-9	1.769273977419766e-7	0
1.2200000000000002	4.339217203376393e-8	0.000010621579374187781	0	5.034864662994141e-9	1.7690832784383511e-7	0
1.2300000000000002	4.338749624852931e-8	0.00001060113204400422	0	5.043764726268103e-9	1.768892579456936e-7	0
1.2400000000000002	4.3382820463294684e-8	0.00001058068471382066	0	5.052664789542065e-9	1.768701880475521e-7	0
1.2500000000000002	4.3378144678060064e-8	0.000010560237383637099	0	5.061564852816027e-9	1.7685111814941058e-7	0
1.26	4.337346889282544e-8	0.000010539790053453538	0	5.070464916089988e-9	1.768320482512691e-7	0
1.27	4.336879310759082e-8	0.000010519342723269978	0	5.079364979363951e-9	1.7681297835312757e-7	0
1.28	4.3364117322356194e-8	0.000010498895393086417	0	5.088265042637912e-9	1.7679390845498608e-7	0
1.29	4.3359441537121574e-8	0.000010478448062902856	0	5.0971651059118745e-9	1.7677483855684458e-7	0
1.3	4.335476575188695e-8	0.000010458000732719295	0	5.106065169185837e-9	1.7675576865870306e-7	0
1.31	4.335008996665233e-8	0.000010437553402535735	0	5.114965232459798e-9	1.7673669876056157e-7	0
1.32	4.3345414181417704e-8	0.000010417106072352174	0	5.123865295733761e-9	1.7671762886242005e-7	0
1.33	4.3340738396183084e-8	0.000010396658742168613	0	5.132765359007722e-9	1.7669855896427856e-7	0
1.34	4.3336062610948465e-8	0.000010376211411985051	0	5.141665422281685e-9	1.7667948906613704e-7	0
1.35	4.333138682571384e-8	0.00001035576408180149	0	5.150565485555646e-9	1.7666041916799554e-7	0
1.36	4.332671104047922e-8	0.00001033531675161793	0	5.1594655488296085e-9	1.7664134926985405e-7	0
1.37	4.3322035255244594e-8	0.000010314869421434369	0	5.16836561210357e-9	1.7662227937171253e-7	0
1.3800000000000001	4.3317359470009975e-8	0.000010294422091250808	0	5.177265675377532e-9	1.7660320947357104e-7	0
1.3900000000000001	4.331268368477535e-8	0.000010273974761067247	0	5.186165738651494e-9	1.7658413957542952e-7	0
1.4000000000000001	4.330800789954073e-8	0.000010253527430883687	0	5.195065801925456e-9	1.7656506967728803e-7	0
1.4100000000000001	4.3303332114306104e-8	0.000010233080100700126	0	5.203965865199418e-9	1.765459997791465e-7	0
1.4200000000000002	4.3298656329071485e-8	0.000010212632770516565	0	5.21286592847338e-9	1.7652692988100501e-7	0
1.4300000000000002	4.329398054383686e-8	0.000010192185440333004	0	5.221765991747342e-9	1.7650785998286352e-7	0
1.4400000000000002	4.328930475860224e-8	0.000010171738110149444	0	5.230666055021304e-9	1.76488790084722e-7	0
1.4500000000000002	4.3284628973367614e-8	0.000010121207678931039	0	5.2395661182952656e-9	1.764697201865805e-7	0
1.4600000000000002	4.3185674171108936e-8	0.00001006699704792274	0	5.248466181569228e-9	1.76450650288439e-7	0
1.4700000000000002	4.304783593245051e-8	0.000010012786416914438	0	5.256384378694941e-9	1.764315803902975e-7	0
1.4800000000000002	4.290999769379208e-8	9.958575785906138e-6	0	5.246402400656443e-9	1.7641251049215598e-7	0
1.4900000000000002	4.277215945513365e-8	9.904365154897837e-6	0	5.236420422617945e-9	1.7639344059401448e-7	0
1.5000000000000002	4.263432121647522e-8	9.850154523889538e-6	0	5.2264384445794465e-9	1.76374370695873e-7	0
1.51	4.2496482977816793e-8	9.795943892881238e-6	0	5.216456466540948e-9	1.7635530079773147e-7	0
1.52	4.2358644739158366e-8	9.741733261872938e-6	0	5.20647448850245e-9	1.7633623089958998e-7	0
1.53	4.222080650049994e-8	9.687522630864639e-6	0	5.196492510463952e-9	1.7631716100144846e-7	0
1.54	4.208296826184151e-8	9.633311999856337e-6	0	5.186510532425453e-9	1.7629809110330696e-7	0
1.55	4.1945130023183084e-8	9.579101368848038e-6	0	5.176528554386955e-9	1.7627902120516545e-7	0
1.56	4.180729178452465e-8	9.524890737839738e-6	0	5.166546576348457e-9	1.7625995130702395e-7	0
1.57	4.1669453545866223e-8	9.470680106831437e-6	0	5.156564598309959e-9	1.7624088140888246e-7	0
1.58	4.1531615307207796e-8	9.416469475823137e-6	0	5.14658262027146e-9	1.7622181151074094e-7	0
1.59	4.139377706854937e-8	9.362258844814836e-6	0	5.136600642232962e-9	1.7620274161259945e-7	0
1.6	4.125593882989094e-8	9.308048213806536e-6	0	5.126618664194464e-9	1.7618367171445793e-7	0
1.61	4.111810059123251e-8	9.253837582798237e-6	0	5.116636686155966e-9	1.7616460181631643e-7	0
1.62	4.098026235257408e-8	9.199626951789935e-6	0	5.106654708117467e-9	1.7614553191817491e-7	0
1.6300000000000001	4.0842424113915653e-8	9.145416320781636e-6	0	5.096672730078969e-9	1.7612646202003342e-7	0
1.6400000000000001	4.0704585875257226e-8	9.091205689773334e-6	0	5.08669075204047e-9	1.7610739212189193e-7	0
1.6500000000000001	4.05667476365988e-8	9.036995058765035e-6	0	5.076708774001973e-9	1.760883222237504e-7	0
1.6600000000000001	4.0428909397940365e-8	8.982784427756735e-6	0	5.066726795963474e-9	1.7606925232560892e-7	0
1.6700000000000002	4.029107115928194e-8	8.928573796748434e-6	0	5.056744817924976e-9	1.760501824274674e-7	0
1.6800000000000002	4.015323292062351e-8	8.874363165740134e-6	0	5.046762839886477e-9	1.760311125293259e-7	0
1.6900000000000002	4.0015394681965083e-8	8.820152534731835e-6	0	5.0367808618479796e-9	1.7601204263118438e-7	0
1.7000000000000002	3.9877556443306656e-8	8.765941903723533e-6	0	5.026798883809481e-9	1.759929727330429e-7	0
1.7100000000000002	3.973971820464822e-8	8.711731272715234e-6	0	5.016816905770983e-9	1.759739028349014e-7	0
1.7200000000000002	3.9601879965989795e-8	8.657520641706932e-6	0	5.006834927732484e-9	1.7595483293675988e-7	0
1.7300000000000002	3.946404172733137e-8	8.603310010698633e-6	0	4.9968529496939865e-9	1.7593576303861838e-7	0
1.7400000000000002	3.932620348867294e-8	8.549099379690333e-6	0	4.986870971655488e-9	1.7591669314047687e-7	0
1.7500000000000002	3.918836525001451e-8	8.494888748682032e-6	0	4.9768889936169895e-9	1.758347564001632e-7	0
1.7600000000000002	3.905052701135608e-8	8.440678117673732e-6	0	4.966907015578491e-9	1.755205370082556e-7	0
1.77	3.891268877269765e-8	8.386467486665433e-6	0	4.956185850379764e-9	1.7520631761634802e-7	0
1.78	3.8774850534039225e-8	8.332256855657133e-6	0	4.9452363498802315e-9	1.7489209822444045e-7	0
1.79	3.864227927751752e-8	8.278046224648832e-6	0	4.934286849380699e-9	1.7457787883253285e-7	0
1.8	3.851455040956298e-8	8.223835593640532e-6	0	4.923337348881167e-9	1.7426365944062528e-7	0
1.81	3.838682154160844e-8	8.169624962632232e-6	0	4.912387848381635e-9	1.7394944004871768e-7	0
1.82	3.825909267365391e-8	8.112612780918414e-6	0	4.901438347882103e-9	1.736352206568101e-7	0
1.83	3.8131363805699366e-8	8.054951964312186e-6	0	4.890488847382571e-9	1.733210012649025e-7	0
1.84	3.8003634937744826e-8	7.997291147705959e-6	0	4.879539346883039e-9	1.7300678187299494e-7	0
1.85	3.7875906069790285e-8	7.939630331099729e-6	0	4.868589846383506e-9	1.7269256248108734e-7	0
1.86	3.7748177201835744e-8	7.881969514493501e-6	0	4.857640345883975e-9	1.7237834308917977e-7	0
1.87	3.76204483338812e-8	7.824308697887273e-6	0	4.846690845384442e-9	1.7206412369727217e-7	0
1.8800000000000001	3.749271946592667e-8	7.766647881281045e-6	0	4.835741344884911e-9	1.717499043053646e-7	0
1.8900000000000001	3.736499059797213e-8	7.708987064674817e-6	0	4.8247918443853784e-9	1.71435684913457e-7	0
1.9000000000000001	3.723726173001759e-8	7.651326248068588e-6	0	4.813842343885846e-9	1.7112146552154943e-7	0
1.9100000000000001	3.7109532862063046e-8	7.59366543146236e-6	0	4.8028928433863145e-9	1.7080724612964183e-7	0
1.9200000000000002	3.6981803994108506e-8	7.536004614856132e-6	0	4.791943342886782e-9	1.7049302673773426e-7	0
1.9300000000000002	3.6854075126153965e-8	7.478343798249904e-6	0	4.78099384238725e-9	1.7017880734582666e-7	0
1.9400000000000002	3.672634625819943e-8	7.4206829816436755e-6	0	4.770044341887718e-9	1.6986458795391909e-7	0
1.9500000000000002	3.659861739024489e-8	7.363022165037448e-6	0	4.759094841388186e-9	1.6955036856201149e-7	0
1.9600000000000002	3.647088852229035e-8	7.305361348431219e-6	0	4.748145340888653e-9	1.6923614917010391e-7	0
1.9700000000000002	3.634315965433581e-8	7.247700531824991e-6	0	4.737195840389122e-9	1.6892192977819632e-7	0
1.9800000000000002	3.621543078638127e-8	7.190039715218763e-6	0	4.726246339889589e-9	1.6860771038628874e-7	0
1.9900000000000002	3.6087701918426727e-8	7.132378898612534e-6	0	4.715296839390058e-9	1.6829349099438115e-7	0
2.	3.595997305047219e-8	7.074718082006308e-6	0	4.704347338890525e-9	1.6797927160247357e-7	0
2.0100000000000002	3.583224418251765e-8	7.017057265400079e-6	0	4.693397838390993e-9	1.6766505221056597e-7	0
2.02	3.570451531456311e-8	6.959396448793852e-6	0	4.682448337891461e-9	1.673508328186584e-7	0
2.03	3.5576786446608576e-8	6.910434941193006e-6	0	4.67149883739193e-9	1.6703661342675083e-7	0
2.04	3.5449057578654036e-8	6.877558480727465e-6	0	4.660549336892397e-9	1.6672239403484323e-7	0
2.05	3.5321328710699495e-8	6.844682020261926e-6	0	4.649599836392865e-9	1.6640817464293566e-7	0
2.06	3.5193599842744954e-8	6.811805559796384e-6	0	4.6386503358933326e-9	1.6609395525102806e-7	0
2.07	3.506587097479042e-8	6.7789290993308445e-6	0	4.627700835393801e-9	1.6576696246662825e-7	0
2.08	3.493814210683587e-8	6.7460526388653035e-6	0	4.616751334894269e-9	1.654395881905886e-7	0
2.09	3.481041323888134e-8	6.713176178399764e-6	0	4.605801834394737e-9	1.6511221391454895e-7	0
2.1	3.46826843709268e-8	6.680299717934223e-6	0	4.594852333895205e-9	1.647848396385093e-7	0
2.1100000000000003	3.455495550297225e-8	6.647423257468682e-6	0	4.583902833395672e-9	1.6445746536246964e-7	0
2.12	3.4427226635017716e-8	6.614546797003143e-6	0	4.572953332896141e-9	1.6413009108643e-7	0
2.1300000000000003	3.4299497767063175e-8	6.581670336537602e-6	0	4.562003832396608e-9	1.6380271681039036e-7	0
2.14	3.4171768899108634e-8	6.548793876072062e-6	0	4.551054331897077e-9	1.634753425343507e-7	0
2.15	3.40440400311541e-8	6.515917415606523e-6	0	4.540104831397544e-9	1.6314796825831108e-7	0
2.16	3.391631116319956e-8	6.483040955140982e-6	0	4.529155330898012e-9	1.6282059398227142e-7	0
2.17	3.378858229524502e-8	6.450164494675442e-6	0	4.51820583039848e-9	1.6249321970623177e-7	0
2.18	3.366085342729048e-8	6.4172880342099015e-6	0	4.507256329898948e-9	1.6216584543019212e-7	0
2.19	3.3533124559335937e-8	6.384411573744361e-6	0	4.496306829399416e-9	1.6183847115415246e-7	0
2.2	3.3405395691381396e-8	6.351535113278821e-6	0	4.485357328899884e-9	1.615110968781128e-7	0
2.21	3.327766682342686e-8	6.318658652813281e-6	0	4.4744078284003515e-9	1.6118372260207318e-7	0
2.22	3.3149937955472314e-8	6.28578219234774e-6	0	4.463458327900819e-9	1.6085634832603353e-7	0
2.23	3.302220908751778e-8	6.2529057318822005e-6	0	4.4525088274012875e-9	1.6052897404999388e-7	0
2.24	3.289448021956324e-8	6.2200292714166595e-6	0	4.441559326901755e-9	1.6020159977395422e-7	0
2.25	3.27667513516087e-8	6.18715281095112e-6	0	4.4306098264022236e-9	1.598742254979146e-7	0
2.2600000000000002	3.263902248365416e-8	6.154276350485579e-6	0	4.419660325902691e-9	1.5954685122187494e-7	0
2.27	3.2511293615699623e-8	6.12139989002004e-6	0	4.4087108254031596e-9	1.592194769458353e-7	0
2.2800000000000002	3.2383564747745076e-8	6.088523429554499e-6	0	4.397761324903627e-9	1.5889210266979563e-7	0
2.29	3.225583587979054e-8	6.055646969088959e-6	0	4.386811824404095e-9	1.5856472839375598e-7	0
2.3000000000000003	3.2128107011836e-8	6.022770508623418e-6	0	4.375862323904563e-9	1.5823735411771633e-7	0
2.31	3.200037814388146e-8	5.989894048157879e-6	0	4.364912823405031e-9	1.579099798416767e-7	0
2.3200000000000003	3.187264927592692e-8	5.957017587692338e-6	0	4.353963322905498e-9	1.5758260556563705e-7	0
2.33	3.1744920407972385e-8	5.924141127226798e-6	0	4.343013822405967e-9	1.572552312895974e-7	0
2.3400000000000003	3.161719154001784e-8	5.891264666761257e-6	0	4.3320643219064344e-9	1.5692785701355774e-7	0
2.35	3.1489462672063303e-8	5.858388206295717e-6	0	4.321114821406903e-9	1.566004827375181e-7	0
2.3600000000000003	3.136173380410876e-8	5.825511745830176e-6	0	4.3101653209073705e-9	1.5627310846147846e-7	0
2.37	3.123400493615422e-8	5.792635285364637e-6	0	4.299215820407838e-9	1.559457341854388e-7	0
2.3800000000000003	3.110627606819968e-8	5.759758824899096e-6	0	4.288266319908306e-9	1.5561835990939915e-7	0
2.39	3.0978678587841155e-8	5.7268823644335565e-6	0	4.277316819408774e-9	1.552909856333595e-7	0
2.4000000000000004	3.087722723908884e-8	5.6940059039680155e-6	0	4.266367318909242e-9	1.5496361135731985e-7	0
2.41	3.077577589033653e-8	5.661129443502476e-6	0	4.25541781840971e-9	1.5463623708128022e-7	0
2.42	3.067432454158422e-8	5.628252983036937e-6	0	4.2444683179101785e-9	1.5430886280524056e-7	0
2.43	3.05728731928319e-8	5.595376522571396e-6	0	4.233518817410646e-9	1.539814885292009e-7	0
2.44	3.0471421844079595e-8	5.5625000621058555e-6	0	4.222569316911114e-9	1.5365411425316128e-7	0
2.45	3.0369970495327275e-8	5.5296236016403145e-6	0	4.211619816411581e-9	1.5332673997712163e-7	0
2.46	3.026851914657497e-8	5.496747141174775e-6	0	4.20067031591205e-9	1.5299936570108198e-7	0
2.47	3.016706779782265e-8	5.463870680709234e-6	0	4.189720815412517e-9	1.5267199142504232e-7	0
2.48	3.006561644907034e-8	5.430994220243695e-6	0	4.178771314912986e-9	1.523446171490027e-7	0
2.49	2.996416510031802e-8	5.398117759778154e-6	0	4.167821814413453e-9	1.5201724287296302e-7	0
2.5	2.9862713751565715e-8	5.365241299312614e-6	0	4.156872313913922e-9	1.516898685969234e-7	0
2.5100000000000002	2.9761262402813395e-8	5.332364838847073e-6	0	4.145922813414389e-9	1.5136249432088374e-7	0
2.52	2.9659811054061085e-8	5.299488378381534e-6	0	4.134973312914857e-9	1.5103512004484408e-7	0
2.5300000000000002	2.955835970530877e-8	5.266611917915993e-6	0	4.124023812415325e-9	1.5070774576880443e-7	0
2.54	2.945690835655646e-8	5.23458436529272e-6	0	4.113074311915793e-9	1.503803714927648e-7	0
2.5500000000000003	2.9355457007804142e-8	5.2031018421708016e-6	0	4.102124811416261e-9	1.5005299721672515e-7	0
2.56	2.9254005659051832e-8	5.171619319048885e-6	0	4.091175310916729e-9	1.497256229406855e-7	0
2.5700000000000003	2.9152554310299515e-8	5.1401367959269665e-6	0	4.080225810417197e-9	1.4939824866464584e-7	0
2.58	2.9051102961547205e-8	5.10865427280505e-6	0	4.069276309917665e-9	1.4907087438860621e-7	0
2.5900000000000003	2.894965161279489e-8	5.077171749683132e-6	0	4.058326809418133e-9	1.4874350011256653e-7	0
2.6	2.884820026404258e-8	5.045689226561215e-6	0	4.0473773089186e-9	1.484161258365269e-7	0
2.6100000000000003	2.8746748915290262e-8	5.014206703439297e-6	0	4.036427808419068e-9	1.4810489926358955e-7	0
2.62	2.8645297566537952e-8	4.9827241803173805e-6	0	4.025478307919536e-9	1.478313506645576e-7	0
2.6300000000000003	2.8543846217785635e-8	4.951241657195462e-6	0	4.014528807420004e-9	1.4755780206552562e-7	0
2.64	2.8442394869033325e-8	4.919759134073545e-6	0	4.003579306920472e-9	1.4728425346649368e-7	0
2.6500000000000004	2.834094352028101e-8	4.888276610951627e-6	0	3.99262980642094e-9	1.4701070486746172e-7	0
2.66	2.82394921715287e-8	4.856794087829711e-6	0	3.981680305921408e-9	1.4673715626842975e-7	0
2.67	2.813804082277639e-8	4.825311564707794e-6	0	3.970730805421876e-9	1.4646360766939781e-7	0
2.68	2.8036589474024072e-8	4.793829041585876e-6	0	3.9597813049223435e-9	1.4619005907036582e-7	0
2.69	2.7935138125271762e-8	4.7623465184639594e-6	0	3.946070782181537e-9	1.4591651047133388e-7	0
2.7	2.7833686776519445e-8	4.730863995342041e-6	0	3.932357495654701e-9	1.4564296187230192e-7	0
2.71	2.7732235427767135e-8	4.699381472220124e-6	0	3.918644209127867e-9	1.4536941327326995e-7	0
2.72	2.763078407901482e-8	4.667898949098206e-6	0	3.904930922601032e-9	1.45095864674238e-7	0
2.73	2.7529332730262508e-8	4.63641642597629e-6	0	3.8912176360741975e-9	1.4482231607520602e-7	0
2.74	2.742788138151019e-8	4.604933902854372e-6	0	3.877504349547363e-9	1.4454876747617406e-7	0
2.75	2.732643003275788e-8	4.573451379732455e-6	0	3.863791063020528e-9	1.4427521887714212e-7	0
2.7600000000000002	2.7224978684005565e-8	4.541968856610537e-6	0	3.850077776493693e-9	1.4400167027811015e-7	0
2.77	2.7123527335253255e-8	4.51048633348862e-6	0	3.836364489966859e-9	1.437281216790782e-7	0
2.7800000000000002	2.7022075986500938e-8	4.4790038103667024e-6	0	3.8226512034400235e-9	1.4345457308004622e-7	0
2.79	2.6920624637748628e-8	4.447521287244785e-6	0	3.8089379169131896e-9	1.4318102448101426e-7	0
2.8000000000000003	2.681917328899631e-8	4.416038764122867e-6	0	3.795224630386355e-9	1.429074758819823e-7	0
2.81	2.6717721940244e-8	4.384556241000951e-6	0	3.78151134385952e-9	1.4263392728295036e-7	0
2.8200000000000003	2.6616270591491685e-8	4.353073717879032e-6	0	3.767798057332685e-9	1.423603786839184e-7	0
2.83	2.6514819242739375e-8	4.321591194757116e-6	0	3.75408477080585e-9	1.4208683008488643e-7	0
2.8400000000000003	2.6413367893987058e-8	4.290108671635197e-6	0	3.740371484279016e-9	1.4181328148585446e-7	0
2.85	2.6311916545234748e-8	4.258626148513281e-6	0	3.726658197752181e-9	1.415397328868225e-7	0
2.8600000000000003	2.621046519648243e-8	4.227143625391363e-6	0	3.712944911225346e-9	1.4126618428779053e-7	0
2.87	2.610901384773012e-8	4.195661102269446e-6	0	3.6992316246985116e-9	1.409926356887586e-7	0
2.8800000000000003	2.6007562498977805e-8	4.164178579147528e-6	0	3.6855183381716764e-9	1.407190870897266e-7	0
2.89	2.5906111150225495e-8	4.132696056025611e-6	0	3.6718050516448425e-9	1.4044553849069466e-7	0
2.9000000000000004	2.5804659801473178e-8	4.101213532903694e-6	0	3.6580917651180073e-9	1.401719898916627e-7	0
2.91	2.5703208452720868e-8	4.069731009781777e-6	0	3.644378478591173e-9	1.3989844129263073e-7	0
2.92	2.5601757103968555e-8	4.03824848665986e-6	0	3.630665192064338e-9	1.396248926935988e-7	0
2.93	2.550030575521624e-8	4.006765963537942e-6	0	3.6169519055375033e-9	1.3935134409456683e-7	0
2.94	2.5398854406463928e-8	3.975283440416025e-6	0	3.603238619010669e-9	1.3907779549553486e-7	0
2.95	2.5297403057711615e-8	3.943800917294107e-6	0	3.5895253324838337e-9	1.388042468965029e-7	0
2.96	2.51959517089593e-8	3.91231839417219e-6	0	3.5758120459569998e-9	1.3853069829747093e-7	0
2.97	2.5094500360206988e-8	3.880835871050273e-6	0	3.5620987594301646e-9	1.3825714969843897e-7	0
2.98	2.4993049011454675e-8	3.849353347928356e-6	0	3.54838547290333e-9	1.3798360109940703e-7	0
2.99	2.489159766270236e-8	3.8178708248064376e-6	0	3.5346721863764954e-9	1.3771005250037504e-7	0
3.	2.4790146313950048e-8	3.786388301684521e-6	0	3.5209588998496606e-9	1.374365039013431e-7	0
3.0100000000000002	2.4688694965197735e-8	3.760936605041556e-6	0	3.507245613322826e-9	1.3716295530231113e-7	0
3.02	2.458724361644542e-8	3.737185910738809e-6	0	3.493532326795991e-9	1.3688940670327917e-7	0
3.0300000000000002	2.4485792267693105e-8	3.7134352164360616e-6	0	3.4798190402691562e-9	1.366158581042472e-7	0
3.04	2.4384340918940795e-8	3.6896845221333153e-6	0	3.466105753742322e-9	1.3634230950521524e-7	0
3.0500000000000003	2.4282889570188478e-8	3.665933827830568e-6	0	3.4523924672154867e-9	1.3606876090618327e-7	0
3.06	2.4181438221436168e-8	3.642183133527821e-6	0	3.4386791806886527e-9	1.3579521230715133e-7	0
3.0700000000000003	2.407998687268385e-8	3.618432439225074e-6	0	3.4249658941618175e-9	1.3552166370811937e-7	0
3.08	2.397853552393154e-8	3.5946817449223273e-6	0	3.411252607634983e-9	1.352481151090874e-7	0
3.0900000000000003	2.3877084175179225e-8	3.5709310506195798e-6	0	3.397539321108148e-9	1.3497456651005544e-7	0
3.1	2.3775632826426914e-8	3.5471803563168335e-6	0	3.3838260345813135e-9	1.3470101791102347e-7	0
3.1100000000000003	2.3674181477674598e-8	3.523429662014086e-6	0	3.3701127480544788e-9	1.344274693119915e-7	0
3.12	2.3572730128922288e-8	3.4996789677113397e-6	0	3.356399461527644e-9	1.3415392071295957e-7	0
3.1300000000000003	2.347127878016997e-8	3.475928273408592e-6	0	3.342686175000809e-9	1.338803721139276e-7	0
3.14	2.3384881865212077e-8	3.452177579105846e-6	0	3.328972888473975e-9	1.3360682351489564e-7	0
3.1500000000000004	2.3301656223232663e-8	3.428426884803098e-6	0	3.3152596019471396e-9	1.3333327491586367e-7	0
3.16	2.321843058125325e-8	3.4046761905003517e-6	0	3.3015463154203052e-9	1.330597263168317e-7	0
3.1700000000000004	2.3135204939273837e-8	3.380925496197604e-6	0	3.2878330288934704e-9	1.3278617771779974e-7	0
3.18	2.3051979297294423e-8	3.357174801894858e-6	0	3.274119742366636e-9	1.325126291187678e-7	0
3.19	2.2968753655315013e-8	3.333424107592111e-6	0	3.2604064558398013e-9	1.3223908051973584e-7	0
3.2	2.2885528013335596e-8	3.309673413289364e-6	0	3.2466931693129665e-9	1.3198688544544405e-7	0
3.21	2.2802302371356183e-8	3.2859227189866174e-6	0	3.232979882786132e-9	1.317429123654428e-7	0
3.22	2.271907672937677e-8	3.26217202468387e-6	0	3.219266596259297e-9	1.3149893928544158e-7	0
3.23	2.2635851087397356e-8	3.2384213303811236e-6	0	3.2055533097324625e-9	1.3125496620544033e-7	0
3.24	2.2552625445417943e-8	3.214670636078376e-6	0	3.1918400232056277e-9	1.3101099312543908e-7	0
3.25	2.246939980343853e-8	3.19091994177563e-6	0	3.1781267366787933e-9	1.3076702004543783e-7	0
3.2600000000000002	2.2386174161459116e-8	3.1671692474728823e-6	0	3.164413450151958e-9	1.3052304696543658e-7	0
3.27	2.2302948519479703e-8	3.143418553170136e-6	0	3.1507001636251238e-9	1.3027907388543535e-7	0
3.2800000000000002	2.221972287750029e-8	3.119667858867388e-6	0	3.136986877098289e-9	1.300351008054341e-7	0
3.29	2.2136497235520876e-8	3.0959171645646418e-6	0	3.123273590571454e-9	1.2979112772543286e-7	0
3.3000000000000003	2.2053271593541463e-8	3.0721664702618942e-6	0	3.1095603040446194e-9	1.295471546454316e-7	0
3.31	2.197004595156205e-8	3.048415775959148e-6	0	3.095847017517785e-9	1.2930318156543038e-7	0
3.3200000000000003	2.1886820309582636e-8	3.0246650816564004e-6	0	3.08213373099095e-9	1.2905920848542913e-7	0
3.33	2.1803594667603223e-8	3.000914387353654e-6	0	3.0684204444641154e-9	1.2881523540542788e-7	0
3.3400000000000003	2.172036902562381e-8	2.9771636930509066e-6	0	3.0547071579372807e-9	1.2857126232542663e-7	0
3.35	2.1637143383644396e-8	2.95341299874816e-6	0	3.0409938714104463e-9	1.283272892454254e-7	0
3.3600000000000003	2.1553917741664982e-8	2.929662304445413e-6	0	3.027280584883611e-9	1.2808331616542416e-7	0
3.37	2.147069209968557e-8	2.905911610142666e-6	0	3.0135672983567767e-9	1.278393430854229e-7	0
3.3800000000000003	2.1387466457706156e-8	2.8821609158399186e-6	0	2.999854011829942e-9	1.2759537000542166e-7	0
3.39	2.1304240815726742e-8	2.8584102215371724e-6	0	2.986140725303107e-9	1.2735139692542041e-7	0
3.4000000000000004	2.122101517374733e-8	2.834659527234425e-6	0	2.9724274387762723e-9	1.2710742384541916e-7	0
3.41	2.1137789531767916e-8	2.8109088329316786e-6	0	2.958714152249438e-9	1.2686345076541794e-7	0
3.4200000000000004	2.1054563889788502e-8	2.787158138628931e-6	0	2.9450008657226027e-9	1.266194776854167e-7	0
3.43	2.097133824780909e-8	2.7634074443261843e-6	0	2.9312875791957684e-9	1.2637550460541544e-7	0
3.44	2.088811260582968e-8	2.739656750023438e-6	0	2.917574292668934e-9	1.2613153152541422e-7	0
3.45	2.0804886963850262e-8	2.7159060557206905e-6	0	2.903861006142099e-9	1.2588755844541297e-7	0
3.46	2.0721661321870852e-8	2.6921553614179443e-6	0	2.8901477196152644e-9	1.2564358536541172e-7	0
3.47	2.0638435679891435e-8	2.6684046671151967e-6	0	2.8764344330884296e-9	1.2539961228541047e-7	0
3.48	2.0555210037912025e-8	2.64465397281245e-6	0	2.8627211465615952e-9	1.2515563920540925e-7	0
3.49	2.047198439593261e-8	2.620903278509703e-6	0	2.84900786003476e-9	1.24911666125408e-7	0
3.5	2.03887587539532e-8	2.5971525842069562e-6	0	2.8352945735079257e-9	1.2466769304540675e-7	0
3.5100000000000002	2.0305533111973782e-8	2.5734833599986378e-6	0	2.821581286981091e-9	1.244237199654055e-7	0
3.52	2.0222307469994372e-8	2.5512698372888893e-6	0	2.8078680004542565e-9	1.2417974688540425e-7	0
3.5300000000000002	2.0139081828014955e-8	2.5290563145791403e-6	0	2.7941547139274213e-9	1.2393577380540303e-7	0
3.54	2.0055856186035545e-8	2.5068427918693923e-6	0	2.780441427400587e-9	1.2369180072540178e-7	0
3.5500000000000003	1.997263054405613e-8	2.484629269159643e-6	0	2.7667281408737517e-9	1.2344782764540053e-7	0
3.56	1.9889404902076718e-8	2.462415746449895e-6	0	2.7530148543469173e-9	1.2320385456539928e-7	0
3.5700000000000003	1.98061792600973e-8	2.440202223740146e-6	0	2.7393015678200825e-9	1.2295988148539803e-7	0
3.58	1.972295361811789e-8	2.4179887010303974e-6	0	2.725588281293248e-9	1.227159084053968e-7	0
3.5900000000000003	1.9639727976138475e-8	2.3957751783206485e-6	0	2.711874994766413e-9	1.2247193532539556e-7	0
3.6	1.9556502334159065e-8	2.3735616556109004e-6	0	2.6981617082395786e-9	1.222279622453943e-7	0
3.6100000000000003	1.9473276692179648e-8	2.351348132901151e-6	0	2.684448421712744e-9	1.2198398916539306e-7	0
3.62	1.9390051050200238e-8	2.329134610191403e-6	0	2.6707351351859094e-9	1.2174001608539184e-7	0
3.6300000000000003	1.930682540822082e-8	2.3069210874816537e-6	0	2.6570218486590742e-9	1.2149604300539059e-7	0
3.64	1.922359976624141e-8	2.2847075647719056e-6	0	2.64330856213224e-9	1.2125206992538934e-7	0
3.6500000000000004	1.9140374124261995e-8	2.2624940420621563e-6	0	2.6295952756054046e-9	1.210080968453881e-7	0
3.66	1.9057148482282585e-8	2.240280519352408e-6	0	2.6158819890785703e-9	1.2076412376538686e-7	0
3.6700000000000004	1.8973922840303168e-8	2.2180669966426593e-6	0	2.6021687025517355e-9	1.2052015068538561e-7	0
3.68	1.8890697198323758e-8	2.1958534739329108e-6	0	2.588455416024901e-9	1.2027617760538436e-7	0
3.69	1.8807471556344344e-8	2.1736399512231627e-6	0	2.5747421294980667e-9	1.2003220452538312e-7	0
3.7	1.872424591436493e-8	2.1514264285134138e-6	0	2.5610288429712315e-9	1.1978823144538187e-7	0
3.71	1.8641020272385518e-8	2.1292129058036653e-6	0	2.547315556444397e-9	1.1954425836538064e-7	0
3.72	1.8557794630406104e-8	2.1069993830939164e-6	0	2.5361372545650438e-9	1.193002852853794e-7	0
3.73	1.847456898842669e-8	2.0847858603841683e-6	0	2.5270667970629015e-9	1.1905631220537816e-7	0
3.74	1.8391343346447278e-8	2.062572337674419e-6	0	2.5179963395607584e-9	1.1881233912537691e-7	0
3.75	1.8308117704467864e-8	2.040358814964671e-6	0	2.508925882058616e-9	1.1856836604537567e-7	0
3.7600000000000002	1.8224892062488448e-8	2.0181452922549215e-6	0	2.499855424556473e-9	1.1832439296537442e-7	0
3.77	1.8141666420509037e-8	1.9959317695451735e-6	0	2.4907849670543304e-9	1.1808041988537317e-7	0
3.7800000000000002	1.805844077852962e-8	1.973718246835424e-6	0	2.4817145095521877e-9	1.1783165855962606e-7	0
3.79	1.797521513655021e-8	1.951504724125676e-6	0	2.472644052050045e-9	1.1755466309517059e-7	0
3.8000000000000003	1.7891989494570794e-8	1.929291201415927e-6	0	2.463573594547902e-9	1.1727766763071509e-7	0
3.81	1.7808763852591384e-8	1.9070776787061788e-6	0	2.4545031370457593e-9	1.1700067216625962e-7	0
3.8200000000000003	1.7733377982643685e-8	1.8848641559964297e-6	0	2.4454326795436166e-9	1.1672367670180413e-7	0
3.83	1.7665645961280318e-8	1.8626506332866814e-6	0	2.436362222041474e-9	1.1644668123734866e-7	0
3.8400000000000003	1.7597913939916944e-8	1.8404371105769323e-6	0	2.427291764539331e-9	1.1616968577289316e-7	0
3.85	1.7530181918553577e-8	1.8182235878671842e-6	0	2.4182213070371886e-9	1.1589269030843768e-7	0
3.8600000000000003	1.7462449897190204e-8	1.7960100651574349e-6	0	2.4091508495350455e-9	1.156156948439822e-7	0
3.87	1.7394717875826837e-8	1.7737965424476868e-6	0	2.400080392032903e-9	1.1533869937952671e-7	0
3.8800000000000003	1.7326985854463463e-8	1.7515830197379377e-6	0	2.39100993453076e-9	1.1506170391507122e-7	0
3.89	1.7259253833100096e-8	1.7293694970281894e-6	0	2.3819394770286174e-9	1.1478470845061574e-7	0
3.9000000000000004	1.7191521811736723e-8	1.7071559743184402e-6	0	2.3728690195264747e-9	1.1450771298616025e-7	0
3.91	1.7123789790373356e-8	1.6849424516086922e-6	0	2.363798562024332e-9	1.1423071752170478e-7	0
3.9200000000000004	1.7056057769009982e-8	1.662728928898943e-6	0	2.354728104522189e-9	1.1395372205724928e-7	0
3.93	1.6988325747646615e-8	1.6405154061891947e-6	0	2.3456576470200463e-9	1.136767265927938e-7	0
3.94	1.6920593726283245e-8	1.6183018834794467e-6	0	2.336587189517904e-9	1.1339973112833833e-7	0
3.95	1.6852861704919874e-8	1.5960883607696975e-6	0	2.327516732015761e-9	1.1312273566388284e-7	0
3.96	1.6785129683556504e-8	1.5738748380599493e-6	0	2.3184462745136187e-9	1.1284574019942736e-7	0
3.97	1.6717397662193134e-8	1.5516613153502001e-6	0	2.3093758170114756e-9	1.1256874473497187e-7	0
3.98	1.6649665640829764e-8	1.529447792640452e-6	0	2.300305359509333e-9	1.1229174927051638e-7	0
3.99	1.6581933619466393e-8	1.5072342699307027e-6	0	2.2912349020071902e-9	1.120147538060609e-7	0
4.	1.6514201598103023e-8	1.488275845452207e-6	0	2.2821644445050475e-9	1.1173775834160542e-7	0
4.01	1.6446469576739653e-8	1.4768407937068715e-6	0	2.273093987002905e-9	1.1146076287714994e-7	0
4.02	1.6378737555376286e-8	1.4654057419615357e-6	0	2.2640235295007626e-9	1.1118376741269446e-7	0
4.03	1.631100553401291e-8	1.4539706902161992e-6	0	2.254953071998619e-9	1.1090677194823896e-7	0
4.04	1.6243273512649542e-8	1.4425356384708636e-6	0	2.2458826144964764e-9	1.1062977648378348e-7	0
4.05	1.617554149128617e-8	1.431100586725528e-6	0	2.236812156994334e-9	1.10352781019328e-7	0
4.06	1.6107809469922805e-8	1.4196655349801923e-6	0	2.2277416994921915e-9	1.1007578555487253e-7	0
4.07	1.6040077448559428e-8	1.4082304832348556e-6	0	2.218671241990048e-9	1.0979879009041703e-7	0
4.08	1.597234542719606e-8	1.3967954314895202e-6	0	2.2096007844879057e-9	1.0952179462596154e-7	0
4.09	1.590461340583269e-8	1.3853603797441844e-6	0	2.200530326985763e-9	1.0924479916150607e-7	0
4.1	1.583688138446932e-8	1.373925327998849e-6	0	2.1914598694836203e-9	1.0896780369705058e-7	0
4.109999999999999	1.5769149363105953e-8	1.3624902762535131e-6	0	2.182389411981478e-9	1.0869080823259511e-7	0
4.12	1.5701417341742576e-8	1.3510552245081766e-6	0	2.1733189544793346e-9	1.0841381276813961e-7	0
4.13	1.563368532037921e-8	1.339620172762841e-6	0	2.164248496977192e-9	1.0813681730368412e-7	0
4.14	1.556595329901584e-8	1.3281851210175054e-6	0	2.1551780394750496e-9	1.0785982183922865e-7	0
4.1499999999999995	1.5498221277652472e-8	1.3167500692721698e-6	0	2.146107581972907e-9	1.0758282637477318e-7	0
4.16	1.5430489256289095e-8	1.305315017526833e-6	0	2.1370371244707634e-9	1.0730583091031766e-7	0
4.17	1.5362757234925728e-8	1.2938799657814974e-6	0	2.127966666968621e-9	1.0702883544586219e-7	0
4.18	1.5295025213562358e-8	1.2824449140361618e-6	0	2.1188962094664785e-9	1.0675183998140672e-7	0
4.1899999999999995	1.5227293192198987e-8	1.2710098622908264e-6	0	2.109825751964336e-9	1.0647484451695123e-7	0
4.199999999999999	1.515956117083562e-8	1.2595748105454906e-6	0	2.1007552944621936e-9	1.0619784905249576e-7	0
4.21	1.5091829149472247e-8	1.2481397588001539e-6	0	2.09168483696005e-9	1.0592085358804026e-7	0
4.22	1.5024097128108877e-8	1.2367047070548185e-6	0	2.0826143794579074e-9	1.0564385812358477e-7	0
4.2299999999999995	1.4956365106745506e-8	1.2252696553094826e-6	0	2.073543921955765e-9	1.053668626591293e-7	0
4.239999999999999	1.488863308538214e-8	1.2138346035641472e-6	0	2.0644734644536224e-9	1.0508986719467381e-7	0
4.25	1.4820901064018764e-8	1.2023995518188105e-6	0	2.055403006951479e-9	1.0481287173021831e-7	0
4.26	1.4753169042655395e-8	1.190964500073475e-6	0	2.0463325494493367e-9	1.0453587626576284e-7	0
4.27	1.4685437021292025e-8	1.1795294483281393e-6	0	2.037262091947194e-9	1.0425888080130735e-7	0
4.279999999999999	1.4617704999928657e-8	1.1680943965828037e-6	0	2.0281916344450513e-9	1.0398188533685188e-7	0
4.29	1.4549972978565281e-8	1.156659344837467e-6	0	2.019121176942908e-9	1.0370488987239638e-7	0
4.3	1.4482240957201913e-8	1.1452242930921313e-6	0	2.0100507194407655e-9	1.034278944079409e-7	0
4.31	1.4414508935838544e-8	1.1337892413467957e-6	0	2.000980261938623e-9	1.0315089894348542e-7	0
4.319999999999999	1.4346776914475175e-8	1.12235418960146e-6	0	1.9919098044364806e-9	1.0287390347902995e-7	0
4.33	1.42790448931118e-8	1.1109191378561236e-6	0	1.982839346934337e-9	1.0259690801457445e-7	0
4.34	1.4211312871748431e-8	1.099484086110788e-6	0	1.9737688894321944e-9	1.0231991255011896e-7	0
4.35	1.4143580850385063e-8	1.0880490343654524e-6	0	1.964698431930052e-9	1.0204291708566349e-7	0
4.359999999999999	1.4075848829021694e-8	1.0766139826201167e-6	0	1.9556279744279095e-9	1.01765921621208e-7	0
4.37	1.4008116807658319e-8	1.06517893087478e-6	0	1.946557516925766e-9	1.014889261567525e-7	0
4.38	1.394038478629495e-8	1.0537438791294444e-6	0	1.9374870594236237e-9	1.0121193069229703e-7	0
4.39	1.3872652764931582e-8	1.0423088273841088e-6	0	1.928416601921481e-9	1.0093493522784154e-7	0
4.3999999999999995	1.3804920743568211e-8	1.0308737756387732e-6	0	1.9193461444193383e-9	1.0065793976338607e-7	0
4.41	1.3737188722204838e-8	1.0194387238934367e-6	0	1.9102756869171952e-9	1.0038094429893057e-7	0
4.42	1.366945670084147e-8	1.0080036721481009e-6	0	1.9012052294150526e-9	1.0010394883447509e-7	0
4.43	1.3601724679478099e-8	9.965686204027654e-7	0	1.89213477191291e-9	9.98269533700196e-8	0
4.4399999999999995	1.353399265811473e-8	9.851335686574296e-7	0	1.8830643144107676e-9	9.954995790556413e-8	0
4.45	1.3466260636751355e-8	9.736985169120931e-7	0	1.873993856908624e-9	9.927296244110863e-8	0
4.46	1.3398528615387986e-8	9.622634651667575e-7	0	1.8649233994064814e-9	9.899596697665315e-8	0
4.47	1.3330796594024618e-8	9.508284134214219e-7	0	1.8558529419043392e-9	9.871897151219767e-8	0
4.4799999999999995	1.3263064572661249e-8	9.393933616760863e-7	0	1.8467824844021965e-9	9.844197604774219e-8	0
4.489999999999999	1.319533255129788e-8	9.279583099307506e-7	0	1.837712026900054e-9	9.816498058328671e-8	0
4.5	1.3127600529934505e-8	9.165232581854139e-7	0	1.8286415693979107e-9	9.788798511883121e-8	0
4.51	1.3059868508571137e-8	9.050882064400783e-7	0	1.819571111895768e-9	9.761098965437573e-8	0
4.52	1.2992136487207768e-8	8.936531546947427e-7	0	1.8105006543936256e-9	9.733399418992025e-8	0
4.529999999999999	1.2924404465844398e-8	8.822181029494071e-7	0	1.801430196891483e-9	9.705699872546478e-8	0
4.54	1.2856672444481024e-8	8.707830512040705e-7	0	1.7923597393893396e-9	9.678000326100927e-8	0
4.55	1.2788940423117655e-8	8.593479994587349e-7	0	1.7832892818871971e-9	9.650300779655379e-8	0
4.56	1.2727604933061206e-8	8.479129477133992e-7	0	1.7742188243850546e-9	9.622601233209832e-8	0
4.569999999999999	1.2679024203035927e-8	8.364778959680636e-7	0	1.765148366882912e-9	9.594901686764283e-8	0
4.58	1.263044347301064e-8	8.25042844222727e-7	0	1.7560779093807687e-9	9.567202140318733e-8	0
4.59	1.2581862742985361e-8	8.136077924773914e-7	0	1.7470074518786262e-9	9.539502593873186e-8	0
4.6	1.253328201296008e-8	8.021727407320558e-7	0	1.7379369943764835e-9	9.511803047427637e-8	0
4.609999999999999	1.24847012829348e-8	7.907376889867201e-7	0	1.728866536874341e-9	9.48410350098209e-8	0
4.62	1.2436120552909516e-8	7.793026372413835e-7	0	1.7197960793721977e-9	9.45640395453654e-8	0
4.63	1.2387539822884235e-8	7.678675854960479e-7	0	1.710725621870055e-9	9.428704408090991e-8	0
4.64	1.2338959092858954e-8	7.564325337507123e-7	0	1.7016551643679126e-9	9.402454542621086e-8	0
4.6499999999999995	1.2290378362833674e-8	7.449974820053767e-7	0	1.6925847068657701e-9	9.380820606952282e-8	0
4.66	1.2241797632808388e-8	7.3356243026004e-7	0	1.6835142493636266e-9	9.359186671283475e-8	0
4.67	1.2193216902783109e-8	7.283155745472952e-7	0	1.6744437918614841e-9	9.337552735614671e-8	0
4.68	1.2144636172757828e-8	7.230935710274525e-7	0	1.6653733343593417e-9	9.315918799945865e-8	0
4.6899999999999995	1.2096055442732547e-8	7.178715675076099e-7	0	1.656302876857199e-9	9.294284864277061e-8	0
4.7	1.2047474712707262e-8	7.126495639877668e-7	0	1.6472324193550557e-9	9.272650928608255e-8	0
4.71	1.1998893982681981e-8	7.074275604679241e-7	0	1.6381619618529132e-9	9.25101699293945e-8	0
4.72	1.1950313252656702e-8	7.022055569480815e-7	0	1.6290915043507705e-9	9.229383057270646e-8	0
4.7299999999999995	1.190173252263142e-8	6.969835534282388e-7	0	1.620021046848628e-9	9.207749121601842e-8	0
4.739999999999999	1.185315179260614e-8	6.917615499083961e-7	0	1.6109505893464856e-9	9.186115185933038e-8	0
4.75	1.1804571062580857e-8	6.865395463885531e-7	0	1.601880131844342e-9	9.164481250264231e-8	0
4.76	1.1755990332555575e-8	6.813175428687104e-7	0	1.5928096743421996e-9	9.142847314595427e-8	0
4.77	1.1707409602530294e-8	6.760955393488677e-7	0	1.5837392168400571e-9	9.121213378926622e-8	0
4.779999999999999	1.1658828872505015e-8	6.708735358290251e-7	0	1.5746687593379145e-9	9.099579443257817e-8	0
4.79	1.1610248142479729e-8	6.656515323091819e-7	0	1.5655983018357712e-9	9.077945507589011e-8	0
4.8	1.156166741245445e-8	6.604295287893392e-7	0	1.5565278443336287e-9	9.056311571920207e-8	0
4.81	1.1513086682429168e-8	6.552075252694966e-7	0	1.547457386831486e-9	9.034677636251402e-8	0
4.819999999999999	1.1464505952403887e-8	6.499855217496539e-7	0	1.5383869293293435e-9	9.013043700582597e-8	0
4.83	1.1415925222378603e-8	6.447635182298108e-7	0	1.5293164718272002e-9	8.991409764913791e-8	0
4.84	1.1367344492353322e-8	6.395415147099682e-7	0	1.5202460143250576e-9	8.969775829244987e-8	0
4.85	1.1318763762328042e-8	6.343195111901255e-7	0	1.511175556822915e-9	8.948141893576182e-8	0
4.859999999999999	1.1270183032302761e-8	6.290975076702828e-7	0	1.5021050993207726e-9	8.926507957907378e-8	0
4.87	1.1221602302277476e-8	6.238755041504398e-7	0	1.4930346418186293e-9	8.904874022238571e-8	0
4.88	1.1173021572252195e-8	6.186535006305971e-7	0	1.4839641843164866e-9	8.883240086569767e-8	0
4.89	1.1124440842226916e-8	6.134314971107544e-7	0	1.4748937268143442e-9	8.861606150900963e-8	0
4.8999999999999995	1.1075860112201635e-8	6.082094935909118e-7	0	1.4658232693122017e-9	8.839972215232159e-8	0
4.91	1.102727938217635e-8	6.029874900710686e-7	0	1.4590376179527583e-9	8.818338279563352e-8	0
4.92	1.097869865215107e-8	5.977654865512259e-7	0	1.4546976079510296e-9	8.796704343894548e-8	0
4.93	1.093011792212579e-8	5.925434830313833e-7	0	1.450357597949301e-9	8.775070408225742e-8	0
4.9399999999999995	1.0881537192100509e-8	5.873214795115406e-7	0	1.4460175879475723e-9	8.753436472556938e-8	0
4.95	1.0832956462075224e-8	5.820994759916975e-7	0	1.4416775779458433e-9	8.731802536888131e-8	0
4.96	1.0784375732049943e-8	5.768774724718549e-7	0	1.4373375679441146e-9	8.710168601219327e-8	0
4.97	1.0735795002024662e-8	5.716554689520122e-7	0	1.432997557942386e-9	8.688534665550523e-8	0
4.9799999999999995	1.0687214271999383e-8	5.664334654321696e-7	0	1.4286575479406573e-9	8.666900729881719e-8	0
4.989999999999999	1.0638633541974101e-8	5.612114619123269e-7	0	1.4243175379389286e-9	8.645266794212915e-8	0
5.	1.0590052811948817e-8	5.559894583924838e-7	0	1.4199775279371998e-9	8.623632858544108e-8	0
5.01	1.0541472081923536e-8	5.507674548726411e-7	0	1.4156375179354711e-9	8.601998922875304e-8	0
5.02	1.0492891351898256e-8	5.455454513527985e-7	0	1.4112975079337425e-9	8.580364987206498e-8	0
5.029999999999999	1.0444310621872975e-8	5.403234478329558e-7	0	1.4069574979320138e-9	8.558731051537694e-8	0
5.04	1.0395729891847691e-8	5.351014443131126e-7	0	1.4026174879302848e-9	8.537097115868887e-8	0
5.05	1.034714916182241e-8	5.2987944079327e-7	0	1.3982774779285561e-9	8.515463180200083e-8	0
5.06	1.029856843179713e-8	5.246574372734273e-7	0	1.3939374679268275e-9	8.493829244531279e-8	0
5.069999999999999	1.024998770177185e-8	5.194354337535847e-7	0	1.389597457925099e-9	8.472195308862474e-8	0
5.08	1.0201406971746565e-8	5.142134302337416e-7	0	1.38525744792337e-9	8.450561373193668e-8	0
5.09	1.0152826241721284e-8	5.089914267138989e-7	0	1.3809174379216413e-9	8.428927437524864e-8	0
5.1	1.0104245511696003e-8	5.037694231940563e-7	0	1.3765774279199126e-9	8.407293501856059e-8	0
5.109999999999999	1.0055664781670723e-8	4.985474196742136e-7	0	1.372237417918184e-9	8.385659566187255e-8	0
5.12	1.0007084051645437e-8	4.933254161543705e-7	0	1.367897407916455e-9	8.364025630518448e-8	0
5.13	9.958503321620158e-9	4.881034126345278e-7	0	1.3635573979147263e-9	8.342391694849644e-8	0
5.14	9.909922591594876e-9	4.828814091146852e-7	0	1.3592173879129976e-9	8.32075775918084e-8	0
5.1499999999999995	9.861341861569597e-9	4.776594055948425e-7	0	1.354877377911269e-9	8.299123823512035e-8	0
5.16	9.812761131544311e-9	4.724374020749994e-7	0	1.3505373679095399e-9	8.277489887843229e-8	0
5.17	9.764180401519031e-9	4.6721539855515673e-7	0	1.3461973579078112e-9	8.255855952174424e-8	0
5.18	9.71559967149375e-9	4.619933950353141e-7	0	1.3418573479060826e-9	8.234222016505619e-8	0
5.1899999999999995	9.667018941468469e-9	4.5677139151547137e-7	0	1.337517337904354e-9	8.212588080836815e-8	0
5.2	9.618438211443185e-9	4.515493879956283e-7	0	1.333177327902625e-9	8.190954145168008e-8	0
5.21	9.569857481417905e-9	4.470016267020869e-7	0	1.3288373179008964e-9	8.169320209499204e-8	0
5.22	9.521276751392624e-9	4.43563332775634e-7	0	1.3244973078991678e-9	8.1476862738304e-8	0
5.2299999999999995	9.472696021367343e-9	4.4012503884918103e-7	0	1.3201572978974391e-9	8.126052338161596e-8	0
5.239999999999999	9.424115291342064e-9	4.366867449227281e-7	0	1.3158172878957105e-9	8.10441840249279e-8	0
5.25	9.375534561316777e-9	4.332484509962749e-7	0	1.3114772778939814e-9	8.082784466823985e-8	0
5.26	9.326953831291498e-9	4.29810157069822e-7	0	1.3071372678922527e-9	8.061150531155179e-8	0
5.27	9.278373101266217e-9	4.2637186314336907e-7	0	1.302797257890524e-9	8.039516595486375e-8	0
5.279999999999999	9.229792371240936e-9	4.229335692169161e-7	0	1.2984572478887956e-9	8.017882659817571e-8	0
5.29	9.181211641215651e-9	4.194952752904629e-7	0	1.2941172378870666e-9	7.996248724148764e-8	0
5.3	9.134417007333887e-9	4.1605698136400996e-7	0	1.289777227885338e-9	7.97461478847996e-8	0
5.31	9.096861562145132e-9	4.12618687437557e-7	0	1.2854372178836093e-9	7.952980852811156e-8	0
5.319999999999999	9.059306116956376e-9	4.091803935111041e-7	0	1.2810972078818806e-9	7.93134691714235e-8	0
5.33	9.021750671767617e-9	4.0574209958465086e-7	0	1.2767571978801516e-9	7.909712981473545e-8	0
5.34	8.98419522657886e-9	4.0230380565819794e-7	0	1.272417187878423e-9	7.88807904580474e-8	0
5.35	8.946639781390105e-9	3.9886551173174503e-7	0	1.2680771778766942e-9	7.866445110135935e-8	0
5.359999999999999	8.909084336201349e-9	3.9542721780529207e-7	0	1.2637371678749656e-9	7.844811174467131e-8	0
5.37	8.871528891012589e-9	3.9198892387883884e-7	0	1.2593971578732365e-9	7.823177238798325e-8	0
5.38	8.833973445823834e-9	3.885506299523859e-7	0	1.2550571478715079e-9	7.80154330312952e-8	0
5.39	8.796418000635077e-9	3.8511233602593296e-7	0	1.2507171378697792e-9	7.779909367460716e-8	0
5.3999999999999995	8.75886255544632e-9	3.8167404209948005e-7	0	1.2463771278680506e-9	7.758275431791912e-8	0
5.41	8.721307110257562e-9	3.782357481730268e-7	0	1.2420371178663217e-9	7.736641496123105e-8	0
5.42	8.683751665068805e-9	3.747974542465739e-7	0	1.237697107864593e-9	7.715007560454301e-8	0
5.43	8.64619621988005e-9	3.7135916032012094e-7	0	1.2333570978628644e-9	7.693373624785496e-8	0
5.4399999999999995	8.608640774691293e-9	3.6792086639366803e-7	0	1.2290170878611357e-9	7.671739689116692e-8	0
5.45	8.571085329502535e-9	3.644825724672148e-7	0	1.2246770778594067e-9	7.650105753447885e-8	0
5.46	8.533529884313778e-9	3.610442785407619e-7	0	1.220337067857678e-9	7.628471817779081e-8	0
5.47	8.495974439125021e-9	3.576059846143089e-7	0	1.2159970578559494e-9	7.606837882110277e-8	0
5.4799999999999995	8.458418993936266e-9	3.54167690687856e-7	0	1.2116570478542207e-9	7.585203946441472e-8	0
5.489999999999999	8.42086354874751e-9	3.507293967614031e-7	0	1.2073170378524923e-9	7.563570010772667e-8	0
5.5	8.38330810355875e-9	3.4729110283494987e-7	0	1.2029770278507632e-9	7.541936075103861e-8	0
5.51	8.345752658369995e-9	3.438528089084969e-7	0	1.1986370178490346e-9	7.520302139435056e-8	0
5.52	8.308197213181238e-9	3.4072187885400777e-7	0	1.194297007847306e-9	7.497476060792098e-8	0
5.529999999999999	8.270641767992483e-9	3.3912408715488287e-7	0	1.1899569978455772e-9	7.472704906770259e-8	0
5.54	8.233086322803723e-9	3.3752629545575787e-7	0	1.1856169878438482e-9	7.447933752748418e-8	0
5.55	8.195530877614968e-9	3.3592850375663297e-7	0	1.1812769778421195e-9	7.423162598726578e-8	0
5.56	8.157975432426211e-9	3.3433071205750813e-7	0	1.1769369678403909e-9	7.398391444704738e-8	0
5.569999999999999	8.120419987237454e-9	3.3273292035838323e-7	0	1.1725969578386622e-9	7.373620290682897e-8	0
5.58	8.082864542048696e-9	3.3113512865925823e-7	0	1.1682569478369332e-9	7.348849136661056e-8	0
5.59	8.04530909685994e-9	3.2953733696013334e-7	0	1.1639169378352045e-9	7.324077982639216e-8	0
5.6	8.007753651671182e-9	3.279395452610085e-7	0	1.1595769278334759e-9	7.299306828617377e-8	0
5.609999999999999	7.970198206482427e-9	3.263417535618836e-7	0	1.1552369178317472e-9	7.274535674595537e-8	0
5.62	7.932642761293667e-9	3.247439618627586e-7	0	1.1508969078300183e-9	7.249764520573695e-8	0
5.63	7.895087316104912e-9	3.231461701636337e-7	0	1.1465568978282897e-9	7.224993366551855e-8	0
5.64	7.857531870916156e-9	3.215483784645088e-7	0	1.142216887826561e-9	7.200222212530015e-8	0
5.6499999999999995	7.8199764257274e-9	3.1995058676538396e-7	0	1.1378768778248324e-9	7.175451058508175e-8	0
5.66	7.78242098053864e-9	3.183527950662589e-7	0	1.1335368678231033e-9	7.150679904486333e-8	0
5.67	7.744865535349884e-9	3.1675500336713406e-7	0	1.1291968578213747e-9	7.125908750464493e-8	0
5.68	7.707310090161129e-9	3.1515721166800916e-7	0	1.124856847819646e-9	7.101137596442654e-8	0
5.6899999999999995	7.669754644972372e-9	3.1355941996888427e-7	0	1.1205168378179174e-9	7.076366442420814e-8	0
5.7	7.632199199783612e-9	3.1196162826975927e-7	0	1.1161768278161885e-9	7.051595288398971e-8	0
5.71	7.594643754594857e-9	3.1036383657063437e-7	0	1.1118368178144598e-9	7.026824134377132e-8	0
5.72	7.5570883094061e-9	3.0876604487150953e-7	0	1.1074968078127312e-9	7.002052980355292e-8	0
5.7299999999999995	7.519532864217345e-9	3.0716825317238463e-7	0	1.1031567978110025e-9	6.977281826333452e-8	0
5.739999999999999	7.481977419028588e-9	3.055704614732598e-7	0	1.0988167878092739e-9	6.952510672311613e-8	0
5.75	7.444421973839829e-9	3.039726697741348e-7	0	1.0944767778075448e-9	6.92773951828977e-8	0
5.76	7.406866528651073e-9	3.023748780750099e-7	0	1.0901367678058162e-9	6.90296836426793e-8	0
5.77	7.3693110834623166e-9	3.00777086375885e-7	0	1.0857967578040875e-9	6.878197210246091e-8	0
5.779999999999999	7.331755638273561e-9	2.9917929467676015e-7	0	1.0814567478023589e-9	6.853426056224251e-8	0
5.79	7.2942001930848015e-9	2.975815029776351e-7	0	1.0771167378006298e-9	6.828654902202409e-8	0
5.8	7.2566447478960456e-9	2.9598371127851025e-7	0	1.0727767277989011e-9	6.803883748180569e-8	0
5.81	7.21908930270729e-9	2.9438591957938536e-7	0	1.0684367177971725e-9	6.779112594158729e-8	0
5.819999999999999	7.181533857518533e-9	2.9278812788026046e-7	0	1.0640967077954438e-9	6.75434144013689e-8	0
5.83	7.143978412329774e-9	2.9119033618113546e-7	0	1.059756697793715e-9	6.729570286115049e-8	0
5.84	7.106422967141018e-9	2.8959254448201056e-7	0	1.0554166877919863e-9	6.704799132093207e-8	0
5.85	7.068867521952262e-9	2.879947527828857e-7	0	1.0510766777902577e-9	6.680027978071368e-8	0
5.859999999999999	7.031312076763506e-9	2.863969610837608e-7	0	1.046736667788529e-9	6.655256824049528e-8	0
5.87	6.993756631574746e-9	2.847991693846358e-7	0	1.0423966577868e-9	6.630485670027687e-8	0
5.88	6.95620118638599e-9	2.832013776855109e-7	0	1.0380566477850713e-9	6.605714516005847e-8	0
5.89	6.918645741197234e-9	2.816035859863861e-7	0	1.0337166377833426e-9	6.580943361984008e-8	0
5.8999999999999995	6.881090296008478e-9	2.800057942872612e-7	0	1.029376627781614e-9	6.556172207962167e-8	0
5.91	6.843534850819719e-9	2.784080025881362e-7	0	1.0250366177798851e-9	6.531401053940325e-8	0
5.92	6.8059794056309625e-9	2.768102108890113e-7	0	1.0206966077781565e-9	6.506629899918486e-8	0
5.93	6.7684239604422066e-9	2.752124191898864e-7	0	1.0163565977764278e-9	6.481858745896646e-8	0
5.9399999999999995	6.730868515253451e-9	2.7361462749076155e-7	0	1.0120165877746992e-9	6.457087591874806e-8	0
5.95	6.6933130700646915e-9	2.7201683579163655e-7	0	1.00767657777297e-9	6.432316437852964e-8	0
5.96	6.6557576248759356e-9	2.7041904409251165e-7	0	1.0033365677712414e-9	6.407545283831124e-8	0
5.97	6.61820217968718e-9	2.6882125239338675e-7	0	9.989965577695128e-10	6.382774129809285e-8	0
5.9799999999999995	6.580646734498423e-9	2.672234606942619e-7	0	9.946565477677841e-10	6.358002975787445e-8	0
5.989999999999999	6.543091289309667e-9	2.65625668995137e-7	0	9.903165377660555e-10	6.333231821765605e-8	0
6.	6.505535844120908e-9	2.64027877296012e-7	0	9.859765277643264e-10	6.308460667743763e-8	0
6.01	6.467980398932152e-9	2.624300855968871e-7	0	9.816365177625978e-10	6.283689513721923e-8	0
6.02	6.430424953743396e-9	2.608322938977622e-7	0	9.772965077608691e-10	6.258918359700083e-8	0
6.029999999999999	6.392869508554639e-9	2.592345021986374e-7	0	9.729564977591407e-10	6.234147205678244e-8	0
6.04	6.35531406336588e-9	2.576367104995123e-7	0	9.686164877574116e-10	6.209376051656401e-8	0
6.05	6.317758618177124e-9	2.560389188003875e-7	0	9.64276477755683e-10	6.184604897634561e-8	0
6.06	6.280203172988368e-9	2.544411271012626e-7	0	9.599364677539543e-10	6.159833743612722e-8	0
6.069999999999999	6.2426477277996125e-9	2.5284333540213774e-7	0	9.555964577522256e-10	6.135062589590882e-8	0
6.08	6.206256746185077e-9	2.512455437030127e-7	0	9.512564477504966e-10	6.11029143556904e-8	0
6.09	6.1813585137596385e-9	2.4964775200388784e-7	0	9.46916437748768e-10	6.0855202815472e-8	0
6.1	6.1564602813342e-9	2.4804996030476295e-7	0	9.425764277470393e-10	6.06074912752536e-8	0
6.109999999999999	6.13156204890876e-9	2.4645216860563805e-7	0	9.382364177453106e-10	6.03597797350352e-8	0
6.12	6.106663816483319e-9	2.4485437690651305e-7	0	9.34571654058958e-10	6.011206819481678e-8	0
6.13	6.08176558405788e-9	2.432565852073882e-7	0	9.317255518346104e-10	5.97416237030099e-8	0
6.14	6.05686735163244e-9	2.416587935082633e-7	0	9.288794496102627e-10	5.935202435748689e-8	0
6.1499999999999995	6.031969119207001e-9	2.400610018091384e-7	0	9.260333473859151e-10	5.8962425011963886e-8	0
6.16	6.007070886781559e-9	2.384632101100134e-7	0	9.231872451615672e-10	5.857282566644084e-8	0
6.17	5.982172654356121e-9	2.3686541841088854e-7	0	9.203411429372196e-10	5.818322632091784e-8	0
6.18	5.957274421930682e-9	2.3526762671176364e-7	0	9.174950407128719e-10	5.779362697539483e-8	0
6.1899999999999995	5.9323761895052425e-9	2.3366983501263877e-7	0	9.146489384885243e-10	5.7404027629871826e-8	0
6.2	5.907477957079801e-9	2.3207204331351375e-7	0	9.118028362641764e-10	5.701442828434878e-8	0
6.21	5.882579724654362e-9	2.3094070139121212e-7	0	9.089567340398288e-10	5.662482893882578e-8	0
6.22	5.857681492228922e-9	2.298840347232047e-7	0	9.061106318154811e-10	5.623522959330277e-8	0
6.2299999999999995	5.832783259803484e-9	2.2882736805519727e-7	0	9.032645295911335e-10	5.5845630247779766e-8	0
6.24	5.807885027378042e-9	2.2777070138718978e-7	0	9.004184273667856e-10	5.545603090225672e-8	0
6.25	5.782986794952603e-9	2.2671403471918234e-7	0	8.97572325142438e-10	5.506643155673372e-8	0
6.26	5.7580885625271634e-9	2.2565736805117493e-7	0	8.947262229180904e-10	5.467683221121071e-8	0
6.27	5.733190330101725e-9	2.2460070138316752e-7	0	8.918801206937428e-10	5.4287232865687706e-8	0
6.279999999999999	5.708292097676285e-9	2.235440347151601e-7	0	8.890340184693952e-10	5.38976335201647e-8	0
6.29	5.683393865250844e-9	2.224873680471526e-7	0	8.861879162450473e-10	5.350803417464166e-8	0
6.3	5.6584956328254046e-9	2.2143070137914518e-7	0	8.833418140206997e-10	5.3118434829118656e-8	0
6.31	5.633597400399966e-9	2.2037403471113776e-7	0	8.804957117963521e-10	5.2728835483595646e-8	0
6.319999999999999	5.608699167974526e-9	2.1931736804313035e-7	0	8.776496095720044e-10	5.233923613807264e-8	0
6.33	5.583800935549085e-9	2.1826070137512283e-7	0	8.748035073476566e-10	5.19496367925496e-8	0
6.34	5.558902703123646e-9	2.1720403470711542e-7	0	8.719574051233089e-10	5.1560037447026596e-8	0
6.35	5.534004470698207e-9	2.1614736803910798e-7	0	8.691113028989613e-10	5.1170438101503586e-8	0
6.359999999999999	5.5091062382727675e-9	2.1509070137110057e-7	0	8.662652006746136e-10	5.0838914721332386e-8	0
6.37	5.484208005847326e-9	2.1403403470309305e-7	0	8.634190984502658e-10	5.057808691760937e-8	0
6.38	5.459309773421887e-9	2.1297736803508564e-7	0	8.605729962259181e-10	5.031725911388637e-8	0
6.39	5.434411540996448e-9	2.1192070136707823e-7	0	8.577268940015705e-10	5.0056431310163385e-8	0
6.3999999999999995	5.409513308571009e-9	2.108640346990708e-7	0	8.548807917772229e-10	4.9795603506440384e-8	0
6.41	5.3846150761455674e-9	2.098073680310633e-7	0	8.52034689552875e-10	4.953477570271737e-8	0
6.42	5.359716843720128e-9	2.0875070136305589e-7	0	8.491885873285274e-10	4.9273947898994377e-8	0
6.43	5.334818611294689e-9	2.0769403469504845e-7	0	8.463424851041798e-10	4.901312009527138e-8	0
6.4399999999999995	5.30992037886925e-9	2.0663736802704103e-7	0	8.434963828798322e-10	4.8752292291548396e-8	0
6.45	5.2850221464438086e-9	2.0558070135903352e-7	0	8.406502806554843e-10	4.8491464487825375e-8	0
6.46	5.260123914018369e-9	2.045240346910261e-7	0	8.378041784311367e-10	4.823063668410238e-8	0
6.47	5.23522568159293e-9	2.034673680230187e-7	0	8.349580762067891e-10	4.796980888037939e-8	0
6.4799999999999995	5.210327449167491e-9	2.0241070135501128e-7	0	8.321119739824414e-10	4.7708981076656394e-8	0
6.49	5.18542921674205e-9	2.0135403468700376e-7	0	8.292658717580936e-10	4.744815327293338e-8	0
6.5	5.16053098431661e-9	2.0029736801899635e-7	0	8.264197695337459e-10	4.7187325469210386e-8	0
6.51	5.1356327518911715e-9	1.9924070135098894e-7	0	8.235736673093983e-10	4.692649766548739e-8	0
6.52	5.110734519465732e-9	1.981840346829815e-7	0	8.207275650850506e-10	4.66656698617644e-8	0
6.529999999999999	5.085836287040293e-9	1.971273680149741e-7	0	8.17881462860703e-10	4.6404842058041404e-8	0
6.54	5.060938054614851e-9	1.960707013469666e-7	0	8.150353606363551e-10	4.614401425431839e-8	0
6.55	5.036039822189413e-9	1.9501403467895916e-7	0	8.121892584120075e-10	4.588318645059539e-8	0
6.56	5.011141589763973e-9	1.9395736801095174e-7	0	8.093431561876599e-10	4.56223586468724e-8	0
6.569999999999999	4.986243357338534e-9	1.9290070134294433e-7	0	8.064970539633123e-10	4.536153084314941e-8	0
6.58	4.961345124913092e-9	1.9184403467493681e-7	0	8.036509517389644e-10	4.510070303942639e-8	0
6.59	4.936446892487654e-9	1.907873680069294e-7	0	8.008048495146168e-10	4.4839875235703395e-8	0
6.6	4.911548660062214e-9	1.8973070133892196e-7	0	7.979587472902692e-10	4.45790474319804e-8	0
6.609999999999999	4.8866504276367755e-9	1.8867403467091455e-7	0	7.951126450659216e-10	4.4318219628257414e-8	0
6.62	4.8617521952113335e-9	1.8761736800290703e-7	0	7.922665428415737e-10	4.405739182453439e-8	0
6.63	4.836853962785895e-9	1.8656070133489962e-7	0	7.894204406172261e-10	4.37965640208114e-8	0
6.64	4.811955730360455e-9	1.855040346668922e-7	0	7.865743383928784e-10	4.3535736217088405e-8	0
6.6499999999999995	4.787057497935017e-9	1.844473679988848e-7	0	7.837282361685308e-10	4.327490841336541e-8	0
6.66	4.762159265509575e-9	1.8339070133087728e-7	0	7.808821339441829e-10	4.30140806096424e-8	0
6.67	4.737261033084136e-9	1.8233403466286987e-7	0	7.780360317198353e-10	4.2753252805919404e-8	0
6.68	4.7123628006586964e-9	1.8127736799486245e-7	0	7.751899294954876e-10	4.249242500219641e-8	0
6.6899999999999995	4.687464568233257e-9	1.8022070132685504e-7	0	7.7234382727114e-10	4.2231597198473416e-8	0
6.7	4.662566335807816e-9	1.7916403465884752e-7	0	7.694977250467921e-10	4.1970769394750396e-8	0
6.71	4.637668103382377e-9	1.781073679908401e-7	0	7.666516228224445e-10	4.170994159102741e-8	0
6.72	4.6127698709569376e-9	1.7705070132283267e-7	0	7.638055205980968e-10	4.1449113787304415e-8	0
6.7299999999999995	4.587871638531499e-9	1.7599403465482526e-7	0	7.609594183737493e-10	4.118828598358142e-8	0
6.74	4.562973406106057e-9	1.7493736798681774e-7	0	7.581133161494013e-10	4.09274581798584e-8	0
6.75	4.538075173680618e-9	1.7388070131881033e-7	0	7.552672139250538e-10	4.0666630376135407e-8	0
6.76	4.513176941255179e-9	1.7282403465080292e-7	0	7.524211117007061e-10	4.040580257241241e-8	0
6.77	4.48827870882974e-9	1.717673679827955e-7	0	7.495750094763586e-10	4.014497476868942e-8	0
6.779999999999999	4.4633804764043005e-9	1.7071070131478807e-7	0	7.46728907252011e-10	3.988414696496643e-8	0
6.79	4.438482243978859e-9	1.6965403464678058e-7	0	7.438828050276631e-10	3.962331916124341e-8	0
6.8	4.41358401155342e-9	1.6859736797877314e-7	0	7.410367028033154e-10	3.936249135752042e-8	0
6.81	4.388685779127981e-9	1.6754070131076573e-7	0	7.381906005789678e-10	3.9101663553797424e-8	0
6.819999999999999	4.363787546702542e-9	1.6648403464275831e-7	0	7.353444983546202e-10	3.884083575007443e-8	0
6.83	4.3388893142771004e-9	1.654273679747508e-7	0	7.324983961302723e-10	3.8580007946351416e-8	0
6.84	4.313991081851661e-9	1.6437070130674338e-7	0	7.296522939059246e-10	3.831918014262842e-8	0
6.85	4.289092849426222e-9	1.6331403463873597e-7	0	7.26806191681577e-10	3.805835233890543e-8	0
6.859999999999999	4.264194617000783e-9	1.6225736797072856e-7	0	7.239600894572294e-10	3.7797524535182434e-8	0
6.87	4.2392963845753416e-9	1.6120070130272104e-7	0	7.211139872328815e-10	3.7536696731459414e-8	0
6.88	4.214944371528566e-9	1.6014403463471363e-7	0	7.18267885008534e-10	3.7275868927736427e-8	0
6.89	4.198078777024649e-9	1.590873679667062e-7	0	7.154217827841863e-10	3.701504112401343e-8	0
6.8999999999999995	4.181213182520732e-9	1.5803070129869878e-7	0	7.125756805598387e-10	3.675421332029044e-8	0
6.91	4.164347588016813e-9	1.5721643723542767e-7	0	7.097295783354908e-10	3.649338551656742e-8	0
6.92	4.147481993512896e-9	1.5656109938320896e-7	0	7.068834761111431e-10	3.6232557712844425e-8	0
6.93	4.13061639900898e-9	1.5590576153099024e-7	0	7.040373738867955e-10	3.597172990912143e-8	0
6.9399999999999995	4.1137508045050635e-9	1.5525042367877154e-7	0	7.01191271662448e-10	3.571090210539844e-8	0
6.95	4.096885210001145e-9	1.5459508582655276e-7	0	6.983451694381e-10	3.545007430167542e-8	0
6.96	4.0800196154972276e-9	1.5393974797433405e-7	0	6.954990672137525e-10	3.518924649795243e-8	0
6.97	4.0631540209933104e-9	1.5328441012211533e-7	0	6.926529649894048e-10	3.4928418694229435e-8	0
6.9799999999999995	4.046288426489394e-9	1.5262907226989663e-7	0	6.898068627650572e-10	3.46677112596937e-8	0
6.99	4.029422831985475e-9	1.5197373441767785e-7	0	6.869607605407093e-10	3.443095729342197e-8	0
7.	4.012557237481559e-9	1.5131839656545914e-7	0	6.841146583163617e-10	3.4194203327150267e-8	0
7.01	3.995691642977642e-9	1.5066305871324042e-7	0	6.81268556092014e-10	3.3957449360878564e-8	0
7.02	3.978826048473725e-9	1.5000772086102172e-7	0	6.784224538676664e-10	3.3720695394606855e-8	0
7.029999999999999	3.961960453969808e-9	1.4935238300880301e-7	0	6.755763516433188e-10	3.348394142833515e-8	0
7.04	3.94509485946589e-9	1.4869704515658423e-7	0	6.727302494189709e-10	3.3247187462063424e-8	0
7.05	3.928229264961973e-9	1.480417073043655e-7	0	6.698841471946233e-10	3.3010433495791715e-8	0
7.06	3.911363670458056e-9	1.473863694521468e-7	0	6.670380449702757e-10	3.277367952952001e-8	0
7.069999999999999	3.894498075954139e-9	1.467310315999281e-7	0	6.64191942745928e-10	3.253692556324831e-8	0
7.08	3.87763248145022e-9	1.4607569374770932e-7	0	6.613458405215802e-10	3.230017159697658e-8	0
7.09	3.860766886946304e-9	1.454203558954906e-7	0	6.584997382972325e-10	3.206341763070488e-8	0
7.1	3.843901292442387e-9	1.447650180432719e-7	0	6.55653636072885e-10	3.182666366443318e-8	0
7.109999999999999	3.827035697938471e-9	1.441096801910532e-7	0	6.528075338485373e-10	3.158990969816147e-8	0
7.12	3.810170103434552e-9	1.434543423388344e-7	0	6.499614316241895e-10	3.135315573188974e-8	0
7.13	3.793304508930635e-9	1.4279900448661569e-7	0	6.471153293998418e-10	3.111640176561803e-8	0
7.14	3.776438914426718e-9	1.4214366663439698e-7	0	6.442692271754942e-10	3.087964779934633e-8	0
7.1499999999999995	3.759573319922801e-9	1.4148832878217828e-7	0	6.414231249511465e-10	3.0642893833074626e-8	0
7.16	3.742707725418883e-9	1.408329909299595e-7	0	6.385770227267987e-10	3.04061398668029e-8	0
7.17	3.725842130914966e-9	1.4017765307774077e-7	0	6.35730920502451e-10	3.0169385900531195e-8	0
7.18	3.708976536411049e-9	1.3952231522552207e-7	0	6.328848182781034e-10	2.9932631934259486e-8	0
7.1899999999999995	3.6921109419071324e-9	1.3886697737330337e-7	0	6.300387160537558e-10	2.9695877967987784e-8	0
7.2	3.675245347403214e-9	1.382116395210846e-7	0	6.271926138294079e-10	2.9459124001716055e-8	0
7.21	3.658379752899297e-9	1.375563016688659e-7	0	6.243465116050603e-10	2.9222370035444352e-8	0
7.22	3.64151415839538e-9	1.3690096381664716e-7	0	6.215004093807127e-10	2.8985616069172644e-8	0
7.2299999999999995	3.6246485638914634e-9	1.3624562596442846e-7	0	6.18654307156365e-10	2.874886210290094e-8	0
7.24	3.607782969387545e-9	1.3559028811220968e-7	0	6.158082049320172e-10	2.8512108136629212e-8	0
7.25	3.5909173748836283e-9	1.3493495025999098e-7	0	6.129621027076695e-10	2.827535417035751e-8	0
7.26	3.5740517803797112e-9	1.3427961240777225e-7	0	6.101160004833219e-10	2.80386002040858e-8	0
7.27	3.557186185875794e-9	1.3362427455555355e-7	0	6.072698982589743e-10	2.78018462378141e-8	0
7.279999999999999	3.5403205913718778e-9	1.3296893670333482e-7	0	6.044237960346267e-10	2.7565092271542393e-8	0
7.29	3.523454996867959e-9	1.3231359885111607e-7	0	6.015776938102788e-10	2.7328338305270668e-8	0
7.3	3.5065894023640423e-9	1.3165826099889734e-7	0	5.987315915859312e-10	2.709158433899896e-8	0
7.31	3.4897238078601256e-9	1.3100292314667864e-7	0	5.958854893615835e-10	2.6854830372727256e-8	0
7.319999999999999	3.4728582133562084e-9	1.3034758529445991e-7	0	5.930393871372359e-10	2.661807640645555e-8	0
7.33	3.45599261885229e-9	1.2969224744224116e-7	0	5.90193284912888e-10	2.6381322440183825e-8	0
7.34	3.4391270243483734e-9	1.2903690959002243e-7	0	5.873471826885404e-10	2.6144568473912116e-8	0
7.35	3.4222614298444562e-9	1.2838157173780373e-7	0	5.845010804641928e-10	2.5907814507640414e-8	0
7.359999999999999	3.4053958353405395e-9	1.27726233885585e-7	0	5.816549782398452e-10	2.567106054136871e-8	0
7.37	3.388530240836621e-9	1.2707089603336625e-7	0	5.788088760154973e-10	2.5434306575096983e-8	0
7.38	3.3716646463327044e-9	1.2641555818114752e-7	0	5.759627737911497e-10	2.5197552608825274e-8	0
7.39	3.3547990518287877e-9	1.2576022032892882e-7	0	5.73116671566802e-10	2.4960798642553572e-8	0
7.3999999999999995	3.3379334573248706e-9	1.251048824767101e-7	0	5.702705693424544e-10	2.4724044676281866e-8	0
7.41	3.3210678628209522e-9	1.2444954462449134e-7	0	5.674244671181065e-10	2.448729071001014e-8	0
7.42	3.3042022683170355e-9	1.2379420677227264e-7	0	5.645783648937589e-10	2.4250536743738432e-8	0
7.43	3.2873366738131184e-9	1.231388689200539e-7	0	5.617322626694113e-10	2.401378277746673e-8	0
7.4399999999999995	3.2704710793092017e-9	1.224835310678352e-7	0	5.588861604450637e-10	2.3777028811195024e-8	0
7.45	3.2536054848052833e-9	1.2182819321561643e-7	0	5.560400582207158e-10	2.3540274844923298e-8	0
7.46	3.236739890301366e-9	1.2117285536339773e-7	0	5.531939559963682e-10	2.3303520878651593e-8	0
7.47	3.21987429579745e-9	1.20517517511179e-7	0	5.503478537720205e-10	2.3066766912379887e-8	0
7.4799999999999995	3.2030087012935327e-9	1.198621796589603e-7	0	5.475017515476729e-10	2.283001294610818e-8	0
7.49	3.1861431067896144e-9	1.1920684180674152e-7	0	5.44655649323325e-10	2.2593258979836456e-8	0
7.5	3.1692775122856976e-9	1.185515039545228e-7	0	5.418095470989774e-10	2.235650501356475e-8	0
7.51	3.1524119177817805e-9	1.1789616610230409e-7	0	5.389634448746298e-10	2.2119751047293045e-8	0
7.52	3.135546323277864e-9	1.1724082825008539e-7	0	5.361173426502822e-10	2.188299708102134e-8	0
7.529999999999999	3.118680728773947e-9	1.1658549039786666e-7	0	5.332712404259345e-10	2.1646243114749633e-8	0
7.54	3.1018151342700283e-9	1.1593015254564789e-7	0	5.304251382015867e-10	2.1409489148477908e-8	0
7.55	3.0849495397661116e-9	1.1527481469342918e-7	0	5.27579035977239e-10	2.1172735182206202e-8	0
7.56	3.068083945262195e-9	1.1461947684121048e-7	0	5.247329337528914e-10	2.0935981215934497e-8	0
7.569999999999999	3.0512183507582777e-9	1.1396413898899176e-7	0	5.218868315285438e-10	2.069922724966279e-8	0
7.58	3.0343527562543594e-9	1.1330880113677298e-7	0	5.190407293041959e-10	2.0462473283391065e-8	0
7.59	3.0174871617504427e-9	1.1265346328455427e-7	0	5.161946270798483e-10	2.022571931711936e-8	0
7.6	3.000621567246526e-9	1.1199812543233557e-7	0	5.133485248555007e-10	1.9988965350847654e-8	0
7.609999999999999	2.983755972742609e-9	1.1134278758011685e-7	0	5.10502422631153e-10	1.975221138457595e-8	0
7.62	2.9668903782386904e-9	1.1068744972789809e-7	0	5.078494214740603e-10	1.9515457418304223e-8	0
7.63	2.9500247837347737e-9	1.1003211187567937e-7	0	5.06308056190626e-10	1.9278703452032517e-8	0
7.64	2.933159189230857e-9	1.0937677402346066e-7	0	5.047666909071918e-10	1.9041949485760812e-8	0
7.6499999999999995	2.91629359472694e-9	1.0872143617124194e-7	0	5.032253256237574e-10	1.8805195519489106e-8	0
7.66	2.8994280002230215e-9	1.0806609831902318e-7	0	5.01683960340323e-10	1.856844155321738e-8	0
7.67	2.882562405719105e-9	1.0741076046680446e-7	0	5.001425950568887e-10	1.8331687586945675e-8	0
7.68	2.8656968112151877e-9	1.0675542261458575e-7	0	4.986012297734545e-10	1.809493362067397e-8	0
7.6899999999999995	2.848831216711271e-9	1.0610008476236703e-7	0	4.970598644900202e-10	1.7858179654402264e-8	0
7.7	2.8319656222073526e-9	1.0544474691014826e-7	0	4.955184992065857e-10	1.762142568813054e-8	0
7.71	2.815100027703436e-9	1.0478940905792955e-7	0	4.939771339231514e-10	1.7384671721858833e-8	0
7.72	2.798234433199519e-9	1.0413407120571084e-7	0	4.924357686397172e-10	1.7147917755587127e-8	0
7.7299999999999995	2.781368838695602e-9	1.0347873335349212e-7	0	4.908944033562829e-10	1.691116378931542e-8	0
7.74	2.7645032441916837e-9	1.0282339550127335e-7	0	4.893530380728484e-10	1.6674409823043696e-8	0
7.75	2.747637649687767e-9	1.0216805764905464e-7	0	4.878116727894141e-10	1.643765585677199e-8	0
7.76	2.73077205518385e-9	1.0151271979683593e-7	0	4.862703075059798e-10	1.6200901890500285e-8	0
7.77	2.713906460679933e-9	1.0099844462045543e-7	0	4.847289422225455e-10	1.596414792422858e-8	0
7.779999999999999	2.6970408661760164e-9	1.0053660838118353e-7	0	4.831875769391112e-10	1.5727393957956873e-8	0
7.79	2.6801752716720976e-9	1.0007477214191158e-7	0	4.816462116556768e-10	1.5490639991685148e-8	0
7.8	2.663309677168181e-9	9.961293590263969e-8	0	4.801048463722425e-10	1.526398695308821e-8	0
7.81	2.646444082664264e-9	9.915109966336778e-8	0	4.785634810888082e-10	1.5140726556195908e-8	0
7.819999999999999	2.629578488160347e-9	9.868926342409588e-8	0	4.770221158053739e-10	1.5017466159303608e-8	0
7.83	2.612712893656429e-9	9.822742718482394e-8	0	4.754807505219395e-10	1.4894205762411295e-8	0
7.84	2.595847299152512e-9	9.776559094555204e-8	0	4.739393852385052e-10	1.4770945365518996e-8	0
7.85	2.5789817046485952e-9	9.730375470628012e-8	0	4.723980199550709e-10	1.4647684968626692e-8	0
7.859999999999999	2.562116110144678e-9	9.684191846700822e-8	0	4.708566546716366e-10	1.4524424571734393e-8	0
7.87	2.5452505156407597e-9	9.638008222773628e-8	0	4.693152893882022e-10	1.440116417484208e-8	0
7.88	2.528384921136843e-9	9.591824598846438e-8	0	4.677739241047679e-10	1.427790377794978e-8	0
7.89	2.5115193266329263e-9	9.545640974919247e-8	0	4.662325588213336e-10	1.4154643381057477e-8	0
7.8999999999999995	2.494653732129009e-9	9.499457350992057e-8	0	4.646911935378993e-10	1.4031382984165177e-8	0
7.91	2.477788137625091e-9	9.453273727064863e-8	0	4.631498282544649e-10	1.3908122587272864e-8	0
7.92	2.460922543121174e-9	9.407090103137673e-8	0	4.6160846297103055e-10	1.3784862190380564e-8	0
7.93	2.4440569486172574e-9	9.360906479210483e-8	0	4.600670976875963e-10	1.3661601793488261e-8	0
7.9399999999999995	2.4271913541133403e-9	9.314722855283293e-8	0	4.5852573240416196e-10	1.3538341396595961e-8	0
7.95	2.410325759609422e-9	9.268539231356097e-8	0	4.5698436712072753e-10	1.3415080999703648e-8	0
7.96	2.393460165105505e-9	9.222355607428907e-8	0	4.5544300183729326e-10	1.3291820602811349e-8	0
7.97	2.3765945706015885e-9	9.176171983501717e-8	0	4.53901636553859e-10	1.3168560205919045e-8	0
7.9799999999999995	2.3597289760976713e-9	9.129988359574527e-8	0	4.5236027127042466e-10	1.3045299809026746e-8	0
7.99	2.342863381593753e-9	9.083804735647332e-8	0	4.5081890598699023e-10	1.2922039412134433e-8	0
8.	2.3259977870898362e-9	9.037621111720142e-8	0	4.492775407035559e-10	1.2798779015242131e-8	0
8.01	2.309132192585919e-9	8.991437487792952e-8	0	4.4773617542012164e-10	1.267551861834983e-8	0
8.02	2.2922665980820024e-9	8.945253863865762e-8	0	4.4619481013668737e-10	1.255225822145753e-8	0
8.030000000000001	2.2754010035780824e-9	8.899070239938563e-8	0	4.446534448532528e-10	1.2428997824565205e-8	0
8.040000000000001	2.2585354090741657e-9	8.852886616011373e-8	0	4.431120795698185e-10	1.2305737427672904e-8	0
8.05	2.241669814570249e-9	8.806702992084183e-8	0	4.415707142863842e-10	1.2182477030780604e-8	0
8.06	2.224804220066332e-9	8.760519368156993e-8	0	4.400293490029499e-10	1.2059216633888301e-8	0
8.07	2.207938625562415e-9	8.714335744229803e-8	0	4.3848798371951565e-10	1.1935956236996001e-8	0
8.08	2.1910730310584984e-9	8.668152120302611e-8	0	4.369466184360813e-10	1.18126958401037e-8	0
8.09	2.1747233250553267e-9	8.621968496375421e-8	0	4.35405253152647e-10	1.1689435443211399e-8	0
8.1	2.1654443261506182e-9	8.575784872448231e-8	0	4.338638878692127e-10	1.1566175046319097e-8	0
8.11	2.1561653272459097e-9	8.529601248521041e-8	0	4.3232252258577845e-10	1.1442914649426796e-8	0
8.12	2.146886328341201e-9	8.483417624593851e-8	0	4.3078115730234413e-10	1.1319654252534496e-8	0
8.129999999999999	2.1376073294364926e-9	8.437234000666661e-8	0	4.2923979201890986e-10	1.1196393855642193e-8	0
8.14	2.1283283305317825e-9	8.391050376739462e-8	0	4.276984267354753e-10	1.107313345874987e-8	0
8.15	2.119049331627074e-9	8.344866752812272e-8	0	4.26157061452041e-10	1.094987306185757e-8	0
8.16	2.1097703327223654e-9	8.298683128885082e-8	0	4.2461569616860673e-10	1.0826612664965269e-8	0
8.17	2.1004913338176573e-9	8.252499504957892e-8	0	4.230743308851724e-10	1.0703352268072967e-8	0
8.18	2.0912123349129488e-9	8.2063158810307e-8	0	4.215329656017381e-10	1.0580091871180666e-8	0
8.19	2.0819333360082402e-9	8.16013225710351e-8	0	4.199916003183038e-10	1.0456831474288364e-8	0
8.2	2.0726543371035317e-9	8.11394863317632e-8	0	4.1845023503486954e-10	1.0333571077396065e-8	0
8.209999999999999	2.063375338198823e-9	8.06776500924913e-8	0	4.169088697514352e-10	1.0210310680503761e-8	0
8.22	2.054096339294113e-9	8.021581385321932e-8	0	4.153675044680007e-10	1.0087050283611439e-8	0
8.23	2.0448173403894045e-9	7.975397761394741e-8	0	4.1382613918456636e-10	9.963789886719139e-9	0
8.24	2.035538341484696e-9	7.929214137467551e-8	0	4.122847739011321e-10	9.840529489826837e-9	0
8.25	2.0262593425799874e-9	7.883030513540361e-8	0	4.1074340861769777e-10	9.717269092934536e-9	0
8.26	2.016980343675279e-9	7.836846889613171e-8	0	4.092020433342635e-10	9.594008696042234e-9	0
8.27	2.0077013447705704e-9	7.790663265685981e-8	0	4.0766067805082917e-10	9.470748299149933e-9	0
8.28	1.998422345865862e-9	7.74447964175879e-8	0	4.061193127673949e-10	9.347487902257633e-9	0
8.29	1.9891433469611533e-9	7.6982960178316e-8	0	4.0457794748396063e-10	9.22422750536533e-9	0
8.299999999999999	1.979864348056445e-9	7.65211239390441e-8	0	4.030365822005263e-10	9.10096710847303e-9	0
8.31	1.9705853491517346e-9	7.605928769977212e-8	0	4.0149521691709177e-10	8.977706711580707e-9	0
8.32	1.961306350247026e-9	7.559745146050022e-8	0	3.9995385163365745e-10	8.854446314688406e-9	0
8.33	1.9520273513423176e-9	7.51356152212283e-8	0	3.984124863502232e-10	8.731185917796105e-9	0
8.34	1.942748352437609e-9	7.46737789819564e-8	0	3.9687112106678885e-10	8.607925520903803e-9	0
8.35	1.9334693535329005e-9	7.42119427426845e-8	0	3.953297557833546e-10	8.484665124011502e-9	0
8.36	1.924190354628192e-9	7.37501065034126e-8	0	3.9378839049992026e-10	8.361404727119202e-9	0
8.37	1.9149113557234835e-9	7.32882702641407e-8	0	3.92247025216486e-10	8.238144330226899e-9	0
8.379999999999999	1.905632356818775e-9	7.282643402486879e-8	0	3.907056599330517e-10	8.114883933334599e-9	0
8.39	1.8963533579140648e-9	7.236459778559681e-8	0	3.8916429464961713e-10	7.991623536442276e-9	0
8.4	1.8870743590093563e-9	7.190276154632491e-8	0	3.8762292936618286e-10	7.868363139549975e-9	0
8.41	1.8777953601046477e-9	7.144092530705301e-8	0	3.8608156408274854e-10	7.745102742657673e-9	0
8.42	1.8685163611999392e-9	7.097908906778111e-8	0	3.8454019879931426e-10	7.621842345765372e-9	0
8.43	1.8592373622952307e-9	7.051725282850919e-8	0	3.8299883351587994e-10	7.49858194887307e-9	0
8.44	1.8499583633905222e-9	7.005541658923729e-8	0	3.8145746823244567e-10	7.375321551980769e-9	0
8.45	1.8406793644858136e-9	6.959358034996539e-8	0	3.7991610294901134e-10	7.252061155088468e-9	0
8.459999999999999	1.8314003655811051e-9	6.913174411069349e-8	0	3.7837473766557707e-10	7.128800758196167e-9	0
8.47	1.822121366676395e-9	6.877689108189937e-8	0	3.768333723821425e-10	7.005540361303844e-9	0
8.48	1.8128423677716864e-9	6.85421954168904e-8	0	3.752920070987082e-10	6.8822799644115426e-9	0
8.49	1.8035633688669779e-9	6.830749975188142e-8	0	3.7375064181527395e-10	6.759019567519242e-9	0
8.5	1.7942843699622694e-9	6.807280408687245e-8	0	3.722092765318396e-10	6.6357591706269405e-9	0
8.51	1.7850053710575608e-9	6.783810842186349e-8	0	3.7066791124840535e-10	6.512498773734639e-9	0
8.52	1.7757263721528523e-9	6.760341275685451e-8	0	3.6912654596497103e-10	6.389238376842338e-9	0
8.53	1.7664473732481438e-9	6.736871709184553e-8	0	3.6758518068153675e-10	6.265977979950037e-9	0
8.54	1.7571683743434353e-9	6.713402142683656e-8	0	3.6604381539810243e-10	6.142717583057736e-9	0
8.549999999999999	1.7478893754387267e-9	6.689932576182758e-8	0	3.6450245011466816e-10	6.019457186165435e-9	0
8.56	1.7386103765340166e-9	6.666463009681857e-8	0	3.6308835802552977e-10	5.896196789273111e-9	0
8.57	1.729331377629308e-9	6.642993443180959e-8	0	3.6183299992028916e-10	5.772936392380811e-9	0
8.58	1.7200523787245995e-9	6.619523876680062e-8	0	3.605776418150485e-10	5.649675995488509e-9	0
8.59	1.710773379819891e-9	6.596054310179166e-8	0	3.5932228370980783e-10	5.526415598596208e-9	0
8.6	1.7014943809151824e-9	6.572584743678268e-8	0	3.580669256045672e-10	5.415151943960872e-9	0
8.61	1.692215382010474e-9	6.54911517717737e-8	0	3.568115674993266e-10	5.367820295530432e-9	0
8.62	1.6829363831057654e-9	6.525645610676473e-8	0	3.5555620939408594e-10	5.3204886470999925e-9	0
8.629999999999999	1.6736573842010569e-9	6.502176044175575e-8	0	3.5430085128884533e-10	5.273156998669553e-9	0
8.64	1.6643783852963467e-9	6.478706477674674e-8	0	3.5304549318360446e-10	5.2258253502391045e-9	0
8.65	1.6550993863916382e-9	6.455236911173776e-8	0	3.517901350783638e-10	5.178493701808665e-9	0
8.66	1.6458203874869296e-9	6.431767344672879e-8	0	3.505347769731232e-10	5.131162053378225e-9	0
8.67	1.6365413885822211e-9	6.408297778171983e-8	0	3.492794188678825e-10	5.083830404947785e-9	0
8.68	1.6272623896775126e-9	6.384828211671085e-8	0	3.480240607626419e-10	5.036498756517345e-9	0
8.69	1.617983390772804e-9	6.361358645170188e-8	0	3.4676870265740124e-10	4.989167108086905e-9	0
8.7	1.6087043918680955e-9	6.33788907866929e-8	0	3.4551334455216063e-10	4.941835459656465e-9	0
8.709999999999999	1.5994253929633872e-9	6.314419512168392e-8	0	3.4425798644691997e-10	4.894503811226025e-9	0
8.72	1.590146394058677e-9	6.290949945667491e-8	0	3.4300262834167915e-10	4.847172162795577e-9	0
8.73	1.5808673951539685e-9	6.267480379166593e-8	0	3.417472702364385e-10	4.799840514365137e-9	0
8.74	1.57158839624926e-9	6.244010812665697e-8	0	3.404919121311978e-10	4.7525088659346975e-9	0
8.75	1.5623093973445515e-9	6.2205412461648e-8	0	3.392365540259572e-10	4.705177217504258e-9	0
8.76	1.553030398439843e-9	6.197071679663902e-8	0	3.379811959207166e-10	4.657845569073818e-9	0
8.77	1.5437513995351344e-9	6.173602113163005e-8	0	3.3672583781547593e-10	4.610513920643378e-9	0
8.78	1.534472400630426e-9	6.150132546662107e-8	0	3.354704797102353e-10	4.563182272212938e-9	0
8.79	1.5251934017257174e-9	6.12666298016121e-8	0	3.3421512160499466e-10	4.515850623782498e-9	0
8.8	1.5159144028210072e-9	6.103193413660308e-8	0	3.329597634997538e-10	4.46851897535205e-9	0
8.81	1.5066354039162987e-9	6.079723847159412e-8	0	3.317044053945132e-10	4.42118732692161e-9	0
8.82	1.4973564050115901e-9	6.056254280658514e-8	0	3.304490472892725e-10	4.37385567849117e-9	0
8.83	1.4880774061068816e-9	6.032784714157617e-8	0	3.291936891840319e-10	4.32652403006073e-9	0
8.84	1.478798407202173e-9	6.009315147656719e-8	0	3.2793833107879123e-10	4.2791923816302905e-9	0
8.85	1.4695194082974646e-9	5.985845581155822e-8	0	3.266829729735506e-10	4.2318607331998515e-9	0
8.86	1.460240409392756e-9	5.962376014654924e-8	0	3.2542761486830996e-10	4.184529084769412e-9	0
8.87	1.4509614104880475e-9	5.938906448154027e-8	0	3.2417225676306935e-10	4.137197436338972e-9	0
8.879999999999999	1.441682411583339e-9	5.91543688165313e-8	0	3.229168986578287e-10	4.089865787908532e-9	0
8.89	1.4324034126786288e-9	5.891967315152228e-8	0	3.2166154055258786e-10	4.042534139478084e-9	0
8.9	1.4231244137739203e-9	5.8684977486513307e-8	0	3.204061824473472e-10	3.995202491047644e-9	0
8.91	1.4138454148692118e-9	5.845028182150434e-8	0	3.191508243421066e-10	3.947870842617204e-9	0
8.92	1.4045664159645032e-9	5.821558615649536e-8	0	3.178954662368659e-10	3.900539194186764e-9	0
8.93	1.3952874170597947e-9	5.798089049148639e-8	0	3.166401081316253e-10	3.853207545756324e-9	0
8.94	1.3860084181550862e-9	5.774619482647742e-8	0	3.1538475002638465e-10	3.805875897325884e-9	0
8.95	1.3767294192503777e-9	5.751149916146844e-8	0	3.1412939192114404e-10	3.7585442488954445e-9	0
8.959999999999999	1.3674504203456693e-9	5.727680349645947e-8	0	3.1287403381590337e-10	3.7112126004650046e-9	0
8.97	1.3581714214409592e-9	5.704210783145045e-8	0	3.116186757106625e-10	3.6638809520345565e-9	0
8.98	1.3488924225362506e-9	5.6807412166441484e-8	0	3.103633176054219e-10	3.6165493036041166e-9	0
8.99	1.3396134236315421e-9	5.657271650143251e-8	0	3.091079595001812e-10	3.5692176551736767e-9	0
9.	1.3303344247268336e-9	5.633802083642353e-8	0	3.078526013949406e-10	3.521886006743237e-9	0
9.01	1.3224043989160434e-9	5.6103325171414564e-8	0	3.0659724328969995e-10	3.474554358312797e-9	0
9.02	1.317081332838074e-9	5.586862950640559e-8	0	3.0534188518445934e-10	3.427222709882357e-9	0
9.03	1.3117582667601045e-9	5.5633933841396614e-8	0	3.0408652707921867e-10	3.3798910614519172e-9	0
9.04	1.3064352006821351e-9	5.539923817638764e-8	0	3.0283116897397806e-10	3.3325594130214773e-9	0
9.05	1.3011121346041647e-9	5.516454251137862e-8	0	3.015758108687372e-10	3.285227764591029e-9	0
9.06	1.2957890685261953e-9	5.493909583656533e-8	0	3.003204527634966e-10	3.2378961161605893e-9	0
9.07	1.2904660024482259e-9	5.4714586284106654e-8	0	2.990650946582559e-10	3.1905644677301494e-9	0
9.08	1.2851429363702564e-9	5.4490076731647986e-8	0	2.978097365530153e-10	3.1432328192997096e-9	0
9.09	1.279819870292287e-9	5.426556717918931e-8	0	2.9655437844777464e-10	3.0959011708692697e-9	0
9.1	1.2744968042143176e-9	5.4041057626730645e-8	0	2.95299020342534e-10	3.04856952243883e-9	0
9.11	1.2691737381363482e-9	5.381654807427197e-8	0	2.9404366223729336e-10	3.00123787400839e-9	0
9.12	1.2638506720583788e-9	5.35920385218133e-8	0	2.9278830413205275e-10	2.95390622557795e-9	0
9.129999999999999	1.2585276059804094e-9	5.336752896935463e-8	0	2.915329460268121e-10	2.9065745771475106e-9	0
9.14	1.2532045399024391e-9	5.3143019416895916e-8	0	2.902775879215712e-10	2.859242928717062e-9	0
9.15	1.2478814738244697e-9	5.291850986443724e-8	0	2.890222298163306e-10	2.811911280286622e-9	0
9.16	1.2425584077465003e-9	5.2694000311978575e-8	0	2.8776687171108994e-10	2.7645796318561827e-9	0
9.17	1.237235341668531e-9	5.24694907595199e-8	0	2.8651151360584933e-10	2.717247983425743e-9	0
9.18	1.2319122755905615e-9	5.224498120706123e-8	0	2.8525615550060866e-10	2.669916334995303e-9	0
9.19	1.226589209512592e-9	5.202047165460256e-8	0	2.8400079739536805e-10	2.622584686564863e-9	0
9.2	1.2212661434346227e-9	5.1795962102143886e-8	0	2.827454392901274e-10	2.5752530381344232e-9	0
9.209999999999999	1.2159430773566533e-9	5.157145254968521e-8	0	2.8149008118488677e-10	2.5279213897039834e-9	0
9.22	1.2106200112786828e-9	5.1346942997226505e-8	0	2.802347230796459e-10	2.4805897412735352e-9	0
9.23	1.2052969452007134e-9	5.112243344476783e-8	0	2.789793649744053e-10	2.4332580928430954e-9	0
9.24	1.199973879122744e-9	5.089792389230916e-8	0	2.7772400686916463e-10	2.3859264444126555e-9	0
9.25	1.1946508130447746e-9	5.067341433985049e-8	0	2.76468648763924e-10	2.3385947959822156e-9	0
9.26	1.1893277469668052e-9	5.0448904787391815e-8	0	2.7527408458950864e-10	2.291263147551776e-9	0
9.27	1.1840046808888358e-9	5.022439523493315e-8	0	2.743721795704614e-10	2.2439314991213363e-9	0
9.28	1.1786816148108664e-9	4.9999885682474474e-8	0	2.734702745514142e-10	2.1965998506908964e-9	0
9.29	1.173358548732897e-9	4.977537613001581e-8	0	2.7256836953236693e-10	2.1492682022604565e-9	0
9.3	1.1680354826549267e-9	4.955086657755709e-8	0	2.716664645133195e-10	2.1019365538300084e-9	0
9.31	1.1627124165769573e-9	4.932635702509842e-8	0	2.707645594942723e-10	2.0546049053995685e-9	0
9.32	1.1573893504989879e-9	4.910184747263975e-8	0	2.6986265447522506e-10	2.0072732569691286e-9	0
9.33	1.1520662844210185e-9	4.887733792018108e-8	0	2.6896074945617786e-10	1.9599416085386888e-9	0
9.34	1.146743218343049e-9	4.8652828367722404e-8	0	2.680588444371306e-10	1.912609960108249e-9	0
9.35	1.1414201522650797e-9	4.8428318815263737e-8	0	2.6715693941808335e-10	1.865278311677809e-9	0
9.36	1.1360970861871102e-9	4.820380926280506e-8	0	2.6625503439903615e-10	1.8223239360595748e-9	0
9.37	1.1307740201091408e-9	4.797929971034639e-8	0	2.653531293799889e-10	1.8064834589399909e-9	0
9.379999999999999	1.1254509540311714e-9	4.775479015788772e-8	0	2.6445122436094164e-10	1.7906429818204067e-9	0
9.39	1.120127887953201e-9	4.753028060542901e-8	0	2.635493193418943e-10	1.77480250470082e-9	0
9.4	1.1148048218752316e-9	4.730577105297034e-8	0	2.6264741432284703e-10	1.758962027581236e-9	0
9.41	1.1094817557972622e-9	4.7081261500511666e-8	0	2.6174550930379977e-10	1.7431215504616521e-9	0
9.42	1.1041586897192927e-9	4.685675194805299e-8	0	2.6084360428475257e-10	1.727281073342068e-9	0
9.43	1.0988356236413233e-9	4.6632242395594325e-8	0	2.599416992657053e-10	1.711440596222484e-9	0
9.44	1.093512557563354e-9	4.640773284313565e-8	0	2.5903979424665806e-10	1.6956001191029e-9	0
9.45	1.0881894914853845e-9	4.618322329067698e-8	0	2.5813788922761086e-10	1.6797596419833161e-9	0
9.459999999999999	1.082866425407415e-9	4.595871373821831e-8	0	2.572359842085636e-10	1.663919164863732e-9	0
9.47	1.0775433593294449e-9	4.5734204185759596e-8	0	2.563340791895162e-10	1.6480786877441454e-9	0
9.48	1.0722202932514754e-9	4.550969463330093e-8	0	2.55432174170469e-10	1.6322382106245613e-9	0
9.49	1.066897227173506e-9	4.5285185080842255e-8	0	2.5453026915142174e-10	1.6163977335049772e-9	0
9.5	1.0615741610955366e-9	4.506067552838358e-8	0	2.5362836413237453e-10	1.6005572563853933e-9	0
9.51	1.0562510950175672e-9	4.4836165975924913e-8	0	2.527264591133273e-10	1.5847167792658094e-9	0
9.52	1.0509280289395978e-9	4.461165642346624e-8	0	2.5182455409428e-10	1.5688763021462253e-9	0
9.53	1.0456049628616284e-9	4.4387146871007566e-8	0	2.509226490752328e-10	1.5530358250266412e-9	0
9.54	1.040281896783659e-9	4.4170755570940715e-8	0	2.5002074405618557e-10	1.5371953479070573e-9	0
9.55	1.0349588307056885e-9	4.4019383427417376e-8	0	2.4911883903713816e-10	1.5213548707874705e-9	0
9.56	1.0296357646277191e-9	4.3868011283894064e-8	0	2.4821693401809095e-10	1.5055143936678866e-9	0
9.57	1.0243126985497497e-9	4.371663914037076e-8	0	2.473150289990437e-10	1.4896739165483027e-9	0
9.58	1.0189896324717803e-9	4.3565266996847445e-8	0	2.4641312397999645e-10	1.4738334394287186e-9	0
9.59	1.0136665663938109e-9	4.341389485332413e-8	0	2.4551121896094924e-10	1.4579929623091344e-9	0
9.6	1.0083435003158415e-9	4.326252270980082e-8	0	2.44609313941902e-10	1.4421524851895505e-9	0
9.61	1.003020434237872e-9	4.3111150566277514e-8	0	2.4370740892285473e-10	1.4263120080699666e-9	0
9.62	9.976973681599027e-10	4.29597784227542e-8	0	2.4280550390380753e-10	1.4104715309503825e-9	0
9.629999999999999	9.923743020819332e-10	4.280840627923089e-8	0	2.419035988847603e-10	1.3946310538307984e-9	0
9.64	9.87051236003963e-10	4.265703413570755e-8	0	2.4100169386571287e-10	1.3787905767112118e-9	0
9.65	9.817281699259936e-10	4.2505661992184243e-8	0	2.4009978884666566e-10	1.3629500995916277e-9	0
9.66	9.764051038480242e-10	4.235428984866093e-8	0	2.391978838276184e-10	1.3471096224720438e-9	0
9.67	9.710820377700548e-10	4.220291770513762e-8	0	2.382959788085712e-10	1.33126914535246e-9	0
9.68	9.657589716920854e-10	4.2051545561614306e-8	0	2.3739407378952395e-10	1.3154286682328758e-9	0
9.69	9.60435905614116e-10	4.1900173418091e-8	0	2.364921687704767e-10	1.2995881911132917e-9	0
9.7	9.551128395361465e-10	4.174880127456769e-8	0	2.355902637514295e-10	1.2837477139937078e-9	0
9.709999999999999	9.499327368445035e-10	4.1597429131044374e-8	0	2.3468835873238224e-10	1.2679072368741239e-9	0
9.72	9.46515849250891e-10	4.144605698752104e-8	0	2.3378645371333483e-10	1.2520667597545369e-9	0
9.73	9.43098961657279e-10	4.129468484399773e-8	0	2.3288454869428763e-10	1.236226282634953e-9	0
9.74	9.396820740636672e-10	4.1143312700474417e-8	0	2.3198264367524037e-10	1.220385805515369e-9	0
9.75	9.362651864700551e-10	4.0991940556951104e-8	0	2.3108073865619314e-10	1.204545328395785e-9	0
9.76	9.328482988764433e-10	4.08405684134278e-8	0	2.3017883363714591e-10	1.188704851276201e-9	0
9.77	9.294314112828313e-10	4.0689196269904485e-8	0	2.2927692861809866e-10	1.172864374156617e-9	0
9.78	9.260145236892194e-10	4.053782412638117e-8	0	2.2837502359905143e-10	1.157023897037033e-9	0
9.79	9.225976360956075e-10	4.038645198285786e-8	0	2.274731185800042e-10	1.141183419917449e-9	0
9.8	9.191807485019949e-10	4.023507983933453e-8	0	2.265712135609568e-10	1.1253429427978624e-9	0
9.81	9.157638609083829e-10	4.0083707695811215e-8	0	2.2566930854190956e-10	1.1095024656782782e-9	0
9.82	9.12346973314771e-10	3.99323355522879e-8	0	2.2476740352286234e-10	1.0936619885586941e-9	0
9.83	9.089300857211591e-10	3.978096340876459e-8	0	2.2386549850381508e-10	1.0778215114391102e-9	0
9.84	9.055131981275471e-10	3.9629591265241284e-8	0	2.2296359348476785e-10	1.0619810343195263e-9	0
9.85	9.020963105339352e-10	3.947821912171797e-8	0	2.2206168846572062e-10	1.0461405571999422e-9	0
9.86	8.986794229403232e-10	3.932684697819466e-8	0	2.211597834466734e-10	1.0303000800803583e-9	0
9.87	8.952625353467113e-10	3.917547483467135e-8	0	2.2025787842762614e-10	1.0144596029607742e-9	0
9.879999999999999	8.918456477530994e-10	3.902410269114804e-8	0	2.193559734085789e-10	9.986191258411903e-10	0
9.89	8.884287601594868e-10	3.88727305476247e-8	0	2.1845406838953153e-10	9.827786487216035e-10	0
9.9	8.850118725658748e-10	3.872135840410139e-8	0	2.1755216337048427e-10	9.669381716020196e-10	0
9.91	8.815949849722629e-10	3.856998626057808e-8	0	2.1665025835143704e-10	9.510976944824355e-10	0
9.92	8.78178097378651e-10	3.841861411705477e-8	0	2.1574835333238982e-10	9.352572173628516e-10	0
9.93	8.74761209785039e-10	3.826724197353146e-8	0	2.1484644831334259e-10	9.194167402432675e-10	0
9.94	8.713443221914271e-10	3.8115869830008144e-8	0	2.1394454329429533e-10	9.035762631236835e-10	0
9.95	8.679274345978151e-10	3.796449768648484e-8	0	2.130426382752481e-10	8.877357860040995e-10	0
9.959999999999999	8.645105470042032e-10	3.7813125542961525e-8	0	2.1214073325620087e-10	8.718953088845156e-10	0
9.97	8.610936594105906e-10	3.7661753399438186e-8	0	2.1123882823715346e-10	8.560548317649288e-10	0
9.98	8.576767718169787e-10	3.751038125591488e-8	0	2.1033692321810624e-10	8.402143546453448e-10	0
9.99	8.542598842233668e-10	3.735900911239157e-8	0	2.09435018199059e-10	8.243738775257608e-10	0
10.	8.508429966297548e-10	3.7207636968868255e-8	0	2.0853311318001178e-10	8.085334004061767e-10	0
10.01	8.474261090361429e-10	3.705626482534494e-8	0	2.0763120816096452e-10	7.926929232865927e-10	0
10.02	8.440092214425309e-10	3.6904892681821636e-8	0	2.067293031419173e-10	7.768524461670087e-10	0
10.03	8.40592333848919e-10	3.6753520538298324e-8	0	2.0582739812287007e-10	7.610119690474247e-10	0
10.04	8.37175446255307e-10	3.660214839477501e-8	0	2.0492549310382284e-10	7.451714919278408e-10	0
10.05	8.337585586616945e-10	3.645077625125167e-8	0	2.0402358808477543e-10	7.293310148082539e-10	0
10.06	8.303416710680825e-10	3.6299404107728366e-8	0	2.031216830657282e-10	7.134905376886699e-10	0
10.07	8.269247834744706e-10	3.6148031964205053e-8	0	2.0221977804668097e-10	6.97650060569086e-10	0
10.08	8.235078958808587e-10	3.599665982068174e-8	0	2.0131787302763372e-10	6.81809583449502e-10	0
10.09	8.200910082872467e-10	3.5845287677158435e-8	0	2.0041596800858649e-10	6.65969106329918e-10	0
10.1	8.166741206936348e-10	3.569391553363512e-8	0	1.9951406298953926e-10	6.50128629210334e-10	0