0.0389627     0.0218177     0.0112718     0.00545868     0.00245991     0.00010432     -0.00155642     -0.00198366     -0.00378581     -0.0054106     -0.00622425     -0.00778095     -0.011414     -0.0115414     -0.0155121     -0.0200214     -0.0231404     -0.0273854     -0.0304595     -0.036737     -0.0348429     
0.0251192     0.0156055     0.00821046     0.00439519     0.00229226     0.000641148     -0.000164814     -0.000680229     -0.00197204     -0.00275254     -0.0034908     -0.00482172     -0.00708084     -0.00712855     -0.00990167     -0.0130753     -0.0148252     -0.0183485     -0.021086     -0.0241237     -0.0238494     
0.0203334     0.0129358     0.00680051     0.00396091     0.00261014     0.0013837     0.00075656     0.000463143     -0.00082767     -0.00162681     -0.00215124     -0.00320441     -0.00530598     -0.0046605     -0.00695358     -0.00956238     -0.0105767     -0.0132907     -0.0151213     -0.0177203     -0.0160575     
0.0121683     0.00729238     0.00412262     0.00255901     0.00185425     0.00118325     0.000650157     0.000535359     -0.000191728     -0.000829276     -0.00107407     -0.00158001     -0.0028894     -0.00254379     -0.00378802     -0.00517153     -0.00586173     -0.00705556     -0.00779517     -0.00975791     -0.00837103     
0.00498973     0.0033283     0.00223607     0.0015761     0.0011414     0.000811794     0.000593539     0.000422018     0.000202393     1.25944e-05     -0.000176514     -0.000465815     -0.000891184     -0.00106711     -0.0015728     -0.00212752     -0.0025363     -0.00314669     -0.0037255     -0.00428477     -0.00451748     
0.00495406     0.00312262     0.00204312     0.00158373     0.00145523     0.00124063     0.000980669     0.000964585     0.000592994     0.000217585     0.00013593     -5.55598e-05     -0.000704921     -0.000379774     -0.0008724     -0.00139472     -0.00156636     -0.00188838     -0.00199657     -0.00291669     -0.00184234     
0.00153098     0.000918684     0.000996423     0.000984941     0.00101046     0.000985795     0.000816189     0.000815176     0.000725276     0.000509597     0.000494938     0.000473735     0.000238382     0.000274724     0.000182683     0.000116202     2.37423e-06     0.000124367     0.000238465     -0.000214048     0.000222532     
0.004179     0.00310032     0.00191953     0.00162678     0.00166572     0.00152131     0.00139805     0.00141409     0.000947806     0.000613861     0.000538525     0.000313864     -0.000362753     0.000281024     -0.00023909     -0.000804272     -0.00070895     -0.00113979     -0.00123221     -0.00187086     -0.000435648     
0.00211802     0.00187028     0.00134022     0.00126774     0.00132567     0.00126396     0.00121867     0.00120125     0.000930955     0.000749071     0.00068238     0.00052424     0.000149617     0.000515729     0.000223115     -8.85718e-05     6.27893e-06     -0.000260414     -0.000359489     -0.000596523     0.000125291     
0.0019538     0.00177368     0.00126317     0.00121722     0.00130088     0.00125587     0.00122608     0.00122212     0.000953249     0.000776522     0.000720386     0.000572916     0.000205011     0.00060429     0.000320077     1.54331e-05     0.000133023     -0.000124577     -0.000204717     -0.000423174     0.000341527     
-0.000597834     0.000347763     0.000599292     0.000792873     0.000852797     0.000888832     0.000977193     0.000904437     0.000891177     0.000941695     0.000875639     0.000785845     0.000827535     0.000833191     0.000820398     0.000813081     0.000919553     0.000789064     0.000607546     0.000987605     0.000670494     
-0.00412981     -0.000914534     2.51801e-05     0.000460252     0.000357741     0.000426669     0.000827575     0.000535254     0.000833156     0.00136503     0.00117457     0.00099664     0.00167685     0.00109989     0.0013438     0.00159099     0.00176984     0.00136649     0.000608732     0.00234816     -7.60156e-05     
0.000160215     0.000728438     0.000678371     0.000871017     0.00106522     0.00112056     0.00117432     0.00119     0.00102601     0.000949958     0.00094066     0.000876167     0.000709255     0.00109902     0.00101251     0.000925103     0.00118466     0.00110835     0.00114724     0.00124074     0.00183134     
-0.00255743     -0.00085163     -6.73413e-05     0.000440133     0.000697799     0.000872856     0.0010329     0.00102066     0.00108796     0.001196     0.0012143     0.00125004     0.001459     0.00158393     0.00180425     0.00205908     0.00238304     0.00255485     0.00264683     0.00327985     0.00313843     
-0.00294217     -0.00109435     -0.000244173     0.000385689     0.000781248     0.00101695     0.00118897     0.00123677     0.00125912     0.0013265     0.00139629     0.00148336     0.00165319     0.00199919     0.0022677     0.00258047     0.00305609     0.00336482     0.00366037     0.00427253     0.004633     
-0.00530017     -0.00281138     -0.00108293     -7.81889e-05     0.000517816     0.000920189     0.00110237     0.00121684     0.00140449     0.00150647     0.00167942     0.00195382     0.00235385     0.002646     0.00325014     0.00395527     0.00455274     0.00537134     0.00605799     0.00681624     0.00723179     
-0.00502308     -0.00157096     -0.000581765     0.000377081     0.000975558     0.00131402     0.00171415     0.00174485     0.00172289     0.00195942     0.00203471     0.00209925     0.0024267     0.00310566     0.00349866     0.0039354     0.00489137     0.00514028     0.00545197     0.00683019     0.00735366     
-0.00720493     -0.00411155     -0.00184232     -0.000375429     0.000648705     0.00127063     0.00147981     0.00176918     0.0019151     0.00192325     0.00226238     0.00273973     0.00313391     0.00393753     0.00479669     0.0058072     0.00682067     0.00819858     0.00956044     0.0103344     0.0120685     
-0.0156712     -0.00837096     -0.00378092     -0.00148027     -0.000501922     0.000370925     0.00103859     0.00105254     0.00194355     0.00273552     0.00299714     0.0035809     0.00529047     0.00495845     0.0066647     0.00860236     0.00977243     0.011431     0.0123881     0.0154272     0.0137997     
-0.0135839     -0.0063687     -0.00299583     -0.000851135     0.000255257     0.00105929     0.0018247     0.00188489     0.00235922     0.00304067     0.00327016     0.00367248     0.00494668     0.00542642     0.00675749     0.00825849     0.00983778     0.0110222     0.0119214     0.0149729     0.0148265     
-0.0121089     -0.00765294     -0.00370871     -0.00130027     0.000409049     0.00147079     0.00172019     0.00227222     0.00259434     0.0025458     0.0031757     0.00408998     0.00476744     0.00599698     0.00755319     0.0093982     0.011015     0.013687     0.0163341     0.0174929     0.0211985     
