0.000355262     0.000424058     0.000354332     0.000369134     0.000344008     0.000293536     0.00028339     0.000252676     0.0002808     0.000194426     0.000196593     0.000190767     0.000167677     9.04096e-05     0.000131612     0.000127859     0.000172468     9.70132e-05     0.000142924     8.97511e-05     6.12158e-05     
0.000260897     0.000314159     0.000262934     0.000273608     0.000254825     0.0002161     0.000207449     0.000183016     0.000204666     0.000136439     0.000138379     0.000134402     0.00011595     5.76129e-05     8.84727e-05     8.53391e-05     0.000120222     6.33014e-05     9.81853e-05     5.56823e-05     3.45895e-05     
0.000232965     0.000278459     0.000236012     0.000245576     0.000228868     0.000198225     0.000189857     0.000171018     0.000189306     0.000131082     0.000131978     0.000129416     0.000113546     6.46382e-05     8.98856e-05     8.69985e-05     0.000118211     6.83151e-05     9.70715e-05     6.16332e-05     4.14858e-05     
0.000216269     0.000257111     0.000217987     0.000226888     0.000211657     0.000183787     0.000176321     0.000160155     0.000175958     0.00012348     0.000124458     0.00012217     0.000107721     6.2728e-05     8.56718e-05     8.31985e-05     0.000111085     6.59349e-05     9.19087e-05     6.00683e-05     4.13888e-05     
0.000187179     0.000220866     0.00018815     0.000196019     0.000183107     0.000161145     0.000154409     0.000142112     0.000154633     0.000111121     0.000112039     0.000111066     9.87611e-05     6.36803e-05     8.01169e-05     7.80381e-05     0.00010112     6.47698e-05     8.46276e-05     5.85866e-05     4.27059e-05     
0.000157035     0.000182656     0.000157825     0.000164768     0.000154125     0.00013941     0.000132855     0.000124966     0.000134583     0.000101062     0.000100514     0.000102033     9.21986e-05     6.97222e-05     7.85532e-05     7.65584e-05     9.58332e-05     6.89828e-05     8.08911e-05     6.17087e-05     4.74646e-05     
0.00012456     0.000142006     0.000125783     0.000131865     0.000123293     0.000116627     0.000110398     0.000107202     0.000112899     9.06025e-05     8.81327e-05     9.24402e-05     8.53175e-05     7.74955e-05     7.75868e-05     7.54178e-05     9.07787e-05     7.36384e-05     7.69609e-05     6.63707e-05     5.30686e-05     
9.72466e-05     0.000105495     9.83159e-05     0.000103311     9.63188e-05     9.86786e-05     9.27021e-05     9.48761e-05     9.5173e-05     8.51072e-05     8.154e-05     8.86125e-05     8.43972e-05     9.2866e-05     8.20699e-05     7.97507e-05     9.07676e-05     8.38568e-05     7.79593e-05     7.65508e-05     6.50979e-05     
7.73754e-05     7.97852e-05     7.82001e-05     8.23667e-05     7.65928e-05     8.43392e-05     7.86525e-05     8.39934e-05     8.09797e-05     7.84763e-05     7.46384e-05     8.33635e-05     8.09114e-05     9.93631e-05     8.15618e-05     7.90966e-05     8.81826e-05     8.75988e-05     7.51835e-05     7.90447e-05     7.04237e-05     
6.17378e-05     6.04997e-05     6.21929e-05     6.57167e-05     6.115e-05     7.13355e-05     6.56337e-05     7.22773e-05     6.81759e-05     6.97245e-05     6.54354e-05     7.52873e-05     7.33932e-05     9.69891e-05     7.62787e-05     7.34016e-05     8.2738e-05     8.55263e-05     6.85215e-05     7.45841e-05     6.85647e-05     
4.55743e-05     3.95073e-05     4.61005e-05     4.89419e-05     4.5719e-05     6.0831e-05     5.48959e-05     6.45352e-05     5.82577e-05     6.63774e-05     6.08294e-05     7.24373e-05     7.16882e-05     0.000104386     7.78054e-05     7.48154e-05     8.24639e-05     9.13476e-05     6.79348e-05     7.89049e-05     7.45419e-05     
2.30087e-05     1.03877e-05     2.33454e-05     2.50927e-05     2.36045e-05     4.48616e-05     3.90515e-05     5.27223e-05     4.26777e-05     5.97999e-05     5.27612e-05     6.64257e-05     6.78135e-05     0.000112809     7.77205e-05     7.51514e-05     7.77915e-05     9.68052e-05     6.60862e-05     8.38717e-05     8.14666e-05     
3.68843e-06     -1.58259e-05     3.4227e-06     4.09478e-06     4.19729e-06     3.15676e-05     2.58631e-05     4.36704e-05     2.97609e-05     5.57886e-05     4.72911e-05     6.33525e-05     6.7077e-05     0.000124662     8.02063e-05     7.85298e-05     7.60656e-05     0.000104841     6.74214e-05     9.0881e-05     9.14827e-05     
-7.60116e-06     -3.18703e-05     -7.7068e-06     -7.82611e-06     -6.61499e-06     2.60985e-05     2.02153e-05     4.13056e-05     2.47818e-05     5.70743e-05     4.78117e-05     6.60171e-05     7.11555e-05     0.000138617     8.63877e-05     8.54879e-05     7.97133e-05     0.000114958     7.2668e-05     9.93823e-05     0.000102869     
-1.68517e-05     -4.17296e-05     -1.72694e-05     -1.80423e-05     -1.6006e-05     1.55997e-05     9.85959e-06     2.98506e-05     1.33875e-05     4.56161e-05     3.70657e-05     5.51051e-05     6.00556e-05     0.000126848     7.52902e-05     7.44453e-05     6.80075e-05     0.000103589     6.29686e-05     8.70962e-05     9.26444e-05     
-5.93109e-06     -2.86277e-05     -6.3066e-06     -7.07083e-06     -5.80407e-06     2.29596e-05     1.65902e-05     3.46232e-05     2.01472e-05     4.81036e-05     4.06644e-05     5.76424e-05     6.13432e-05     0.000121734     7.51493e-05     7.36071e-05     6.89178e-05     0.000100056     6.42373e-05     8.35401e-05     8.66815e-05     
5.17076e-06     -1.2372e-05     5.68054e-06     5.37847e-06     5.74895e-06     2.94495e-05     2.26688e-05     3.70159e-05     2.5962e-05     4.68953e-05     4.09305e-05     5.56208e-05     5.75286e-05     0.000106723     6.87278e-05     6.61787e-05     6.42722e-05     8.72405e-05     5.98751e-05     7.25499e-05     7.24379e-05     
8.88983e-06     -7.4269e-06     9.46994e-06     9.17327e-06     9.29232e-06     3.13768e-05     2.42398e-05     3.75103e-05     2.76333e-05     4.66363e-05     4.09081e-05     5.46958e-05     5.63643e-05     0.000101352     6.67501e-05     6.4025e-05     6.34007e-05     8.28313e-05     5.87106e-05     6.9667e-05     6.71787e-05     
-2.09351e-05     -4.18974e-05     -2.10982e-05     -2.26888e-05     -2.03724e-05     4.08789e-06     -2.24444e-06     1.2471e-05     -5.58783e-08     2.50559e-05     1.84751e-05     3.29584e-05     3.67525e-05     8.81865e-05     5.00653e-05     4.78002e-05     4.42249e-05     7.26001e-05     4.11126e-05     5.85734e-05     5.70188e-05     
-1.79277e-05     -4.35644e-05     -1.82519e-05     -2.01718e-05     -1.76509e-05     1.35241e-05     6.5669e-06     2.62381e-05     1.10059e-05     4.29426e-05     3.42009e-05     5.09293e-05     5.71686e-05     0.000118803     7.25155e-05     7.16489e-05     6.67799e-05     0.000101557     6.07448e-05     8.6878e-05     8.39093e-05     
-2.65881e-05     -5.72653e-05     -2.86425e-05     -3.14023e-05     -2.79858e-05     7.2219e-06     4.84306e-07     2.34007e-05     5.11065e-06     4.38699e-05     3.31992e-05     5.17665e-05     6.05684e-05     0.000131348     7.74505e-05     7.84688e-05     7.1834e-05     0.000114398     6.45155e-05     9.79513e-05     9.68052e-05     
