0.000265868     0.000259971     0.000238143     0.000217557     0.000176177     0.000132249     0.000102814     6.03643e-05     3.58704e-05     5.07052e-06     -1.79304e-05     -5.28347e-05     -8.38336e-05     -0.000112966     -0.000108721     -9.53718e-05     -9.81171e-05     -9.33006e-05     -7.16866e-05     -4.29821e-05     -0.00012713     
0.000290549     0.000283667     0.000259616     0.000235777     0.000189223     0.000139391     0.000104042     5.63124e-05     2.81586e-05     -6.81656e-06     -3.29657e-05     -7.34495e-05     -0.000108029     -0.000142995     -0.000137384     -0.000121912     -0.000124057     -0.00011561     -9.60199e-05     -5.96493e-05     -0.000159498     
0.000259267     0.000255143     0.000232777     0.000212192     0.000171669     0.000129184     0.000100326     5.8303e-05     3.34338e-05     2.55611e-06     -2.00609e-05     -5.4377e-05     -8.46955e-05     -0.000115263     -0.000110218     -9.6664e-05     -9.72087e-05     -9.16337e-05     -7.00867e-05     -4.16123e-05     -0.000126307     
0.00024576     0.000241674     0.000220559     0.000201677     0.000163497     0.000123714     9.75862e-05     5.77117e-05     3.42119e-05     4.97701e-06     -1.62788e-05     -4.77958e-05     -7.66137e-05     -0.00010479     -0.000100786     -8.86171e-05     -8.9292e-05     -8.55619e-05     -6.2715e-05     -3.68748e-05     -0.000114668     
0.000213807     0.000211973     0.000192743     0.000177666     0.000145944     0.00011411     9.5461e-05     6.19966e-05     4.21015e-05     1.71789e-05     -3.20407e-08     -2.44721e-05     -4.81046e-05     -7.12041e-05     -6.79663e-05     -5.77255e-05     -5.7216e-05     -5.72212e-05     -3.32639e-05     -1.64339e-05     -7.67406e-05     
0.000206238     0.000204862     0.000186705     0.000172325     0.00014188     0.000111402     9.44661e-05     6.24132e-05     4.33336e-05     1.93506e-05     2.83978e-06     -2.01664e-05     -4.33345e-05     -6.47773e-05     -6.23423e-05     -5.23778e-05     -5.23342e-05     -5.26994e-05     -2.80464e-05     -1.28098e-05     -6.90297e-05     
0.000180541     0.000179197     0.000161426     0.000150901     0.000126394     0.00010346     9.31469e-05     6.68679e-05     5.12012e-05     3.13355e-05     1.79324e-05     1.06297e-06     -1.65348e-05     -3.29343e-05     -3.18242e-05     -2.72208e-05     -2.5604e-05     -3.384e-05     -4.64538e-06     6.35006e-06     -3.35643e-05     
0.000169737     0.000168918     0.000152324     0.000143075     0.000120799     0.000100478     9.30569e-05     6.91785e-05     5.48122e-05     3.64512e-05     2.49061e-05     1.07229e-05     -5.58663e-06     -2.08163e-05     -1.98565e-05     -1.44182e-05     -1.34627e-05     -2.06479e-05     6.41718e-06     1.07316e-05     -2.26683e-05     
0.000163669     0.00016221     0.000145752     0.000137632     0.000117004     9.87215e-05     9.32006e-05     7.08499e-05     5.75192e-05     4.03398e-05     2.97969e-05     1.74954e-05     2.46555e-06     -1.11636e-05     -1.07163e-05     -6.469e-06     -5.41088e-06     -1.40325e-05     1.41353e-05     1.68634e-05     -1.1428e-05     
0.000147288     0.000145346     0.000130093     0.000124594     0.000107709     9.35403e-05     9.21724e-05     7.31952e-05     6.17108e-05     4.67528e-05     3.84439e-05     3.00254e-05     1.75674e-05     6.90911e-06     6.32954e-06     9.35135e-06     1.00413e-05     -7.1384e-07     2.82573e-05     2.59966e-05     7.48703e-06     
0.000135848     0.000133591     0.000118649     0.000114772     0.000100442     8.96544e-05     9.19868e-05     7.61067e-05     6.6517e-05     5.33872e-05     4.69508e-05     4.19281e-05     3.20238e-05     2.39596e-05     2.26928e-05     2.4814e-05     2.56965e-05     1.27456e-05     4.24139e-05     3.60439e-05     2.68105e-05     
0.000130355     0.000128231     0.000113351     0.000110151     9.71554e-05     8.84755e-05     9.26434e-05     7.82077e-05     6.94105e-05     5.73761e-05     5.17369e-05     4.84945e-05     3.98048e-05     3.29554e-05     3.13621e-05     3.17753e-05     3.2691e-05     1.78697e-05     4.80375e-05     3.96532e-05     3.36591e-05     
0.000132106     0.000130126     0.000115376     0.000111607     9.72603e-05     8.64183e-05     8.8214e-05     7.18163e-05     6.19557e-05     4.87383e-05     4.20398e-05     3.64511e-05     2.59362e-05     1.71792e-05     1.60597e-05     1.82056e-05     1.92048e-05     6.69562e-06     3.62825e-05     3.07486e-05     1.90853e-05     
0.000118652     0.000116143     0.000101737     0.00010034     8.96675e-05     8.34538e-05     8.98582e-05     7.73431e-05     6.98485e-05     5.91096e-05     5.48441e-05     5.3702e-05     4.65424e-05     4.11035e-05     3.90391e-05     3.8912e-05     4.01145e-05     2.42197e-05     5.50733e-05     4.38457e-05     4.3669e-05     
0.000114048     0.000111617     9.7021e-05     9.62338e-05     8.64078e-05     8.22567e-05     9.03419e-05     7.94817e-05     7.26432e-05     6.29471e-05     5.92268e-05     5.92027e-05     5.36933e-05     4.86478e-05     4.70193e-05     4.46746e-05     4.64329e-05     2.80842e-05     5.9971e-05     4.77626e-05     5.05158e-05     
0.000117249     0.000114774     0.00010006     9.80152e-05     8.72421e-05     8.1809e-05     8.86363e-05     7.62594e-05     6.88901e-05     5.86319e-05     5.46393e-05     5.38504e-05     4.60861e-05     4.00361e-05     3.80965e-05     3.87254e-05     4.11372e-05     2.68674e-05     5.75682e-05     4.73912e-05     4.53672e-05     
0.000117065     0.000115044     0.000100753     9.84782e-05     8.67867e-05     7.97464e-05     8.49822e-05     7.1591e-05     6.36707e-05     5.25387e-05     4.78948e-05     4.60052e-05     3.80725e-05     3.19255e-05     3.03816e-05     3.10733e-05     3.23842e-05     1.78485e-05     4.74937e-05     3.76678e-05     3.32898e-05     
0.000104606     0.000101813     8.80172e-05     8.83766e-05     8.1228e-05     7.94997e-05     9.03479e-05     8.17677e-05     7.66497e-05     6.9055e-05     6.77305e-05     7.07503e-05     6.66357e-05     6.41875e-05     6.16482e-05     6.06052e-05     6.21268e-05     4.45911e-05     7.63868e-05     6.06668e-05     7.14294e-05     
0.000110663     0.000107958     9.37036e-05     9.31453e-05     8.41084e-05     8.02948e-05     8.88671e-05     7.8537e-05     7.24864e-05     6.3373e-05     6.04264e-05     6.17188e-05     5.64223e-05     5.27773e-05     5.03026e-05     4.8512e-05     4.98486e-05     3.22951e-05     6.36354e-05     5.04236e-05     5.52352e-05     
9.10429e-05     8.84688e-05     7.55157e-05     7.73301e-05     7.1755e-05     7.20239e-05     8.48595e-05     7.80595e-05     7.35644e-05     6.63724e-05     6.55131e-05     6.99465e-05     6.7097e-05     6.59426e-05     6.28529e-05     6.07919e-05     6.17592e-05     4.26805e-05     7.45474e-05     5.61681e-05     7.13713e-05     
9.47033e-05     9.23471e-05     7.89804e-05     7.95958e-05     7.26888e-05     7.15918e-05     8.23e-05     7.38186e-05     6.87721e-05     6.10408e-05     5.95628e-05     6.30477e-05     5.8869e-05     5.66352e-05     5.44685e-05     5.33546e-05     5.55229e-05     3.83431e-05     6.8774e-05     5.25768e-05     6.05731e-05     
