0.0222084     0.0228214     0.0227938     0.0234437     0.022051     0.0234192     0.0230513     0.0241327     0.0240746     0.0242315     0.0239065     0.0230031     0.0230672     0.0234247     0.02306     0.0227857     0.0239523     0.0215365     0.0209036     0.0213587     0.0193252     
0.0210289     0.0225254     0.0227894     0.0235064     0.0223786     0.0236517     0.023652     0.0248796     0.0244902     0.0248748     0.0245483     0.0233747     0.0236361     0.0239503     0.0237528     0.0234031     0.0247666     0.0220084     0.0208645     0.0211113     0.019642     
0.0205214     0.0220083     0.0223279     0.0230293     0.021941     0.0231934     0.023174     0.0243734     0.024093     0.0243159     0.0240186     0.0229887     0.0232348     0.0235593     0.0233539     0.0231072     0.0244157     0.0218522     0.0209535     0.0210581     0.0197506     
0.0204143     0.0219294     0.0223094     0.0230208     0.0219664     0.0232455     0.0232239     0.0244112     0.0242288     0.0243501     0.0240843     0.0231267     0.0233713     0.0237216     0.0234823     0.0233261     0.0245392     0.0220981     0.0214485     0.0213204     0.0202028     
0.0204954     0.0219864     0.0224122     0.0231373     0.0221285     0.0234387     0.0234016     0.0245587     0.02444     0.0244479     0.0242288     0.0233393     0.0235668     0.023942     0.0236965     0.0235852     0.024722     0.0223956     0.0219536     0.0217007     0.0206917     
0.0205057     0.0220199     0.0224925     0.023227     0.0222574     0.0235792     0.023551     0.0247005     0.0245847     0.0245488     0.0243636     0.023493     0.0237312     0.0241143     0.0238855     0.02379     0.0249315     0.0226457     0.0222663     0.0219794     0.0210685     
0.0203601     0.0218233     0.0223158     0.0230378     0.0220712     0.0234071     0.0233571     0.0245174     0.0244744     0.0243592     0.0242071     0.0233845     0.0236133     0.0239877     0.0237429     0.0236841     0.024811     0.0226166     0.0223653     0.0220307     0.0212     
0.0202412     0.0217137     0.0222354     0.0229486     0.0219734     0.0233289     0.0232825     0.0244921     0.0244991     0.0243405     0.0242172     0.0233894     0.0236209     0.0239792     0.0237271     0.0236911     0.0248296     0.0226709     0.0224888     0.0221061     0.0213709     
0.0200724     0.0215393     0.0220808     0.0227858     0.0218107     0.0231739     0.023126     0.0243596     0.0243966     0.0242065     0.0241209     0.0233093     0.0235441     0.0238861     0.0236369     0.0236112     0.0247742     0.0226472     0.0225003     0.0221052     0.0214412     
0.0198931     0.0213436     0.0219021     0.02261     0.0216297     0.0230189     0.0229614     0.0242036     0.0242912     0.0240818     0.0240774     0.0233076     0.0235483     0.0238757     0.0236072     0.023599     0.0247718     0.0226689     0.0225848     0.0221246     0.0215511     
0.0197854     0.0211809     0.0217477     0.0224659     0.0214807     0.0228972     0.0228302     0.0240686     0.0241906     0.0239988     0.0240745     0.0233234     0.0235929     0.0238958     0.0235918     0.0236039     0.024798     0.0226844     0.0226072     0.0221107     0.0216346     
0.0196972     0.0210223     0.0215848     0.0223004     0.0212895     0.0227246     0.0226192     0.0238405     0.0240476     0.0238023     0.023936     0.0232768     0.02353     0.0238483     0.0235177     0.0235725     0.024735     0.0226917     0.0227591     0.0221662     0.0217138     
0.0196616     0.0210077     0.0215855     0.0222964     0.0212929     0.0227129     0.0226058     0.0238224     0.0240052     0.0237496     0.0239016     0.0232922     0.0235406     0.0238832     0.0236057     0.0236425     0.0248526     0.0228086     0.0228376     0.022319     0.0218158     
0.019767     0.0210729     0.0216591     0.0223682     0.0213426     0.0227553     0.0226356     0.0238406     0.0240609     0.0238069     0.0239246     0.0233572     0.0236215     0.0240169     0.0237278     0.0238259     0.0250097     0.022998     0.0231146     0.0225282     0.022028     
0.0197325     0.0210315     0.0216196     0.0223206     0.021286     0.0226841     0.0225553     0.0237509     0.0239596     0.023711     0.0238178     0.0232779     0.0235442     0.023961     0.0236931     0.0237998     0.0250179     0.0230189     0.0231341     0.0225828     0.0220591     
0.0195856     0.0208381     0.0214264     0.0221233     0.0210629     0.0224478     0.0223047     0.0234783     0.0237528     0.0234773     0.0235714     0.0230829     0.0233553     0.0238035     0.0235073     0.0236982     0.0248801     0.0229712     0.0232811     0.0225574     0.0221353     
0.01922     0.020459     0.0210359     0.0217102     0.0206465     0.02201     0.0218353     0.0229769     0.0232766     0.0229358     0.023046     0.0226452     0.022877     0.0233264     0.0230544     0.0232536     0.0244534     0.0226467     0.0230545     0.0223453     0.0219127     
0.0191223     0.0203632     0.0209474     0.0216074     0.0205303     0.0218884     0.0216904     0.0228238     0.0231297     0.0227496     0.0228754     0.0225241     0.0227352     0.0231922     0.0229485     0.0231551     0.0244009     0.0226479     0.0231063     0.02244     0.0219926     
0.0192059     0.0203687     0.0209452     0.0216059     0.0204944     0.0218561     0.0216348     0.0227595     0.0231125     0.0227042     0.0228344     0.0225155     0.0227315     0.0232057     0.0229436     0.0232002     0.0244489     0.0227472     0.0233405     0.0225936     0.022198     
0.0189888     0.0201956     0.0207954     0.0214546     0.0203706     0.0217042     0.0215122     0.0226273     0.022935     0.0225643     0.022687     0.0223574     0.0226082     0.023083     0.0228459     0.0231112     0.0244079     0.0227019     0.0232496     0.0225178     0.0222218     
0.0190333     0.0200963     0.0207084     0.0213204     0.0201592     0.0215017     0.0211761     0.0222452     0.0227122     0.0220845     0.0222679     0.0222019     0.0223469     0.0228862     0.0226988     0.0230568     0.0243853     0.022981     0.0239682     0.0232362     0.022868     
