0.0263036     0.0283229     0.0295859     0.0304915     0.0311777     0.0315994     0.0315606     0.0314237     0.0313271     0.031605     0.0315459     0.0315713     0.0317914     0.0321135     0.0325269     0.0332915     0.0342142     0.0348212     0.0353769     0.0359389     0.0381363     
0.0342776     0.0378258     0.0398282     0.0412206     0.0424365     0.0432533     0.0434709     0.043449     0.0432938     0.0438406     0.0437808     0.0438072     0.0441361     0.0442741     0.0446451     0.0455027     0.0465121     0.047145     0.0479619     0.0488085     0.0518523     
0.0376086     0.0418176     0.0442045     0.0458775     0.0473813     0.0483866     0.0487773     0.0488384     0.0486819     0.049379     0.0493614     0.0494156     0.0498477     0.0498947     0.0502762     0.0511554     0.052215     0.0528494     0.0538653     0.0548649     0.0583088     
0.0378417     0.0423744     0.0449649     0.0468209     0.0485441     0.0497083     0.0502232     0.0504106     0.0503167     0.0510966     0.05114     0.0512811     0.0518272     0.051918     0.0522926     0.0531468     0.0541442     0.0547524     0.0558512     0.0569712     0.0606082     
0.0384424     0.0434046     0.0461659     0.048135     0.0501216     0.05152     0.0522709     0.0526505     0.052643     0.053556     0.0537002     0.0539778     0.0547448     0.0548623     0.0552581     0.0560274     0.0569576     0.057455     0.0587549     0.0600109     0.0636982     
0.0384201     0.0439274     0.0469669     0.0490702     0.0512996     0.0530004     0.0540508     0.0546911     0.0548117     0.0558468     0.0561256     0.0565873     0.0575664     0.0577993     0.0581952     0.0589008     0.059729     0.0601874     0.0616565     0.0631175     0.0670336     
0.037142     0.0429397     0.0461199     0.0482722     0.0506486     0.0525552     0.0538863     0.0548225     0.0551087     0.0562337     0.0566526     0.0573027     0.0585067     0.0589037     0.0593319     0.0599898     0.060726     0.0611406     0.0627447     0.0643505     0.0683363     
0.0372904     0.0435679     0.0469959     0.0492848     0.0518634     0.0539788     0.0555601     0.0567953     0.0572528     0.0585111     0.0590455     0.0598729     0.0613193     0.0618628     0.0623432     0.0630002     0.0637044     0.0640915     0.0658566     0.0676423     0.0718151     
0.0373562     0.0438958     0.0474976     0.0499108     0.0526594     0.0549248     0.0566707     0.0580997     0.0587263     0.0601121     0.0607816     0.0617455     0.0633649     0.0641015     0.064678     0.0654131     0.0661642     0.0666271     0.0685343     0.0704731     0.0749173     
0.0379056     0.0448681     0.0486868     0.0512254     0.0541575     0.0566044     0.0585189     0.0601253     0.0608687     0.0624233     0.0632274     0.0643355     0.0661401     0.0669832     0.0676072     0.068368     0.0691216     0.069578     0.0716184     0.0737113     0.0783566     
0.0381156     0.045364     0.0493541     0.0520052     0.0551022     0.0577154     0.0597988     0.0615734     0.0624187     0.0641023     0.0650784     0.0663749     0.0683704     0.0693658     0.0700625     0.0709064     0.0717175     0.0722319     0.0744106     0.0766381     0.0814916     
0.0365937     0.0440993     0.0482324     0.0509547     0.0542017     0.0569992     0.0593072     0.0613546     0.0623729     0.0641629     0.0653477     0.0669389     0.0692591     0.0705501     0.0713709     0.0722913     0.0731396     0.0736981     0.0760334     0.0784202     0.0833882     
0.0382011     0.0462732     0.0507397     0.0536983     0.0572639     0.0603483     0.0629389     0.0652661     0.0664511     0.0684124     0.0697782     0.0716278     0.0743231     0.0759388     0.0769309     0.0779799     0.0789042     0.0795323     0.0821445     0.0848087     0.0902754     
0.0390131     0.0476668     0.0524791     0.0556833     0.0595671     0.0629451     0.0658127     0.0684404     0.0698184     0.0719487     0.0735039     0.0756224     0.0787097     0.0807479     0.0819601     0.0832065     0.0842471     0.0850149     0.0878466     0.0908117     0.0968465     
0.0395548     0.048208     0.0530566     0.0563194     0.0602594     0.0636699     0.0665797     0.0692533     0.0706919     0.0728808     0.0744987     0.0766768     0.0799152     0.0822042     0.0836618     0.0851753     0.0864961     0.0874391     0.0903912     0.0934184     0.0996965     
0.0424865     0.0513957     0.0564196     0.0598561     0.0639681     0.0674806     0.0704719     0.0731708     0.0746252     0.0769219     0.0786097     0.080827     0.0841638     0.0865699     0.0882616     0.0901304     0.0918662     0.0930717     0.0961999     0.0992944     0.106006     
0.0424815     0.0515498     0.0567401     0.0603122     0.0645314     0.0681623     0.071249     0.0740512     0.0755885     0.0779523     0.0797502     0.0820788     0.0855077     0.0881288     0.0899961     0.0921749     0.0942067     0.0957039     0.0989858     0.102237     0.109389     
0.0447907     0.0538954     0.0592191     0.0629592     0.0673032     0.0710114     0.074139     0.0768979     0.0784368     0.0808584     0.0827409     0.085082     0.0885035     0.0912335     0.0933298     0.0959177     0.0984427     0.100378     0.103825     0.107188     0.115038     
0.0414399     0.0501936     0.055372     0.0590095     0.0632559     0.0669398     0.070098     0.0729113     0.0745069     0.0768963     0.0788457     0.0812348     0.0846313     0.087425     0.0895036     0.0920987     0.0946011     0.096659     0.100175     0.103703     0.111715     
0.0427512     0.0511952     0.0563352     0.06002     0.064188     0.0677716     0.0707899     0.0733786     0.0748704     0.0772052     0.0791122     0.0813555     0.0845439     0.08728     0.0894085     0.0921892     0.0949243     0.0972748     0.100829     0.104506     0.113201     
0.0401685     0.0495253     0.055272     0.0593483     0.064085     0.0683096     0.0719261     0.0751526     0.0770411     0.0795841     0.081876     0.0845958     0.0881639     0.0913376     0.0933571     0.0959615     0.0981867     0.100648     0.104519     0.108922     0.118958     
