0.125	1.92538e-15	3.34567e-13	0	1.57972e-14	4.44964e-13	0
0.375	7.98856e-15	1.09051e-12	0	7.16269e-14	5.32719e-12	0
0.625	1.4277e-14	1.46252e-12	0	1.3368e-13	1.52712e-11	0
0.875	1.29877e-14	1.67896e-12	0	1.82216e-13	2.203e-11	0
1.125	1.72998e-14	1.88514e-12	0	1.9517e-13	2.55887e-11	0
1.375	1.15002e-14	1.99984e-12	0	1.98735e-13	2.78699e-11	0
1.625	1.24145e-14	2.03296e-12	0	1.6311e-13	3.02783e-11	0
1.875	1.33224e-14	2.06526e-12	0	1.91852e-13	3.20069e-11	0
2.125	1.52097e-14	1.9964e-12	0	1.73413e-13	3.40212e-11	0
2.375	1.13844e-14	1.99142e-12	0	1.39535e-13	3.45058e-11	0
2.625	1.50048e-14	1.9252e-12	0	1.5053e-13	3.23441e-11	0
2.875	1.30058e-14	1.86245e-12	0	1.45165e-13	2.81273e-11	0
3.125	1.61553e-14	1.75303e-12	0	1.02511e-13	2.38658e-11	0
3.375	1.46698e-14	1.68026e-12	0	1.20746e-13	2.03599e-11	0
3.625	1.45801e-14	1.46682e-12	0	8.70964e-14	1.74521e-11	0
3.875	1.04406e-14	1.37132e-12	0	8.59834e-14	1.5033e-11	0
4.125	1.84688e-14	1.26685e-12	0	7.52767e-14	1.30355e-11	0
4.375	1.358e-14	1.28122e-12	0	6.50637e-14	1.13174e-11	0
4.625	1.03602e-14	1.3391e-12	0	6.66997e-14	9.9334e-12	0
4.875	1.72125e-14	1.3905e-12	0	4.49131e-14	8.88692e-12	0
5.125	1.93574e-14	1.40391e-12	0	4.25844e-14	7.73321e-12	0
5.375	1.46749e-14	1.48883e-12	0	3.75406e-14	6.70377e-12	0
5.625	1.17414e-14	1.5377e-12	0	3.42577e-14	5.54533e-12	0
5.875	1.45956e-14	1.45254e-12	0	3.48485e-14	4.72042e-12	0
6.125	1.18665e-14	1.39855e-12	0	2.55688e-14	3.86716e-12	0
6.375	9.66084e-15	1.31436e-12	0	2.92692e-14	3.29208e-12	0
6.625	1.79753e-14	1.27999e-12	0	2.532e-14	2.75759e-12	0
6.875	9.55342e-15	1.28515e-12	0	2.762e-14	2.45907e-12	0
7.125	1.18542e-14	1.1762e-12	0	2.0615e-14	1.97492e-12	0
7.375	9.75542e-15	1.00654e-12	0	2.42112e-14	1.71175e-12	0
7.625	1.12495e-14	9.72576e-13	0	1.83165e-14	1.62068e-12	0
7.875	7.87218e-15	9.1957e-13	0	1.93788e-14	1.40928e-12	0
8.125	1.02584e-14	8.12405e-13	0	2.33443e-14	1.0747e-12	0
8.375	9.42532e-15	8.07623e-13	0	3.00162e-14	1.09816e-12	0
8.625	9.35702e-15	9.30619e-13	0	1.97929e-14	9.38971e-13	0
8.875	9.38404e-15	8.78154e-13	0	1.54545e-14	8.84082e-13	0
9.125	1.05235e-14	6.94815e-13	0	1.51952e-14	6.42494e-13	0
9.375	9.4527e-15	6.98602e-13	0	1.30492e-14	6.33486e-13	0
9.625	6.18359e-15	6.03836e-13	0	1.18707e-14	5.48426e-13	0
9.875	8.27533e-15	6.47095e-13	0	1.67032e-14	5.76003e-13	0
10.125	7.81629e-15	5.28921e-13	0	1.15365e-14	5.21527e-13	0
10.375	8.03271e-15	6.00997e-13	0	1.31977e-14	4.80082e-13	0
10.625	6.47347e-15	6.63981e-13	0	8.24304e-15	5.04527e-13	0
10.875	1.06461e-14	5.20372e-13	0	1.37136e-14	3.96125e-13	0
11.125	1.03832e-14	4.5379e-13	0	7.29949e-15	3.84212e-13	0
11.375	9.66856e-15	5.06724e-13	0	8.39885e-15	4.03625e-13	0
11.625	9.20437e-15	4.72114e-13	0	6.88085e-15	4.34221e-13	0
11.875	5.00173e-15	4.2735e-13	0	7.09722e-15	3.847e-13	0
12.125	7.24291e-15	3.88068e-13	0	6.94913e-15	3.59788e-13	0
12.375	4.12878e-15	4.14476e-13	0	7.38546e-15	3.19599e-13	0
12.625	6.251e-15	4.26709e-13	0	8.00479e-15	3.37978e-13	0
12.875	1.53785e-14	3.7888e-13	0	5.73459e-15	2.93831e-13	0
13.125	9.48253e-15	3.64991e-13	0	6.40523e-15	2.70496e-13	0
13.375	5.14442e-15	3.3629e-13	0	1.15256e-14	2.91362e-13	0
13.625	6.08083e-15	3.30989e-13	0	3.42552e-15	2.76458e-13	0
13.875	6.32313e-15	2.58102e-13	0	4.56885e-15	2.13657e-13	0
14.125	5.60183e-15	2.93131e-13	0	3.89205e-15	2.1697e-13	0
14.375	2.87538e-15	2.93722e-13	0	7.1933e-15	2.38428e-13	0
14.625	3.83912e-15	3.68275e-13	0	3.03907e-15	2.36562e-13	0
14.875	5.66717e-15	2.33301e-13	0	3.53535e-15	1.95577e-13	0
15.125	4.75895e-15	2.0144e-13	0	2.99609e-15	1.98329e-13	0
15.375	3.9262e-15	2.47899e-13	0	4.63184e-15	1.92866e-13	0
15.625	2.7629e-15	2.33243e-13	0	2.68396e-15	1.87956e-13	0
15.875	3.60222e-15	2.37551e-13	0	3.13283e-15	2.29558e-13	0
16.125	2.94046e-15	2.38708e-13	0	3.01848e-15	1.57087e-13	0
16.375	3.78963e-15	1.84862e-13	0	6.02364e-15	1.67907e-13	0
16.625	2.81234e-15	1.91593e-13	0	6.62739e-16	1.6563e-13	0
16.875	3.76187e-15	1.77275e-13	0	1.3355e-15	1.94637e-13	0
17.125	4.22284e-15	2.08072e-13	0	2.04946e-15	1.7353e-13	0
17.375	8.00605e-15	1.61026e-13	0	2.29525e-15	1.30565e-13	0
17.625	3.39905e-15	2.11874e-13	0	1.97245e-15	1.71593e-13	0
17.875	2.43441e-15	1.97356e-13	0	3.59961e-15	1.43334e-13	0
18.125	2.0588e-15	1.95278e-13	0	4.00844e-16	1.50312e-13	0
18.375	2.26099e-15	1.44424e-13	0	1.37722e-15	1.64232e-13	0
18.625	3.9731e-15	1.418e-13	0	8.68436e-16	1.05491e-13	0
18.875	2.66637e-15	2.2102e-13	0	2.23839e-15	1.40453e-13	0
19.125	3.04721e-15	1.76771e-13	0	2.18959e-15	9.37693e-14	0
19.375	4.14493e-15	1.48125e-13	0	8.59456e-16	1.21885e-13	0
19.625	6.48983e-15	1.00212e-13	0	2.62644e-15	1.5513e-13	0
19.875	3.69893e-15	1.54737e-13	0	1.70638e-15	9.21185e-14	0
20.125	5.2156e-15	1.07344e-13	0	1.59778e-15	6.3615e-14	0
20.375	4.11358e-15	2.1254e-13	0	8.17175e-16	5.22047e-14	0
20.625	4.88355e-15	7.07351e-14	0	4.91792e-16	1.12395e-13	0
20.875	1.82275e-15	1.04145e-13	0	0	7.74842e-14	0
21.125	6.21736e-15	6.98609e-14	0	1.35535e-15	6.99947e-14	0
21.375	1.58079e-15	8.8225e-14	0	2.70977e-15	1.0859e-13	0
21.625	3.31769e-15	1.90393e-13	0	6.9388e-16	4.05943e-14	0
21.875	6.59966e-16	8.59444e-14	0	5.83723e-16	4.85904e-14	0
22.125	1.28053e-15	9.0452e-14	0	1.43576e-15	3.44506e-14	0
22.375	0	4.52746e-14	0	6.65375e-16	8.48901e-14	0
22.625	2.54769e-15	1.33378e-13	0	4.25862e-16	6.36442e-14	0
22.875	0	1.03401e-13	0	5.08888e-16	6.19696e-14	0
23.125	2.46655e-15	5.25178e-14	0	3.70727e-15	7.99239e-14	0
23.375	1.38477e-15	9.45284e-14	0	1.22084e-15	3.29104e-14	0
23.625	1.08641e-15	1.48421e-13	0	7.06754e-16	2.69351e-14	0
23.875	1.46894e-15	9.3987e-14	0	1.10676e-15	3.47113e-14	0
24.125	4.08994e-15	4.96899e-14	0	2.34606e-15	3.46905e-14	0
24.375	4.12822e-15	4.11164e-14	0	1.17357e-15	2.45946e-14	0
24.625	7.00513e-16	5.19524e-14	0	5.59623e-16	1.04214e-13	0
24.875	2.39048e-15	6.6507e-14	0	1.36349e-15	3.01264e-14	0
25.125	4.74347e-15	7.50361e-14	0	6.64061e-16	5.50456e-14	0
25.375	1.86781e-15	7.088e-14	0	0	1.09475e-13	0
25.625	4.15593e-15	6.91915e-14	0	0	2.18237e-14	0
25.875	6.74697e-16	1.07805e-13	0	0	2.99975e-14	0
26.125	2.97539e-15	7.97072e-14	0	7.33435e-16	1.9635e-14	0
26.375	1.69942e-15	1.23874e-13	0	0	2.66972e-14	0
26.625	2.26191e-15	4.5959e-14	0	2.63292e-15	1.84128e-14	0
26.875	4.43099e-15	9.42062e-14	0	0	5.98534e-14	0
27.125	0	7.68693e-14	0	0	2.11462e-14	0
27.375	4.01639e-15	1.09157e-13	0	8.87647e-16	2.18837e-14	0
27.625	5.66679e-15	6.86287e-14	0	0	1.40224e-14	0
27.875	0	4.00905e-14	0	0	1.31977e-14	0
28.125	6.46693e-16	7.15908e-14	0	0	1.55706e-14	0
28.375	0	3.61095e-14	0	0	1.75014e-14	0
28.625	0	4.13539e-14	0	0	2.17046e-14	0
28.875	4.62939e-15	3.22631e-14	0	0	5.2364e-14	0
29.125	1.27094e-15	3.80607e-14	0	0	1.67056e-14	0
29.375	2.87174e-15	3.74768e-14	0	0	1.93466e-14	0
29.625	1.98466e-15	7.04836e-14	0	0	1.42859e-14	0
29.875	1.42629e-15	3.18997e-14	0	1.07561e-15	1.27278e-14	0
30.125	9.02222e-16	3.66673e-14	0	1.46737e-15	1.84855e-14	0
30.375	2.29071e-15	3.37606e-14	0	0	1.19172e-14	0
30.625	9.70471e-16	2.79969e-14	0	0	1.27453e-14	0
30.875	8.15251e-16	6.98164e-14	0	0	9.71468e-15	0
31.125	0	2.96031e-14	0	0	1.43832e-14	0
31.375	1.33106e-15	2.80847e-14	0	0	1.06933e-14	0
31.625	8.58564e-16	2.71396e-14	0	0	9.48463e-15	0
31.875	2.92521e-15	3.73247e-14	0	0	5.16963e-14	0
32.125	0	7.38532e-14	0	0	1.40174e-14	0
32.375	1.19569e-15	7.26601e-14	0	1.41919e-15	1.27769e-14	0
32.625	0	2.38349e-14	0	0	7.22474e-15	0
32.875	1.20953e-15	3.00999e-14	0	0	1.24675e-14	0
33.125	1.31577e-15	2.7566e-14	0	0	1.04258e-14	0
33.375	1.89848e-15	2.67506e-14	0	0	9.83689e-15	0
33.625	0	7.13234e-14	0	0	9.98255e-15	0
33.875	0	2.41692e-14	0	0	7.79878e-15	0
34.125	1.14011e-15	2.76853e-14	0	0	1.02908e-14	0
34.375	1.45784e-15	2.32655e-14	0	0	6.41031e-15	0
34.625	2.41372e-15	2.3624e-14	0	0	9.77743e-15	0
34.875	0	7.54033e-14	0	0	7.42586e-15	0
35.125	1.35142e-15	3.0391e-14	0	0	7.55222e-15	0
35.375	4.31382e-15	2.4643e-14	0	0	1.10337e-14	0
35.625	9.45327e-16	1.72471e-14	0	0	5.15788e-15	0
35.875	1.02351e-15	1.83533e-14	0	0	6.12716e-15	0
36.125	0	2.57442e-14	0	0	5.31806e-15	0
36.375	1.53922e-15	1.9758e-14	0	0	2.68383e-15	0
36.625	0	7.94294e-14	0	0	8.20599e-15	0
36.875	0	2.21401e-14	0	0	6.47377e-15	0
37.125	4.23819e-15	3.27503e-14	0	0	9.3459e-16	0
37.375	0	2.04576e-14	0	0	5.68503e-15	0
37.625	0	2.11324e-14	0	0	4.80337e-15	0
37.875	0	3.24216e-14	0	0	5.8492e-15	0
38.125	0	2.95964e-14	0	0	4.93022e-15	0
38.375	0	1.80157e-14	0	0	4.98908e-15	0
38.625	1.74726e-15	2.53189e-14	0	0	7.09093e-15	0
38.875	0	1.9532e-14	0	0	6.15476e-15	0
39.125	0	1.66156e-14	0	0	5.19331e-15	0
39.375	0	2.42639e-14	0	0	5.26891e-15	0
39.625	0	1.49085e-14	0	0	6.39087e-15	0
39.875	0	2.47984e-14	0	0	3.25691e-15	0
40.125	0	2.73429e-14	0	0	2.18556e-15	0
40.375	0	1.77192e-14	0	0	5.5187e-15	0
40.625	0	1.90632e-14	0	0	1.12412e-15	0
40.875	2.99899e-15	1.70259e-14	0	0	0	0
41.125	0	1.95373e-14	0	0	2.29881e-15	0
41.375	0	2.20639e-14	0	1.90005e-15	3.48396e-15	0
41.625	0	1.64927e-14	0	0	2.3615e-15	0
41.875	0	1.43043e-14	0	0	1.1968e-15	0
42.125	0	1.6879e-14	0	0	1.21007e-15	0
42.375	0	2.80607e-14	0	0	4.87332e-15	0
42.625	0	1.97471e-14	0	0	1.23172e-15	0
42.875	1.75922e-15	1.87012e-14	0	0	0	0
43.125	0	2.1465e-14	0	0	2.52602e-15	0
43.375	0	1.91853e-14	0	0	7.68782e-15	0
43.625	0	2.19522e-14	0	0	2.58207e-15	0
43.875	0	1.83146e-14	0	0	3.93127e-15	0
44.125	0	1.85303e-14	0	0	2.64142e-15	0
44.375	0	1.20232e-14	0	0	4.01934e-15	0
44.625	0	1.48542e-14	0	0	0	0
44.875	2.16608e-15	1.77771e-14	0	0	1.36234e-15	0
45.125	0	2.21067e-14	0	0	0	0
45.375	0	2.79837e-15	0	0	0	0
45.625	0	2.12128e-14	0	0	5.65927e-15	0
45.875	0	8.55914e-15	0	0	0	0
46.125	0	2.1637e-14	0	0	0	0
46.375	0	1.17116e-14	0	0	1.46763e-15	0
46.625	0	7.37565e-15	0	0	1.47911e-15	0
46.875	0	1.04509e-14	0	0	2.98413e-15	0
47.125	2.06598e-15	1.95721e-14	0	0	0	0
47.375	0	1.52644e-14	0	0	6.08108e-15	0
47.625	0	7.70356e-15	0	0	0	0
47.875	0	2.02322e-14	0	0	1.55608e-15	0
48.125	0	2.04352e-14	0	0	0	0
48.375	0	1.58639e-14	0	0	3.17912e-15	0
48.625	0	9.61699e-15	0	2.4181e-15	1.60803e-15	0
48.875	0	8.10175e-15	0	0	1.62301e-15	0
49.125	0	1.96438e-14	0	0	4.92288e-15	0
49.375	0	1.49238e-14	0	0	4.96657e-15	0
49.625	0	1.33764e-14	0	0	0	0
49.875	0	1.1828e-14	0	0	0	0
50.125	0	8.55151e-15	0	0	1.69795e-15	0
50.375	0	1.5499e-14	0	0	1.73062e-15	0
50.625	0	6.95829e-15	0	0	3.4781e-15	0
50.875	2.83913e-15	1.57976e-14	0	0	0	0
51.125	0	7.11549e-15	0	0	0	0
51.375	0	1.43458e-14	0	0	0	0
51.625	3.60824e-15	9.0502e-15	0	0	0	0
51.875	0	5.47526e-15	0	0	3.6511e-15	0
52.125	0	1.28808e-14	0	0	0	0
52.375	0	1.11682e-14	0	0	0	0
52.625	0	1.12845e-14	0	0	0	0
52.875	0	1.14161e-14	0	0	0	0
53.125	0	7.68771e-15	0	0	0	0
53.375	0	7.72855e-15	0	0	1.94e-15	0
53.625	0	9.77316e-15	0	0	0	0
53.875	0	9.86404e-15	0	0	0	0
54.125	0	5.9774e-15	0	0	1.99503e-15	0
54.375	0	1.20594e-14	0	0	0	0
54.625	0	1.01377e-14	0	0	0	0
54.875	0	1.22751e-14	0	0	2.05436e-15	0
55.125	0	6.21277e-15	0	0	2.05755e-15	0
55.375	0	1.45706e-14	0	0	0	0
55.625	0	1.26264e-14	0	0	0	0
55.875	0	6.34781e-15	0	0	0	0
56.125	0	1.06898e-14	0	0	0	0
56.375	0	1.29412e-14	0	0	0	0
56.625	0	6.5346e-15	0	0	0	0
56.875	0	8.81244e-15	0	0	0	0
57.125	0	6.64049e-15	0	0	0	0
57.375	0	8.93389e-15	0	0	0	0
57.625	0	9.02567e-15	0	0	0	0
57.875	0	2.27393e-15	0	0	0	0
58.125	0	6.88282e-15	0	0	0	0
58.375	0	2.31335e-15	0	0	0	0
58.625	0	6.99272e-15	0	0	0	0
58.875	0	4.70349e-15	0	0	0	0
59.125	0	9.49276e-15	0	0	0	0
59.375	0	7.18963e-15	0	0	0	0
59.625	0	4.83232e-15	0	0	0	0
59.875	0	2.44454e-15	0	0	0	0
60.125	0	2.4462e-15	0	0	0	0
60.375	0	4.94591e-15	0	0	0	0
60.625	0	2.5037e-15	0	0	0	0
60.875	0	0	0	0	0	0
61.125	0	5.08012e-15	0	0	0	0
61.375	0	2.56671e-15	0	0	0	0
61.625	0	2.58876e-15	0	0	0	0
61.875	0	7.81358e-15	0	0	0	0
62.125	0	7.866e-15	0	0	0	0
62.375	0	2.63455e-15	0	0	2.64255e-15	0
62.625	0	0	0	0	0	0
62.875	0	0	0	0	0	0
63.125	0	2.70156e-15	0	0	0	0
63.375	0	5.45694e-15	0	0	0	0
63.625	0	2.74516e-15	0	0	0	0
63.875	0	0	0	0	0	0
64.125	0	2.79782e-15	0	0	0	0
64.375	0	2.8123e-15	0	0	0	0
64.625	0	5.67569e-15	0	0	2.83711e-15	0
64.875	0	5.72716e-15	0	0	0	0
65.125	0	2.88449e-15	0	0	0	0
65.375	0	8.71247e-15	0	0	0	0
65.625	0	1.16953e-14	0	0	0	0
65.875	0	2.9385e-15	0	0	0	0
66.125	0	0	0	0	0	0
66.375	0	0	0	0	0	0
66.625	0	3.00742e-15	0	0	0	0
66.875	0	0	0	0	0	0
67.125	0	0	0	0	0	0
67.375	0	0	0	0	0	0
67.625	0	0	0	0	0	0
67.875	0	6.26727e-15	0	0	0	0
68.125	0	3.1533e-15	0	0	0	0
68.375	0	0	0	0	0	0
68.625	0	0	0	0	0	0
68.875	0	0	0	0	0	0
69.125	0	0	0	0	0	0
69.375	0	0	0	0	0	0
69.625	0	0	0	0	0	0
69.875	0	3.31214e-15	0	0	0	0
70.125	0	0	0	0	0	0
70.375	0	0	0	0	0	0
70.625	0	3.39926e-15	0	0	0	0
70.875	0	3.40946e-15	0	0	0	0
71.125	0	3.42405e-15	0	0	0	0
71.375	0	6.92919e-15	0	0	0	0
71.625	0	0	0	0	0	0
71.875	0	7.02432e-15	0	0	0	0
72.125	0	3.54042e-15	0	0	0	0
72.375	0	3.55713e-15	0	0	0	0
72.625	0	0	0	0	0	0
72.875	0	3.6162e-15	0	0	0	0
73.125	0	3.63715e-15	0	0	0	0
73.375	0	0	0	0	0	0
73.625	0	0	0	0	3.68955e-15	0
73.875	0	0	0	0	0	0
74.125	0	0	0	0	0	0
74.375	0	3.76459e-15	0	0	0	0
74.625	0	3.78156e-15	0	0	0	0
74.875	0	0	0	0	0	0
75.125	0	0	0	0	0	0
75.375	0	0	0	0	0	0
75.625	0	0	0	0	0	0
75.875	0	3.91891e-15	0	0	0	0
76.125	0	3.93373e-15	0	0	0	0
76.375	0	3.97139e-15	0	0	0	0
76.625	0	0	0	0	0	0
76.875	0	4.01768e-15	0	0	0	0
77.125	0	0	0	0	0	0
77.375	0	4.07777e-15	0	0	0	0
77.625	0	0	0	0	0	0
77.875	0	0	0	0	0	0
78.125	0	4.14566e-15	0	0	0	0
78.375	0	4.17676e-15	0	0	0	0
78.625	0	0	0	0	0	0
78.875	0	0	0	0	0	0
79.125	0	0	0	0	0	0
79.375	0	0	0	0	0	0
79.625	0	4.29698e-15	0	0	0	0
79.875	0	0	0	0	0	0
80.125	0	0	0	0	0	0
80.375	0	0	0	0	0	0
80.625	0	0	0	0	0	0
80.875	0	0	0	0	0	0
81.125	0	0	0	0	0	0
81.375	0	0	0	0	0	0
81.625	0	0	0	0	0	0
81.875	0	0	0	0	0	0
82.125	0	0	0	0	0	0
82.375	0	0	0	0	0	0
82.625	0	0	0	0	0	0
82.875	0	0	0	0	0	0
83.125	0	0	0	0	0	0
83.375	0	0	0	0	0	0
83.625	0	0	0	0	0	0
83.875	0	0	0	0	0	0
84.125	0	0	0	0	0	0
84.375	0	0	0	0	0	0
84.625	0	4.85558e-15	0	0	0	0
84.875	0	0	0	0	0	0
85.125	0	0	0	0	0	0
85.375	0	0	0	0	0	0
85.625	0	0	0	0	0	0
85.875	0	0	0	0	0	0
86.125	0	0	0	0	0	0
86.375	0	0	0	0	0	0
86.625	0	0	0	0	0	0
86.875	0	0	0	0	0	0
87.125	0	0	0	0	0	0
87.375	0	0	0	0	0	0
87.625	0	0	0	0	0	0
87.875	0	0	0	0	0	0
88.125	0	0	0	0	0	0
88.375	0	0	0	0	0	0
88.625	0	0	0	0	0	0
88.875	0	0	0	0	0	0
89.125	0	0	0	0	0	0
89.375	0	5.41201e-15	0	0	0	0
89.625	0	0	0	0	0	0
89.875	0	0	0	0	0	0
90.125	0	0	0	0	0	0
90.375	0	0	0	0	0	0
90.625	0	5.56383e-15	0	0	0	0
90.875	0	0	0	0	0	0
91.125	0	0	0	0	0	0
91.375	0	0	0	0	0	0
91.625	0	0	0	0	0	0
91.875	0	0	0	0	0	0
92.125	0	0	0	0	0	0
92.375	0	0	0	0	0	0
92.625	0	0	0	0	0	0
92.875	0	0	0	0	0	0
93.125	0	0	0	0	0	0
93.375	0	0	0	0	0	0
93.625	0	0	0	0	0	0
93.875	0	0	0	0	0	0
94.125	0	0	0	0	0	0
94.375	0	0	0	0	0	0
94.625	0	0	0	0	0	0
94.875	0	0	0	0	0	0
95.125	0	0	0	0	0	0
95.375	0	0	0	0	0	0
95.625	0	0	0	0	0	0
95.875	0	0	0	0	0	0
96.125	0	0	0	0	0	0
96.375	0	0	0	0	0	0
96.625	0	0	0	0	0	0
96.875	0	0	0	0	0	0
97.125	0	0	0	0	0	0
97.375	0	0	0	0	0	0
97.625	0	0	0	0	0	0
97.875	0	0	0	0	0	0
98.125	0	0	0	0	0	0
98.375	0	0	0	0	0	0
98.625	0	0	0	0	0	0
98.875	0	0	0	0	0	0
99.125	0	0	0	0	0	0
99.375	0	0	0	0	0	0
99.625	0	0	0	0	0	0
99.875	0	0	0	0	0	0
100.125	0	0	0	0	0	0
100.375	0	0	0	0	0	0
100.625	0	0	0	0	0	0
100.875	0	0	0	0	0	0
101.125	0	0	0	0	0	0
101.375	0	0	0	0	0	0
101.625	0	0	0	0	0	0
101.875	0	0	0	0	0	0
102.125	0	0	0	0	0	0
102.375	0	0	0	0	0	0
102.625	0	0	0	0	0	0
102.875	0	0	0	0	0	0
103.125	0	0	0	0	0	0
103.375	0	0	0	0	0	0
103.625	0	0	0	0	0	0
103.875	0	0	0	0	0	0
104.125	0	0	0	0	0	0
104.375	0	0	0	0	0	0
104.625	0	0	0	0	0	0
104.875	0	0	0	0	0	0
105.125	0	0	0	0	0	0
105.375	0	0	0	0	0	0
105.625	0	0	0	0	0	0
105.875	0	0	0	0	0	0
106.125	0	0	0	0	0	0
106.375	0	0	0	0	0	0
106.625	0	0	0	0	0	0
106.875	0	0	0	0	0	0
107.125	0	0	0	0	0	0
107.375	0	0	0	0	0	0
107.625	0	0	0	0	0	0
107.875	0	0	0	0	0	0
108.125	0	0	0	0	0	0
108.375	0	0	0	0	0	0
108.625	0	0	0	0	0	0
108.875	0	0	0	0	0	0
109.125	0	0	0	0	0	0
109.375	0	0	0	0	0	0
109.625	0	0	0	0	0	0
109.875	0	0	0	0	0	0
110.125	0	0	0	0	0	0
110.375	0	0	0	0	0	0
110.625	0	0	0	0	0	0
110.875	0	0	0	0	0	0
111.125	0	0	0	0	0	0
111.375	0	0	0	0	0	0
111.625	0	0	0	0	0	0
111.875	0	0	0	0	0	0
112.125	0	0	0	0	0	0
112.375	0	0	0	0	0	0
112.625	0	0	0	0	0	0
112.875	0	0	0	0	0	0
113.125	0	0	0	0	0	0
113.375	0	0	0	0	0	0
113.625	0	0	0	0	0	0
113.875	0	0	0	0	0	0
114.125	0	0	0	0	0	0
114.375	0	0	0	0	0	0
114.625	0	0	0	0	0	0
114.875	0	0	0	0	0	0
115.125	0	0	0	0	0	0
115.375	0	0	0	0	0	0
115.625	0	0	0	0	0	0
115.875	0	0	0	0	0	0
116.125	0	0	0	0	0	0
116.375	0	0	0	0	0	0
116.625	0	0	0	0	0	0
116.875	0	0	0	0	0	0
117.125	0	0	0	0	0	0
117.375	0	0	0	0	0	0
117.625	0	0	0	0	0	0
117.875	0	0	0	0	0	0
118.125	0	0	0	0	0	0
118.375	0	0	0	0	0	0
118.625	0	0	0	0	0	0
118.875	0	0	0	0	0	0
119.125	0	0	0	0	0	0
119.375	0	0	0	0	0	0
119.625	0	0	0	0	0	0
119.875	0	0	0	0	0	0
120.125	0	0	0	0	0	0
120.375	0	0	0	0	0	0
120.625	0	0	0	0	0	0
120.875	0	0	0	0	0	0
121.125	0	0	0	0	0	0
121.375	0	0	0	0	0	0
121.625	0	0	0	0	0	0
121.875	0	0	0	0	0	0
122.125	0	0	0	0	0	0
122.375	0	0	0	0	0	0
122.625	0	0	0	0	0	0
122.875	0	0	0	0	0	0
123.125	0	0	0	0	0	0
123.375	0	0	0	0	0	0
123.625	0	0	0	0	0	0
123.875	0	0	0	0	0	0
124.125	0	0	0	0	0	0
124.375	0	0	0	0	0	0
124.625	0	0	0	0	0	0
124.875	0	0	0	0	0	0
125.125	0	0	0	0	0	0
