1.	0	295.7719345321935	0	0	0	0
1.05	0	300.17696046099815	0	0	0	0
1.1	0	304.7464292127515	0	0	0	0
1.15	0	309.48088200607367	0	0	0	0
1.2	0	314.380860059585	0	0	0	0
1.25	0	319.4469045919056	0	0	0	0
1.3	0	324.6795568216557	0	0	0	0
1.35	0	330.0793579674554	0	0	0	0
1.4	0	335.64684924792505	0	0	0	0
1.45	0	341.38257188168467	0	0	0	0
1.5	0	347.2870670873546	0	0	0	0
1.55	0	353.36087608355507	0	0	0	0
1.6	0	359.6045400889061	0	0	0	0
1.65	0	366.01860032202796	0	0	0	0
1.7	0	372.60359800154095	0	0	0	0
1.75	0	379.3600743460652	0	0	0	0
1.8	0	386.2885705742209	0	0	0	0
1.85	0	393.38962790462824	0	0	0	0
1.9	0	400.66378755590733	0	0	0	0
1.95	0	408.11159074667853	0	0	0	0
2.	0	415.7335786955621	0	0	0	0
2.05	0	423.530292621178	0	0	0	0
2.1	0	431.50227374214654	0	0	0	0
2.15	0	439.65006327708784	0	0	0	0
2.2	0	447.97420244462234	0	0	0	0
2.25	0	456.47523246336993	0	0	0	0
2.3	0	465.15369455195093	0	0	0	0
2.35	0	474.01012992898575	0	0	0	0
2.4	0	483.04507981309416	0	0	0	0
2.45	0	492.25908542289676	0	0	0	0
2.5	0	501.6526879770135	0	0	0	0
2.55	0	511.2264286940646	0	0	0	0
2.6	0	520.9808487926705	0	0	0	0
2.65	0	530.916489491451	0	0	0	0
2.7	0	541.0338920090267	0	0	0	0
2.75	0	551.3335975640175	0	0	0	0
2.8	0	561.8161473750437	0	0	0	0
2.85	0	572.4820826607255	0	0	0	0
2.9	0	583.3319446396831	0	0	0	0
2.95	0	594.3662745305369	0	0	0	0
3.	0	605.5856135519066	0	0	0	0
3.05	0	616.9905029224128	0	0	0	0
3.1	0	628.5814838606757	0	0	0	0
3.15	0	640.3590975853152	0	0	0	0
3.2	0	652.3238853149519	0	0	0	0
3.25	0	664.4763882682056	0	0	0	0
3.3	0	676.8171476636967	0	0	0	0
3.35	0	689.3467047200454	0	0	0	0
3.4	0	702.0656006558719	0	0	0	0
3.45	0	714.9743766897965	0	0	0	0
3.5	0	728.0735740404391	0	0	0	0
3.55	0	741.3637339264201	0	0	0	0
3.6	0	754.8453975663597	0	0	0	0
3.65	0	768.519106178878	0	0	0	0
3.7	0	782.3854009825953	0	0	0	0
3.75	0	796.4448231961319	0	0	0	0
3.8	0	810.6979140381076	0	0	0	0
3.85	0	825.1452147271431	0	0	0	0
3.9	0	839.7872664818582	0	0	0	0
3.95	0	854.6246105208734	0	0	0	0
4.	0	869.6577880628085	0	0	0	0
4.05	0	884.8873403262841	0	0	0	0
4.1	0	900.3138085299202	0	0	0	0
4.15	0	915.9377338923373	0	0	0	0
4.2	0	931.759657632155	0	0	0	0
4.25	0	947.780120967994	0	0	0	0
4.3	0	963.9996651184742	0	0	0	0
4.35	0	980.418831302216	0	0	0	0
4.4	0	997.0381607378397	0	0	0	0
4.45	0	1013.8581946439651	0	0	0	0
4.5	0	1030.8794742392126	0	0	0	0
4.55	0	1048.1025407422026	0	0	0	0
4.6	0	1065.4668910088324	0	0	0	0
4.65	0	1081.758999095937	0	0	0	0
4.7	0	1098.2405334970101	0	0	0	0
4.75	0	1114.9170559841414	0	0	0	0
4.8	0	1131.7941283294208	0	0	0	0
4.85	0	1148.8773123049386	0	0	0	0
4.9	0	1166.1721696827847	0	0	0	0
4.95	0	1183.6842622350482	0	0	0	0
5.	0	1201.4191517338193	0	0	0	0
5.05	0	1219.382399951188	0	0	0	0
5.1	0	1237.5795686592442	0	0	0	0
5.15	0	1256.016219630078	0	0	0	0
5.2	0	1274.6979146357787	0	0	0	0
5.25	0	1293.6302154484363	0	0	0	0
5.3	0	1312.8186838401407	0	0	0	0
5.35	0	1332.2688815829822	0	0	0	0
5.4	0	1351.9863704490504	0	0	0	0
5.45	0	1371.976712210435	0	0	0	0
5.5	0	1392.2454686392257	0	0	0	0
5.55	0	1412.7982015075127	0	0	0	0
5.6	0	1433.6404725873858	0	0	0	0
5.65	0	1454.7778436509352	0	0	0	0
5.7	0	1476.2158764702501	0	0	0	0
5.75	0	1497.9601328174208	0	0	0	0
5.8	0	1520.016174464537	0	0	0	0
5.85	0	1542.3895631836883	0	0	0	0
5.9	0	1565.0858607469656	0	0	0	0
5.95	0	1588.1106289264576	0	0	0	0
6.	0	1611.4694294942547	0	0	0	0
6.05	0	1635.1678242224464	0	0	0	0
6.1	0	1659.2113748831232	0	0	0	0
6.15	0	1683.6056432483747	0	0	0	0
6.2	0	1708.3561910902904	0	0	0	0
6.25	0	1733.4685801809605	0	0	0	0
6.3	0	1758.948372292475	0	0	0	0
6.35	0	1784.8011291969233	0	0	0	0
6.4	0	1811.032412666396	0	0	0	0
6.45	0	1837.647784472982	0	0	0	0
6.5	0	1864.652806388772	0	0	0	0
6.55	0	1892.0530401858553	0	0	0	0
6.6	0	1919.854047636322	0	0	0	0
6.65	0	1948.0613905122625	0	0	0	0
6.7	0	1976.6806305857658	0	0	0	0
6.75	0	2005.7173296289218	0	0	0	0
6.8	0	2035.177049413821	0	0	0	0
6.85	0	2065.065351712553	0	0	0	0
6.9	0	2096.423766804228	0	0	0	0
6.95	0	2142.1401996200248	0	0	0	0
7.	0	2188.156505718162	0	0	0	0
7.05	0	2234.429533039672	0	0	0	0
7.1	0	2280.916129525588	0	0	0	0
7.15	0	2327.5731431169434	0	0	0	0
7.2	0	2374.3574217547693	0	0	0	0
7.25	0	2421.2258133800997	0	0	0	0
7.3	0	2468.135165933966	0	0	0	0
7.35	0	2515.0423273574015	0	0	0	0
7.4	0	2561.9041455914403	0	0	0	0
7.45	0	2608.677468577113	0	0	0	0
7.5	0	2655.319144255453	0	0	0	0
7.55	0	2701.7860205674933	0	0	0	0
7.6	0	2748.0349454542666	0	0	0	0
7.65	0	2794.0227668568064	0	0	0	0
7.7	0	2839.706332716143	0	0	0	0
7.75	0	2885.0424909733115	0	0	0	0
7.8	0	2929.988089569343	0	0	0	0
7.85	0	2974.4999764452714	0	0	0	0
7.9	0	3018.5349995421298	0	0	0	0
7.95	0	3062.0500068009487	0	0	0	0
8.	0	3105.0018461627624	0	0	0	0
8.05	0	3147.3473655686043	0	0	0	0
8.1	0	3189.0434129595046	0	0	0	0
8.15	0	3230.046836276499	0	0	0	0
8.2	0	3270.3144834606173	0	0	0	0
8.25	0	3309.803202452895	0	0	0	0
8.3	0	3348.4698411943637	0	0	0	0
8.35	0	3386.271247626055	0	0	0	0
8.4	0	3423.164269689003	0	0	0	0
8.45	0	3459.105755324239	0	0	0	0
8.5	0	3494.0525524727977	0	0	0	0
8.55	0	3527.9615090757106	0	0	0	0
8.6	0	3560.78947307401	0	0	0	0
8.65	0	3592.4932924087298	0	0	0	0
8.7	0	3623.029815020901	0	0	0	0
8.75	0	3652.355888851558	0	0	0	0
8.8	0	3680.4283618417335	0	0	0	0
8.85	0	3707.2040819324584	0	0	0	0
8.9	0	3732.6398970647674	0	0	0	0
8.95	0	3737.0084495219394	0	0	0	0
9.	0	3736.244918563526	0	0	0	0
9.05	0	3734.172054377421	0	0	0	0
9.1	0	3730.833720732048	0	0	0	0
9.15	0	3726.2737813958297	0	0	0	0
9.2	0	3720.536100137191	0	0	0	0
9.25	0	3713.664540724554	0	0	0	0
9.3	0	3705.7029669263434	0	0	0	0
9.35	0	3696.6952425109826	0	0	0	0
9.4	0	3686.685231246894	0	0	0	0
9.45	0	3675.7167969025027	0	0	0	0
9.5	0	3663.8338032462307	0	0	0	0
9.55	0	3651.080114046503	0	0	0	0
9.6	0	3637.499593071742	0	0	0	0
9.65	0	3623.1361040903716	0	0	0	0
9.7	0	3608.0335108708155	0	0	0	0
9.75	0	3592.235677181497	0	0	0	0
9.8	0	3575.7864667908398	0	0	0	0
9.85	0	3558.7297434672673	0	0	0	0
9.9	0	3541.109370979203	0	0	0	0
9.95	0	3522.969213095071	0	0	0	0
10.	0	3504.353133583294	0	0	0	0
10.05	0	3485.3049962122955	0	0	0	0
10.1	0	3465.8686647505	0	0	0	0
10.15	0	3446.0880029663304	0	0	0	0
10.2	0	3426.0068746282104	0	0	0	0
10.25	0	3405.6691435045627	0	0	0	0
10.3	0	3385.118673363812	0	0	0	0
10.35	0	3364.399327974382	0	0	0	0
10.4	0	3343.5549711046942	0	0	0	0
10.45	0	3322.6294665231744	0	0	0	0
10.5	0	3301.666677998245	0	0	0	0
10.55	0	3280.7104692983294	0	0	0	0
10.6	0	3259.8047041918526	0	0	0	0
10.65	0	3238.9932464472363	0	0	0	0
10.7	0	3218.319959832905	0	0	0	0
10.75	0	3197.8287081172816	0	0	0	0
10.8	0	3177.5633550687903	0	0	0	0
10.85	0	3157.5677644558546	0	0	0	0
10.9	0	3137.885800046897	0	0	0	0
10.95	0	3126.906740029208	0	0	0	0
11.	0	3121.652369153334	0	0	0	0
11.05	0	3116.7614723034053	0	0	0	0
11.1	0	3112.2271156569286	0	0	0	0
11.15	0	3108.0423653914104	0	0	0	0
11.2	0	3104.2002876843567	0	0	0	0
11.25	0	3100.693948713274	0	0	0	0
11.3	0	3097.516414655668	0	0	0	0
11.35	0	3094.6607516890463	0	0	0	0
11.4	0	3092.120025990914	0	0	0	0
11.45	0	3089.887303738779	0	0	0	0
11.5	0	3087.9556511101455	0	0	0	0
11.55	0	3086.3181342825214	0	0	0	0
11.6	0	3084.967819433413	0	0	0	0
11.65	0	3083.8977727403258	0	0	0	0
11.7	0	3083.1010603807667	0	0	0	0
11.75	0	3082.5707485322423	0	0	0	0
11.8	0	3082.299903372258	0	0	0	0
11.85	0	3082.2815910783215	0	0	0	0
11.9	0	3082.508877827938	0	0	0	0
11.95	0	3082.9748297986143	0	0	0	0
12.	0	3083.6725131678563	0	0	0	0
12.05	0	3084.594994113171	0	0	0	0
12.1	0	3085.735338812065	0	0	0	0
12.15	0	3087.0866134420435	0	0	0	0
12.2	0	3088.641884180614	0	0	0	0
12.25	0	3090.3942172052816	0	0	0	0
12.3	0	3092.336678693554	0	0	0	0
12.35	0	3094.4623348229366	0	0	0	0
12.4	0	3096.764251770936	0	0	0	0
12.45	0	3099.2354957150587	0	0	0	0
12.5	0	3101.869132832811	0	0	0	0
12.55	0	3104.658229301699	0	0	0	0
12.6	0	3107.5958512992293	0	0	0	0
12.65	0	3110.675065002908	0	0	0	0
12.7	0	3113.888936590242	0	0	0	0
12.75	0	3117.230532238737	0	0	0	0
12.8	0	3120.6929181258997	0	0	0	0
12.85	0	3124.2691604292363	0	0	0	0
12.9	0	3127.9523253262532	0	0	0	0
12.95	0	3131.8777981003436	0	0	0	0
13.	0	3136.1285606743713	0	0	0	0
13.05	0	3140.463526028057	0	0	0	0
13.1	0	3144.8743695608437	0	0	0	0
13.15	0	3149.3527666721743	0	0	0	0
13.2	0	3153.890392761493	0	0	0	0
13.25	0	3158.478923228242	0	0	0	0
13.3	0	3163.110033471866	0	0	0	0
13.35	0	3167.7753988918066	0	0	0	0
13.4	0	3172.4666948875083	0	0	0	0
13.45	0	3177.175596858414	0	0	0	0
13.5	0	3181.8937802039673	0	0	0	0
13.55	0	3186.612920323611	0	0	0	0
13.6	0	3191.3246926167885	0	0	0	0
13.65	0	3196.020772482944	0	0	0	0
13.7	0	3200.692835321519	0	0	0	0
13.75	0	3205.3325565319583	0	0	0	0
13.8	0	3209.931611513705	0	0	0	0
13.85	0	3214.4816756662017	0	0	0	0
13.9	0	3218.974424388892	0	0	0	0
13.95	0	3223.40153308122	0	0	0	0
14.	0	3227.7546771426278	0	0	0	0
14.05	0	3232.0255319725597	0	0	0	0
14.1	0	3236.205772970458	0	0	0	0
14.15	0	3240.2870755357667	0	0	0	0
14.2	0	3244.2611150679286	0	0	0	0
14.25	0	3248.1195669663875	0	0	0	0
14.3	0	3251.8541066305866	0	0	0	0
14.35	0	3255.456409459969	0	0	0	0
14.4	0	3258.918150853978	0	0	0	0
14.45	0	3262.2310062120573	0	0	0	0
14.5	0	3265.3866509336494	0	0	0	0
14.55	0	3268.3767604181985	0	0	0	0
14.6	0	3271.193010065147	0	0	0	0
14.65	0	3273.827075273939	0	0	0	0
14.7	0	3276.2706314440175	0	0	0	0
14.75	0	3278.5153539748258	0	0	0	0
14.8	0	3280.552918265807	0	0	0	0
14.85	0	3282.3749997164045	0	0	0	0
14.9	0	3283.9732737260615	0	0	0	0
14.95	0	3284.668107296378	0	0	0	0
15.	0	3281.326678603229	0	0	0	0
15.05	0	3277.796075415599	0	0	0	0
15.1	0	3274.08741983937	0	0	0	0
15.15	0	3270.2118339804233	0	0	0	0
15.2	0	3266.180439944642	0	0	0	0
15.25	0	3262.0043598379075	0	0	0	0
15.3	0	3257.694715766102	0	0	0	0
15.35	0	3253.2626298351083	0	0	0	0
15.4	0	3248.719224150808	0	0	0	0
15.45	0	3244.075620819083	0	0	0	0
15.5	0	3239.3429419458153	0	0	0	0
15.55	0	3234.5323096368875	0	0	0	0
15.6	0	3229.654845998182	0	0	0	0
15.65	0	3224.7216731355797	0	0	0	0
15.7	0	3219.7439131549636	0	0	0	0
15.75	0	3214.7326881622157	0	0	0	0
15.8	0	3209.699120263218	0	0	0	0
15.85	0	3204.6543315638523	0	0	0	0
15.9	0	3199.6094441700016	0	0	0	0
15.95	0	3194.575580187547	0	0	0	0
16.	0	3189.5638617223713	0	0	0	0
16.05	0	3184.585410880356	0	0	0	0
16.1	0	3179.6513497673836	0	0	0	0
16.15	0	3174.7728004893365	0	0	0	0
16.2	0	3169.960885152096	0	0	0	0
16.25	0	3165.2267258615448	0	0	0	0
16.3	0	3160.581444723565	0	0	0	0
16.35	0	3156.036163844038	0	0	0	0
16.4	0	3151.602005328847	0	0	0	0
16.45	0	3147.2900912838736	0	0	0	0
16.5	0	3143.1115438149995	0	0	0	0
16.55	0	3139.0774850281073	0	0	0	0
16.6	0	3135.1990370290787	0	0	0	0
16.65	0	3131.4873219237966	0	0	0	0
16.7	0	3130.7373775110946	0	0	0	0
16.75	0	3131.6088215446916	0	0	0	0
16.8	0	3132.7144247382066	0	0	0	0
16.85	0	3134.0495756662363	0	0	0	0
16.9	0	3135.6096629033777	0	0	0	0
16.95	0	3137.390075024229	0	0	0	0
17.	0	3139.3862006033874	0	0	0	0
17.05	0	3141.59342821545	0	0	0	0
17.1	0	3144.0071464350135	0	0	0	0
17.15	0	3146.622743836676	0	0	0	0
17.2	0	3149.4356089950343	0	0	0	0
17.25	0	3152.4411304846863	0	0	0	0
17.3	0	3155.6346968802286	0	0	0	0
17.35	0	3159.011696756259	0	0	0	0
17.4	0	3162.5675186873746	0	0	0	0
17.45	0	3166.2975512481726	0	0	0	0
17.5	0	3170.1971830132507	0	0	0	0
17.55	0	3174.2618025572056	0	0	0	0
17.6	0	3178.4867984546354	0	0	0	0
17.65	0	3182.867559280136	0	0	0	0
17.7	0	3187.3994736083064	0	0	0	0
17.75	0	3192.0779300137433	0	0	0	0
17.8	0	3196.8983170710435	0	0	0	0
17.85	0	3201.8560233548046	0	0	0	0
17.9	0	3206.946437439624	0	0	0	0
17.95	0	3212.164947900099	0	0	0	0
18.	0	3217.506943310827	0	0	0	0
18.05	0	3222.9678122464047	0	0	0	0
18.1	0	3228.5429432814303	0	0	0	0
18.15	0	3234.2277249905	0	0	0	0
18.2	0	3240.0175459482125	0	0	0	0
18.25	0	3245.907794729164	0	0	0	0
18.3	0	3251.8938599079524	0	0	0	0
18.35	0	3257.971130059175	0	0	0	0
18.4	0	3264.1349937574278	0	0	0	0
18.45	0	3270.38083957731	0	0	0	0
18.5	0	3276.704056093418	0	0	0	0
18.55	0	3283.1000318803485	0	0	0	0
18.6	0	3289.5641555127004	0	0	0	0
18.65	0	3296.0918155650693	0	0	0	0
18.7	0	3302.6784006120533	0	0	0	0
18.75	0	3309.31929922825	0	0	0	0
18.8	0	3316.0098999882566	0	0	0	0
18.85	0	3322.74559146667	0	0	0	0
18.9	0	3329.521762238087	0	0	0	0
18.95	0	3336.333800877106	0	0	0	0
19.	0	3345.0637493237487	0	0	0	0
19.05	0	3354.6288901638973	0	0	0	0
19.1	0	3364.1585962914787	0	0	0	0
19.15	0	3373.6378472421543	0	0	0	0
19.2	0	3383.051622551588	0	0	0	0
19.25	0	3392.3849017554403	0	0	0	0
19.3	0	3401.622664389374	0	0	0	0
19.35	0	3410.749889989052	0	0	0	0
19.4	0	3419.7515580901345	0	0	0	0
19.45	0	3428.6126482282857	0	0	0	0
19.5	0	3437.3181399391674	0	0	0	0
19.55	0	3445.853012758441	0	0	0	0
19.6	0	3454.202246221769	0	0	0	0
19.65	0	3462.3508198648133	0	0	0	0
19.7	0	3470.283713223237	0	0	0	0
19.75	0	3477.985905832702	0	0	0	0
19.8	0	3485.4423772288696	0	0	0	0
19.85	0	3492.6381069474032	0	0	0	0
19.9	0	3499.5580745239636	0	0	0	0
19.95	0	3506.1872594942142	0	0	0	0
20.	0	3512.5106413938165	0	0	0	0
20.05	0	3518.5131997584335	0	0	0	0
20.1	0	3524.1799141237266	0	0	0	0
20.15	0	3529.4957640253574	0	0	0	0
20.2	0	3534.4457289989896	0	0	0	0
20.25	0	3539.014788580285	0	0	0	0
20.3	0	3543.1879223049045	0	0	0	0
20.35	0	3546.9501097085117	0	0	0	0
20.4	0	3550.286330326768	0	0	0	0
20.45	0	3553.181563695336	0	0	0	0
20.5	0	3555.620789349878	0	0	0	0
20.55	0	3557.588986826056	0	0	0	0
20.6	0	3559.071135659532	0	0	0	0
20.65	0	3560.052215385968	0	0	0	0
20.7	0	3559.419737529727	0	0	0	0
20.75	0	3554.0267231226435	0	0	0	0
20.8	0	3548.0713209233586	0	0	0	0
20.85	0	3541.561444670697	0	0	0	0
20.9	0	3534.505008103483	0	0	0	0
20.95	0	3526.90992496054	0	0	0	0
21.	0	3518.7841089806943	0	0	0	0
21.05	0	3510.1354739027693	0	0	0	0
21.1	0	3500.97193346559	0	0	0	0
21.15	0	3491.301401407981	0	0	0	0
21.2	0	3481.131791468766	0	0	0	0
21.25	0	3470.47101738677	0	0	0	0
21.3	0	3459.3269929008175	0	0	0	0
21.35	0	3447.707631749733	0	0	0	0
21.4	0	3435.620847672342	0	0	0	0
21.45	0	3423.074554407467	0	0	0	0
21.5	0	3410.0766656939336	0	0	0	0
21.55	0	3396.6350952705657	0	0	0	0
21.6	0	3382.757756876189	0	0	0	0
21.65	0	3368.452564249628	0	0	0	0
21.7	0	3353.727431129705	0	0	0	0
21.75	0	3338.5902712552465	0	0	0	0
21.8	0	3323.0489983650764	0	0	0	0
21.85	0	3307.1115261980194	0	0	0	0
21.9	0	3290.785768492901	0	0	0	0
21.95	0	3274.079638988543	0	0	0	0
22.	0	3257.001051423772	0	0	0	0
22.05	0	3239.5579195374116	0	0	0	0
22.1	0	3221.758157068287	0	0	0	0
22.15	0	3203.6096777552234	0	0	0	0
22.2	0	3185.1203953370427	0	0	0	0
22.25	0	3166.2982235525715	0	0	0	0
22.3	0	3147.1510761406334	0	0	0	0
22.35	0	3127.686866840054	0	0	0	0
22.4	0	3107.9135093896575	0	0	0	0
22.45	0	3087.8389175282673	0	0	0	0
22.5	0	3067.4710049947084	0	0	0	0
22.55	0	3046.817685527805	0	0	0	0
22.6	0	3025.8868728663824	0	0	0	0
22.65	0	3004.6864807492666	0	0	0	0
22.7	0	2983.2244229152784	0	0	0	0
22.75	0	2960.9450853605977	0	0	0	0
22.8	0	2938.4087258686336	0	0	0	0
22.85	0	2915.638671864182	0	0	0	0
22.9	0	2892.6449766854166	0	0	0	0
22.95	0	2869.4376936705057	0	0	0	0
23.	0	2846.026876157623	0	0	0	0
23.05	0	2822.42257748494	0	0	0	0
23.1	0	2798.6348509906293	0	0	0	0
23.15	0	2774.673750012863	0	0	0	0
23.2	0	2750.5493278898107	0	0	0	0
23.25	0	2726.271637959646	0	0	0	0
23.3	0	2701.8507335605395	0	0	0	0
23.35	0	2677.296668030664	0	0	0	0
23.4	0	2652.619494708193	0	0	0	0
23.45	0	2627.8292669312946	0	0	0	0
23.5	0	2602.9360380381427	0	0	0	0
23.55	0	2577.9498613669084	0	0	0	0
23.6	0	2552.8807902557646	0	0	0	0
23.65	0	2527.7388780428837	0	0	0	0
23.7	0	2502.534178066435	0	0	0	0
23.75	0	2477.2767436645913	0	0	0	0
23.8	0	2451.976628175525	0	0	0	0
23.85	0	2426.6438849374076	0	0	0	0
23.9	0	2401.288567288413	0	0	0	0
23.95	0	2375.920728566709	0	0	0	0
24.	0	2350.5504221104693	0	0	0	0
24.05	0	2325.187701257866	0	0	0	0
24.1	0	2299.842619347071	0	0	0	0
24.15	0	2274.5252297162574	0	0	0	0
24.2	0	2249.245585703594	0	0	0	0
24.25	0	2224.0137406472536	0	0	0	0
24.3	0	2198.839747885409	0	0	0	0
24.35	0	2173.7336607562315	0	0	0	0
24.4	0	2148.7055325978945	0	0	0	0
24.45	0	2123.765416748567	0	0	0	0
24.5	0	2098.9233665464217	0	0	0	0
24.55	0	2074.189435329631	0	0	0	0
24.6	0	2049.5736764363664	0	0	0	0
24.65	0	2025.086143204802	0	0	0	0
24.7	0	2000.7368889731056	0	0	0	0
24.75	0	1978.4585036878889	0	0	0	0
24.8	0	1956.982024953059	0	0	0	0
24.85	0	1935.6573140291696	0	0	0	0
24.9	0	1914.4848822216668	0	0	0	0
24.95	0	1893.4652408359925	0	0	0	0
25.	0	1872.5989011775928	0	0	0	0
25.05	0	1851.886374551913	0	0	0	0
25.1	0	1831.3281722643976	0	0	0	0
25.15	0	1810.924805620493	0	0	0	0
25.2	0	1790.6767859256413	0	0	0	0
25.25	0	1770.5846244852887	0	0	0	0
25.3	0	1750.64883260488	0	0	0	0
25.35	0	1730.86992158986	0	0	0	0
25.4	0	1711.2484027456749	0	0	0	0
25.45	0	1691.7847873777669	0	0	0	0
25.5	0	1672.4795867915823	0	0	0	0
25.55	0	1653.3333122925656	0	0	0	0
25.6	0	1634.346475186162	0	0	0	0
25.65	0	1615.5195867778177	0	0	0	0
25.7	0	1596.8531583729746	0	0	0	0
25.75	0	1578.347701277079	0	0	0	0
25.8	0	1560.0037267955759	0	0	0	0
25.85	0	1541.8217462339098	0	0	0	0
25.9	0	1523.802270897527	0	0	0	0
25.95	0	1505.94581209187	0	0	0	0
26.	0	1488.2528811223847	0	0	0	0
26.05	0	1470.723989294516	0	0	0	0
26.1	0	1453.3596479137086	0	0	0	0
26.15	0	1436.1603682854088	0	0	0	0
26.2	0	1419.126661715059	0	0	0	0
26.25	0	1402.259039508105	0	0	0	0
26.3	0	1385.558012969992	0	0	0	0
26.35	0	1369.0240934061644	0	0	0	0
26.4	0	1352.6577921220685	0	0	0	0
26.45	0	1336.4596204231468	0	0	0	0
26.5	0	1320.4300896148454	0	0	0	0
26.55	0	1304.569711002609	0	0	0	0
26.6	0	1288.8789958918826	0	0	0	0
26.65	0	1273.3584555881118	0	0	0	0
26.7	0	1258.0086013967396	0	0	0	0
26.75	0	1243.0885082831471	0	0	0	0
26.8	0	1228.5805362852675	0	0	0	0
26.85	0	1214.2419717933658	0	0	0	0
26.9	0	1200.0714724356012	0	0	0	0
26.95	0	1186.0676958401316	0	0	0	0
27.	0	1172.2292996351164	0	0	0	0
27.05	0	1158.554941448715	0	0	0	0
27.1	0	1145.043278909086	0	0	0	0
27.15	0	1131.6929696443897	0	0	0	0
27.2	0	1118.502671282783	0	0	0	0
27.25	0	1105.471041452426	0	0	0	0
27.3	0	1092.596737781478	0	0	0	0
27.35	0	1079.8784178980973	0	0	0	0
27.4	0	1067.3147394304444	0	0	0	0
27.45	0	1054.9043600066764	0	0	0	0
27.5	0	1042.645937254953	0	0	0	0
27.55	0	1030.5381288034334	0	0	0	0
27.6	0	1018.5795922802768	0	0	0	0
27.65	0	1006.7689853136426	0	0	0	0
27.7	0	995.1049655316884	0	0	0	0
27.75	0	983.5861905625741	0	0	0	0
27.8	0	972.2113180344585	0	0	0	0
27.85	0	960.9790055755008	0	0	0	0
27.9	0	949.8879108138608	0	0	0	0
27.95	0	938.9366913776959	0	0	0	0
28.	0	928.1240048951657	0	0	0	0
28.05	0	917.4485089944296	0	0	0	0
28.1	0	906.9088613036464	0	0	0	0
28.15	0	896.5037194509758	0	0	0	0
28.2	0	886.2317410645755	0	0	0	0
28.25	0	876.0915837726052	0	0	0	0
28.3	0	866.0819052032238	0	0	0	0
28.35	0	856.2013629845903	0	0	0	0
28.4	0	846.4486147448647	0	0	0	0
28.45	0	836.8223181122044	0	0	0	0
28.5	0	827.321130714769	0	0	0	0
28.55	0	817.9437101807177	0	0	0	0
28.6	0	808.6887141382095	0	0	0	0
28.65	0	799.554800215404	0	0	0	0
28.7	0	790.5406260404591	0	0	0	0
28.75	0	781.6094406466045	0	0	0	0
28.8	0	772.7076699911273	0	0	0	0
28.85	0	763.9221999830338	0	0	0	0
28.9	0	755.2521450203276	0	0	0	0
28.95	0	746.6966195010102	0	0	0	0
29.	0	738.2547378230851	0	0	0	0
29.05	0	729.925614384555	0	0	0	0
29.1	0	721.7083635834229	0	0	0	0
29.15	0	713.6020998176921	0	0	0	0
29.2	0	705.6059374853643	0	0	0	0
29.25	0	697.718990984443	0	0	0	0
29.3	0	689.940374712931	0	0	0	0
29.35	0	682.2692030688311	0	0	0	0
29.4	0	674.7045904501466	0	0	0	0
29.45	0	667.2456512548795	0	0	0	0
29.5	0	659.8914998810328	0	0	0	0
29.55	0	652.6412507266098	0	0	0	0
29.6	0	645.4940181896129	0	0	0	0
29.65	0	638.4489166680457	0	0	0	0
29.7	0	631.5050605599101	0	0	0	0
29.75	0	624.6615642632091	0	0	0	0
29.8	0	617.917542175946	0	0	0	0
29.85	0	611.2721086961232	0	0	0	0
29.9	0	604.7243782217441	0	0	0	0
29.95	0	598.2734651508108	0	0	0	0
30.	0	591.9184838813264	0	0	0	0
30.05	0	585.6585488112939	0	0	0	0
30.1	0	579.4927743387161	0	0	0	0
30.15	0	573.4202748615961	0	0	0	0
30.2	0	567.4401647779362	0	0	0	0
30.25	0	561.5515584857393	0	0	0	0
30.3	0	555.7535703830083	0	0	0	0
30.35	0	550.0453148677464	0	0	0	0
30.4	0	544.4259063379563	0	0	0	0
30.45	0	538.8944591916405	0	0	0	0
30.5	0	533.450087826802	0	0	0	0
30.55	0	528.0919066414436	0	0	0	0
30.6	0	522.8190300335684	0	0	0	0
30.65	0	517.6305724011793	0	0	0	0
30.7	0	512.5256481422786	0	0	0	0
30.75	0	507.51337367625723	0	0	0	0
30.8	0	502.74757195695577	0	0	0	0
30.85	0	498.06313185016666	0	0	0	0
30.9	0	493.4586026090099	0	0	0	0
30.95	0	488.9325334866041	0	0	0	0
31.	0	484.4834737360691	0	0	0	0
31.05	0	480.1099726105242	0	0	0	0
31.1	0	475.810579363089	0	0	0	0
31.15	0	471.58384324688313	0	0	0	0
31.2	0	467.4283135150255	0	0	0	0
31.25	0	463.3425394206358	0	0	0	0
31.3	0	459.3250702168334	0	0	0	0
31.35	0	455.3744551567379	0	0	0	0
31.4	0	451.48924349346885	0	0	0	0
31.45	0	447.66798448014526	0	0	0	0
31.5	0	443.90922736988676	0	0	0	0
31.55	0	440.21152141581274	0	0	0	0
31.6	0	436.57341587104276	0	0	0	0
31.65	0	432.99345998869643	0	0	0	0
31.7	0	429.4702030218927	0	0	0	0
31.75	0	426.00219422375125	0	0	0	0
31.8	0	422.5879828473915	0	0	0	0
31.85	0	419.2261181459329	0	0	0	0
31.9	0	415.91514937249514	0	0	0	0
31.95	0	412.65362578019716	0	0	0	0
32.	0	409.4400966221586	0	0	0	0
32.05	0	406.27311115149917	0	0	0	0
32.1	0	403.15121862133765	0	0	0	0
32.15	0	400.0729682847943	0	0	0	0
32.2	0	397.0369093949877	0	0	0	0
32.25	0	394.0415912050381	0	0	0	0
32.3	0	391.08556296806466	0	0	0	0
32.35	0	388.1673739371862	0	0	0	0
32.4	0	385.28557336552313	0	0	0	0
32.45	0	382.438710506194	0	0	0	0
32.5	0	379.62533461231914	0	0	0	0
32.55	0	376.84399493701744	0	0	0	0
32.6	0	374.09324073340804	0	0	0	0
32.65	0	371.3716212546111	0	0	0	0
32.7	0	368.6776857537453	0	0	0	0
32.75	0	366.0099834839309	0	0	0	0
32.8	0	363.36706369828687	0	0	0	0
32.85	0	360.7474756499323	0	0	0	0
32.9	0	358.1497685919874	0	0	0	0
32.95	0	355.57249177757086	0	0	0	0
33.	0	353.01419445980275	0	0	0	0
33.05	0	350.4400570867208	0	0	0	0
33.1	0	347.50200674138455	0	0	0	0
33.15	0	344.5826184195721	0	0	0	0
33.2	0	341.6817880326003	0	0	0	0
33.25	0	338.7994114917879	0	0	0	0
33.3	0	335.9353847084523	0	0	0	0
33.35	0	333.089603593911	0	0	0	0
33.4	0	330.2619640594826	0	0	0	0
33.45	0	327.45236201648413	0	0	0	0
33.5	0	324.6606933762342	0	0	0	0
33.55	0	321.8868540500503	0	0	0	0
33.6	0	319.1307399492499	0	0	0	0
33.65	0	316.39224698515153	0	0	0	0
33.7	0	313.67127106907236	0	0	0	0
33.75	0	310.96770811233097	0	0	0	0
33.8	0	308.2814540262448	0	0	0	0
33.85	0	305.61240472213126	0	0	0	0
33.9	0	302.96045611130904	0	0	0	0
33.95	0	300.32550410509515	0	0	0	0
34.	0	297.70744461480825	0	0	0	0
34.05	0	295.1061735517658	0	0	0	0
34.1	0	292.52158682728515	0	0	0	0
34.15	0	289.95358035268504	0	0	0	0
34.2	0	287.40205003928247	0	0	0	0
34.25	0	284.8668917983961	0	0	0	0
34.3	0	282.3480015413433	0	0	0	0
34.35	0	279.84527517944167	0	0	0	0
34.4	0	277.35860862400966	0	0	0	0
34.45	0	274.8878977863645	0	0	0	0
34.5	0	272.43303857782456	0	0	0	0
34.55	0	269.9939269097075	0	0	0	0
34.6	0	267.5704586933308	0	0	0	0
34.65	0	265.16252984001295	0	0	0	0
34.7	0	262.7700362610711	0	0	0	0
34.75	0	260.3928738678237	0	0	0	0
34.8	0	258.0309385715884	0	0	0	0
34.85	0	255.68412628368264	0	0	0	0
34.9	0	253.3523329154249	0	0	0	0
34.95	0	251.03545437813239	0	0	0	0
35.	0	248.7333865831236	0	0	0	0
35.05	0	246.44602544171602	0	0	0	0
35.1	0	244.09851976121053	0	0	0	0
35.15	0	241.75337830928243	0	0	0	0
35.2	0	239.4240685248647	0	0	0	0
35.25	0	237.11086793855125	0	0	0	0
35.3	0	234.81405408093485	0	0	0	0
35.35	0	232.5339044826083	0	0	0	0
35.4	0	230.27069667416546	0	0	0	0
35.45	0	228.02470818619884	0	0	0	0
35.5	0	225.7962165493022	0	0	0	0
35.55	0	223.5854992940684	0	0	0	0
35.6	0	221.39283395109027	0	0	0	0
35.65	0	219.2184980509616	0	0	0	0
35.7	0	217.06276912427498	0	0	0	0
35.75	0	214.92592470162413	0	0	0	0
35.8	0	212.80824231360188	0	0	0	0
35.85	0	210.70999949080112	0	0	0	0
35.9	0	208.63147376381562	0	0	0	0
35.95	0	206.5729426632379	0	0	0	0
36.	0	204.53468371966176	0	0	0	0
36.05	0	202.51697446368001	0	0	0	0
36.1	0	200.52009242588557	0	0	0	0
36.15	0	198.54431513687211	0	0	0	0
36.2	0	196.5899201272323	0	0	0	0
36.25	0	194.65718492755977	0	0	0	0
36.3	0	192.74638706844746	0	0	0	0
36.35	0	190.85780408048825	0	0	0	0
36.4	0	188.99171349427584	0	0	0	0
36.45	0	187.1483928404028	0	0	0	0
36.5	0	185.3281196494629	0	0	0	0
36.55	0	183.53117145204897	0	0	0	0
36.6	0	181.75782577875393	0	0	0	0
36.65	0	180.00836016017146	0	0	0	0
36.7	0	178.2830521268942	0	0	0	0
36.75	0	176.5821792095158	0	0	0	0
36.8	0	174.97157663198976	0	0	0	0
36.85	0	173.49935329650134	0	0	0	0
36.9	0	172.05281943193006	0	0	0	0
36.95	0	170.63148274061575	0	0	0	0
37.	0	169.23485092489904	0	0	0	0
37.05	0	167.86243168712002	0	0	0	0
37.1	0	166.51373272961874	0	0	0	0
37.15	0	165.18826175473578	0	0	0	0
37.2	0	163.88552646481108	0	0	0	0
37.25	0	162.60503456218524	0	0	0	0
37.3	0	161.3462937491983	0	0	0	0
37.35	0	160.10881172819037	0	0	0	0
37.4	0	158.892096201502	0	0	0	0
37.45	0	157.69565487147315	0	0	0	0
37.5	0	156.5189954404444	0	0	0	0
37.55	0	155.3616256107558	0	0	0	0
37.6	0	154.22305308474745	0	0	0	0
37.65	0	153.10278556475993	0	0	0	0
37.7	0	152.00033075313317	0	0	0	0
37.75	0	150.91519635220774	0	0	0	0
37.8	0	149.84689006432373	0	0	0	0
37.85	0	148.7949195918212	0	0	0	0
37.9	0	147.75879263704076	0	0	0	0
37.95	0	146.73801690232236	0	0	0	0
38.	0	145.7321000900065	0	0	0	0
38.05	0	144.7405499024333	0	0	0	0
38.1	0	143.76287404194284	0	0	0	0
38.15	0	142.7985802108757	0	0	0	0
38.2	0	141.84717611157188	0	0	0	0
38.25	0	140.90816944637183	0	0	0	0
38.3	0	139.9810679176157	0	0	0	0
38.35	0	139.06537922764358	0	0	0	0
38.4	0	138.160611078796	0	0	0	0
38.45	0	137.26627117341297	0	0	0	0
38.5	0	136.38186721383497	0	0	0	0
38.55	0	135.50690690240214	0	0	0	0
38.6	0	134.64089794145457	0	0	0	0
38.65	0	133.78334803333283	0	0	0	0
38.7	0	132.93376488037683	0	0	0	0
38.75	0	132.09165618492713	0	0	0	0
38.8	0	131.2384429338812	0	0	0	0
38.85	0	130.2794986311916	0	0	0	0
38.9	0	129.3282839310655	0	0	0	0
38.95	0	128.38487373528724	0	0	0	0
39.	0	127.44934294564166	0	0	0	0
39.05	0	126.52176646391318	0	0	0	0
39.1	0	125.60221919188625	0	0	0	0
39.15	0	124.69077603134572	0	0	0	0
39.2	0	123.78751188407588	0	0	0	0
39.25	0	122.89250165186158	0	0	0	0
39.3	0	122.00582023648725	0	0	0	0
39.35	0	121.12754253973736	0	0	0	0
39.4	0	120.25774346339671	0	0	0	0
39.45	0	119.39649790924963	0	0	0	0
39.5	0	118.54388077908095	0	0	0	0
39.55	0	117.6999669746751	0	0	0	0
39.6	0	116.86483139781657	0	0	0	0
39.65	0	116.03854895029014	0	0	0	0
39.7	0	115.22119453388015	0	0	0	0
39.75	0	114.41284305037142	0	0	0	0
39.8	0	113.61356940154839	0	0	0	0
39.85	0	112.82344848919554	0	0	0	0
39.9	0	112.04255521509766	0	0	0	0
39.95	0	111.2709644810391	0	0	0	0
40.	0	110.50875118880465	0	0	0	0
40.05	0	109.75599024017878	0	0	0	0
40.1	0	109.01275653694594	0	0	0	0
40.15	0	108.27912498089094	0	0	0	0
40.2	0	107.55517047379814	0	0	0	0
40.25	0	106.8409679174523	0	0	0	0
40.3	0	106.13659221363791	0	0	0	0
40.35	0	105.44211826413944	0	0	0	0
40.4	0	104.75762097074166	0	0	0	0
40.45	0	104.08317523522894	0	0	0	0
40.5	0	103.41885595938605	0	0	0	0
40.55	0	102.8209253652011	0	0	0	0
40.6	0	102.26365826220376	0	0	0	0
40.65	0	101.71744544560129	0	0	0	0
40.7	0	101.1820387212442	0	0	0	0
40.75	0	100.65718989498335	0	0	0	0
40.8	0	100.14265077266933	0	0	0	0
40.85	0	99.63817316015277	0	0	0	0
40.9	0	99.14350886328448	0	0	0	0
40.95	0	98.65840968791503	0	0	0	0
41.	0	98.18262743989521	0	0	0	0
41.05	0	97.71591392507567	0	0	0	0
41.1	0	97.258020949307	0	0	0	0
41.15	0	96.80870031844003	0	0	0	0
41.2	0	96.36770383832531	0	0	0	0
41.25	0	95.93478331481366	0	0	0	0
41.3	0	95.50969055375569	0	0	0	0
41.35	0	95.09217736100204	0	0	0	0
41.4	0	94.6819955424035	0	0	0	0
41.45	0	94.27889690381065	0	0	0	0
41.5	0	93.88263325107428	0	0	0	0
41.55	0	93.49295639004502	0	0	0	0
41.6	0	93.10961812657351	0	0	0	0
41.65	0	92.73237026651051	0	0	0	0
41.7	0	92.36096461570665	0	0	0	0
41.75	0	91.99515298001268	0	0	0	0
41.8	0	91.63468716527925	0	0	0	0
41.85	0	91.27931897735698	0	0	0	0
41.9	0	90.92880022209668	0	0	0	0
41.95	0	90.58288270534891	0	0	0	0
42.	0	90.24131823296446	0	0	0	0
42.05	0	89.90385861079398	0	0	0	0
42.1	0	89.57025564468809	0	0	0	0
42.15	0	89.24026114049758	0	0	0	0
42.2	0	88.91362690407304	0	0	0	0
42.25	0	88.59010474126524	0	0	0	0
42.3	0	88.26944645792481	0	0	0	0
42.35	0	87.95140385990243	0	0	0	0
42.4	0	87.63572875304882	0	0	0	0
42.45	0	87.32217294321462	0	0	0	0
42.5	0	87.0104882362506	0	0	0	0
42.55	0	86.70042643800736	0	0	0	0
42.6	0	86.39173935433558	0	0	0	0
42.65	0	86.08417879108602	0	0	0	0
42.7	0	85.77749655410928	0	0	0	0
42.75	0	85.47144444925613	0	0	0	0
42.8	0	85.16577428237721	0	0	0	0
42.85	0	84.79130890589909	0	0	0	0
42.9	0	84.38477190201435	0	0	0	0
42.95	0	83.97905991002352	0	0	0	0
43.	0	83.57425520334276	0	0	0	0
43.05	0	83.17044005538807	0	0	0	0
43.1	0	82.7676967395755	0	0	0	0
43.15	0	82.3661075293212	0	0	0	0
43.2	0	81.96575469804115	0	0	0	0
43.25	0	81.56672051915152	0	0	0	0
43.3	0	81.16908726606835	0	0	0	0
43.35	0	80.77293721220761	0	0	0	0
43.4	0	80.37835263098553	0	0	0	0
43.45	0	79.98541579581804	0	0	0	0
43.5	0	79.59420898012134	0	0	0	0
43.55	0	79.20481445731143	0	0	0	0
43.6	0	78.81731450080434	0	0	0	0
43.65	0	78.43179138401625	0	0	0	0
43.7	0	78.0483273803631	0	0	0	0
43.75	0	77.6670047632611	0	0	0	0
43.8	0	77.28790580612626	0	0	0	0
43.85	0	76.91111278237459	0	0	0	0
43.9	0	76.53670796542227	0	0	0	0
43.95	0	76.16477362868527	0	0	0	0
44.	0	75.79539204557975	0	0	0	0
44.05	0	75.42864548952174	0	0	0	0
44.1	0	75.06461623392727	0	0	0	0
44.15	0	74.7033865522125	0	0	0	0
44.2	0	74.34503871779341	0	0	0	0
44.25	0	73.98965500408616	0	0	0	0
44.3	0	73.63731768450678	0	0	0	0
44.35	0	73.28810903247128	0	0	0	0
44.4	0	72.94211132139586	0	0	0	0
44.45	0	72.59940682469646	0	0	0	0
44.5	0	72.26007781578926	0	0	0	0
44.55	0	71.92420656809028	0	0	0	0
44.6	0	71.59187535501556	0	0	0	0
44.65	0	71.26316644998124	0	0	0	0
44.7	0	70.93816212640331	0	0	0	0
44.75	0	70.61694465769794	0	0	0	0
44.8	0	70.29959631728116	0	0	0	0
44.85	0	70.0029615424886	0	0	0	0
44.9	0	69.7309336501313	0	0	0	0
44.95	0	69.46282088303677	0	0	0	0
45.	0	69.19856685005152	0	0	0	0
45.05	0	68.93811516002198	0	0	0	0
45.1	0	68.68140942179458	0	0	0	0
45.15	0	68.42839324421587	0	0	0	0
45.2	0	68.17901023613223	0	0	0	0
45.25	0	67.9332040063902	0	0	0	0
45.3	0	67.69091816383622	0	0	0	0
45.35	0	67.45209631731669	0	0	0	0
45.4	0	67.21668207567818	0	0	0	0
45.45	0	66.98461904776707	0	0	0	0
45.5	0	66.7558508424299	0	0	0	0
45.55	0	66.53032106851309	0	0	0	0
45.6	0	66.30797333486308	0	0	0	0
45.65	0	66.0887512503264	0	0	0	0
45.7	0	65.87259842374944	0	0	0	0
45.75	0	65.65945846397874	0	0	0	0
45.8	0	65.44927497986073	0	0	0	0
45.85	0	65.24199158024184	0	0	0	0
45.9	0	65.03755187396861	0	0	0	0
45.95	0	64.83589946988744	0	0	0	0
46.	0	64.63697797684485	0	0	0	0
46.05	0	64.44073100368726	0	0	0	0
46.1	0	64.24710215926113	0	0	0	0
46.15	0	64.05603505241298	0	0	0	0
46.2	0	63.86747329198921	0	0	0	0
46.25	0	63.68136048683633	0	0	0	0
46.3	0	63.49764024580081	0	0	0	0
46.35	0	63.31625617772906	0	0	0	0
46.4	0	63.1371518914676	0	0	0	0
46.45	0	62.960270995862864	0	0	0	0
46.5	0	62.78555709976134	0	0	0	0
46.55	0	62.61295381200949	0	0	0	0
46.6	0	62.44240474145375	0	0	0	0
46.65	0	62.273853496940625	0	0	0	0
46.7	0	62.10724368731653	0	0	0	0
46.75	0	61.942518921428	0	0	0	0
46.8	0	61.779622808121445	0	0	0	0
46.85	0	61.616488713815826	0	0	0	0
46.9	0	61.44788628181828	0	0	0	0
46.95	0	61.28098490602296	0	0	0	0
47.	0	61.11576231960408	0	0	0	0
47.05	0	60.952196255735785	0	0	0	0
47.1	0	60.790264447592214	0	0	0	0
47.15	0	60.62994462834757	0	0	0	0
47.2	0	60.47121453117598	0	0	0	0
47.25	0	60.314051889251644	0	0	0	0
47.3	0	60.15843443574872	0	0	0	0
47.35	0	60.00433990384133	0	0	0	0
47.4	0	59.85174602670369	0	0	0	0
47.45	0	59.700630537509916	0	0	0	0
47.5	0	59.55097116943422	0	0	0	0
47.55	0	59.40274565565075	0	0	0	0
47.6	0	59.25593172933364	0	0	0	0
47.65	0	59.110507123657094	0	0	0	0
47.7	0	58.96644957179524	0	0	0	0
47.75	0	58.823736806922284	0	0	0	0
47.8	0	58.68234656221236	0	0	0	0
47.85	0	58.54225657083962	0	0	0	0
47.9	0	58.40344456597827	0	0	0	0
47.95	0	58.26588828080243	0	0	0	0
48.	0	58.1295654484863	0	0	0	0
48.05	0	57.99445380220403	0	0	0	0
48.1	0	57.86053107512976	0	0	0	0
48.15	0	57.72777500043769	0	0	0	0
48.2	0	57.59616331130195	0	0	0	0
48.25	0	57.46567374089675	0	0	0	0
48.3	0	57.336284022396214	0	0	0	0
48.35	0	57.207971888974505	0	0	0	0
48.4	0	57.08071507380582	0	0	0	0
48.45	0	56.954491310064284	0	0	0	0
48.5	0	56.8292783309241	0	0	0	0
48.55	0	56.70505386955941	0	0	0	0
48.6	0	56.581795659144355	0	0	0	0
48.65	0	56.459481432853146	0	0	0	0
48.7	0	56.33808892385991	0	0	0	0
48.75	0	56.217595865338836	0	0	0	0
48.8	0	56.097979990464076	0	0	0	0
48.85	0	55.97921903240977	0	0	0	0
48.9	0	55.85633573015246	0	0	0	0
48.95	0	55.7342240175622	0	0	0	0
49.	0	55.61293739315343	0	0	0	0
49.05	0	55.49247218261662	0	0	0	0
49.1	0	55.37282471164229	0	0	0	0
49.15	0	55.25399130592095	0	0	0	0
49.2	0	55.13596829114308	0	0	0	0
49.25	0	55.01875199299922	0	0	0	0
49.3	0	54.90233873717987	0	0	0	0
49.35	0	54.78672484937551	0	0	0	0
49.4	0	54.67190665527667	0	0	0	0
49.45	0	54.55788048057384	0	0	0	0
49.5	0	54.444642650957555	0	0	0	0
49.55	0	54.332189492118296	0	0	0	0
49.6	0	54.220517329746556	0	0	0	0
49.65	0	54.10962248953288	0	0	0	0
49.7	0	53.99950129716773	0	0	0	0
49.75	0	53.890150078341655	0	0	0	0
49.8	0	53.781565158745146	0	0	0	0
49.85	0	53.67374286406868	0	0	0	0
49.9	0	53.5666795200028	0	0	0	0
49.95	0	53.460371452237986	0	0	0	0
50.	0	53.35481498646477	0	0	0	0
50.05	0	53.25000644837364	0	0	0	0
50.1	0	53.1459421636551	0	0	0	0
50.15	0	53.042618457999666	0	0	0	0
50.2	0	52.94003165709783	0	0	0	0
50.25	0	52.83817808664012	0	0	0	0
50.3	0	52.73705407231704	0	0	0	0
50.35	0	52.63665593981906	0	0	0	0
50.4	0	52.53698001483672	0	0	0	0
50.45	0	52.43802262306051	0	0	0	0
50.5	0	52.33978009018096	0	0	0	0
50.55	0	52.24224874188855	0	0	0	0
50.6	0	52.14542490387379	0	0	0	0
50.65	0	52.04930490182719	0	0	0	0
50.7	0	51.95388506143926	0	0	0	0
50.75	0	51.85916170840051	0	0	0	0
50.8	0	51.76513116840143	0	0	0	0
50.85	0	51.67178976713252	0	0	0	0
50.9	0	51.58350992831728	0	0	0	0
50.95	0	51.4972886465688	0	0	0	0
51.	0	51.411707856569535	0	0	0	0