0.02662865	0.	0	0	0	0	0
0.02665687839	0.	0	0	0	0	0
0.026685106780000002	0.	0	0	0	0	0
0.02671333517	0.	0	0	0	0	0
0.02674156356	0.	0	0	0	0	0
0.026769791950000003	0.	0	0	0	0	0
0.026798020340000003	0.	0	0	0	0	0
0.026826248730000002	0.	0	0	0	0	0
0.02685447712	0.	0	0	0	0	0
0.02688270551	0.	0	0	0	0	0
0.0269109339	0.	0	0	0	0	0
0.02693916229	0.	0	0	0	0	0
0.02696739068	0.	0	0	0	0	0
0.02699561907	0.	0	0	0	0	0
0.02702384746	0.	0	0	0	0	0
0.027052075850000003	0.	0	0	0	0	0
0.027080304240000002	0.	0	0	0	0	0
0.02710853263	0.	0	0	0	0	0
0.02713676102	0.	0	0	0	0	0
0.02716498941	0.	0	0	0	0	0
0.0271932178	0.	0	0	0	0	0
0.02722144619	-0.0010589119675791412	0	0	0	0	0
0.02724967458	-0.0023436493038879237	0	0	0	0	0
0.02727790297	-0.003498309644961587	0	0	0	0	0
0.027306131360000003	-0.0045228929908002515	0	0	0	0	0
0.027334359750000002	-0.00541739934140366	0	0	0	0	0
0.02736258814	-0.0061818286967719495	0	0	0	0	0
0.027390816530000004	-0.006816181056905192	0	0	0	0	0
0.027419044920000003	-0.007320456421803227	0	0	0	0	0
0.02744727331	-0.007694654791466143	0	0	0	0	0
0.0274755017	-0.007938776165893939	0	0	0	0	0
0.02750373009	-0.008052820545086622	0	0	0	0	0
0.02753195848	-0.008036787929044165	0	0	0	0	0
0.02756018687	-0.007890678317766589	0	0	0	0	0
0.027588415260000002	-0.0076144917112538485	0	0	0	0	0
0.02761664365	-0.007208228109506018	0	0	0	0	0
0.02764487204	-0.006671887512523065	0	0	0	0	0
0.027673100430000003	-0.006005469920304905	0	0	0	0	0
0.027701328820000003	-0.005208975332851698	0	0	0	0	0
0.02772955721	-0.004282403750163373	0	0	0	0	0
0.0277577856	-0.0032257551722397883	0	0	0	0	0
0.02778601399	-0.002039029599081209	0	0	0	0	0
0.02781424238	-0.0007222270306875105	0	0	0	0	0
0.02784247077	0.0009242399953690873	0	0	0	0	0
0.02787069916	0.002489939851107729	0	0	0	0	0
0.02789892755	0.003623277248415112	0	0	0	0	0
0.02792715594	0.004324252187291461	0	0	0	0	0
0.027955384330000003	0.004592864667736781	0	0	0	0	0
0.027983612720000002	0.004429114689751006	0	0	0	0	0
0.028011841109999998	0.004329461288405463	0	0	0	0	0
0.0280400695	0.004539813950829874	0	0	0	0	0
0.02806829789	0.004724881545787923	0	0	0	0	0
0.02809652628	0.00488466407327964	0	0	0	0	0
0.02812475467	0.005019161533305037	0	0	0	0	0
0.02815298306	0.005128373925864082	0	0	0	0	0
0.02818121145	0.005212301250956794	0	0	0	0	0
0.028209439840000003	0.005270943508583178	0	0	0	0	0
0.028237668230000002	0.005351229668773342	0	0	0	0	0
0.02826589662	0.005476506697742862	0	0	0	0	0
0.028294125010000004	0.0055999271122451665	0	0	0	0	0
0.0283223534	0.0057214909122802245	0	0	0	0	0
0.02835058179	0.005841198097848054	0	0	0	0	0
0.028378810180000002	0.005959048668948667	0	0	0	0	0
0.02840703857	0.006075042625582035	0	0	0	0	0
0.02843526696	0.006189179967748173	0	0	0	0	0
0.02846349535	0.00630146069544708	0	0	0	0	0
0.028491723740000002	0.006411884808678771	0	0	0	0	0
0.02851995213	0.006520452307443219	0	0	0	0	0
0.02854818052	0.006627163191740435	0	0	0	0	0
0.028576408910000003	0.0067320174615704345	0	0	0	0	0
0.0286046373	0.006835015116933191	0	0	0	0	0
0.02863286569	0.006936156157828718	0	0	0	0	0
0.02866109408	0.007035440584257025	0	0	0	0	0
0.02868932247	0.00713286839621809	0	0	0	0	0
0.02871755086	0.0072284395937119265	0	0	0	0	0
0.028745779250000002	0.007322154176738543	0	0	0	0	0
0.02877400764	0.007414012145297916	0	0	0	0	0
0.02880223603	0.007504013499390061	0	0	0	0	0
0.02883046442	0.007592158239014974	0	0	0	0	0
0.028858692810000003	0.0076784463641726705	0	0	0	0	0
0.0288869212	0.0077628778748631225	0	0	0	0	0
0.028915149589999998	0.007845452771086347	0	0	0	0	0
0.02894337798	0.00792617105284235	0	0	0	0	0
0.02897160637	0.008005032720131111	0	0	0	0	0
0.02899983476	0.008082037772952645	0	0	0	0	0
0.029028063150000002	0.008157186211306957	0	0	0	0	0
0.02905629154	0.008230478035194028	0	0	0	0	0
0.02908451993	0.00830191324461387	0	0	0	0	0
0.029112748320000003	0.00837149183956649	0	0	0	0	0
0.029140976710000002	0.008439213820051871	0	0	0	0	0
0.0291692051	0.008505079186070023	0	0	0	0	0
0.02919743349	0.00856908793762095	0	0	0	0	0
0.02922566188	0.00863124007470464	0	0	0	0	0
0.02925389027	0.008695562932804048	0	0	0	0	0
0.029282118660000002	0.00878638247119438	0	0	0	0	0
0.02931034705	0.008876615506170974	0	0	0	0	0
0.02933857544	0.008966262037733845	0	0	0	0	0
0.029366803830000003	0.009055322065883002	0	0	0	0	0
0.029395032220000002	0.00914379559061842	0	0	0	0	0
0.02942326061	0.009231682611940113	0	0	0	0	0
0.029451489000000004	0.009318983129848092	0	0	0	0	0
0.02947971739	0.009405697144342336	0	0	0	0	0
0.02950794578	0.009491824655422853	0	0	0	0	0
0.02953617417	0.009577365663089643	0	0	0	0	0
0.02956440256	0.00966232016734272	0	0	0	0	0
0.02959263095	0.009746688168182062	0	0	0	0	0
0.02962085934	0.009830469665607676	0	0	0	0	0
0.029649087730000002	0.009913664659619577	0	0	0	0	0
0.02967731612	0.009996273150217743	0	0	0	0	0
0.02970554451	0.010078295137402181	0	0	0	0	0
0.029733772900000004	0.010159730621172905	0	0	0	0	0
0.029762001290000003	0.010240579601529893	0	0	0	0	0
0.02979022968	0.010320842078473157	0	0	0	0	0
0.029818458069999998	0.010400518052002693	0	0	0	0	0
0.02984668646	0.010479607522118515	0	0	0	0	0
0.02987491485	0.010558110488820603	0	0	0	0	0
0.02990314324	0.010636026952108964	0	0	0	0	0
0.029931371630000002	0.01071335691198361	0	0	0	0	0
0.02995960002	0.01079010036844452	0	0	0	0	0
0.02998782841	0.010866257321491704	0	0	0	0	0
0.030016056800000003	0.010941827771125174	0	0	0	0	0
0.030044285190000002	0.011016811717344907	0	0	0	0	0
0.030072513579999998	0.011091209160150916	0	0	0	0	0
0.03010074197	0.011165020099543208	0	0	0	0	0
0.03012897036	0.011238244535521767	0	0	0	0	0
0.03015719875	0.011310882468086599	0	0	0	0	0
0.030185427140000002	0.011382933897237716	0	0	0	0	0
0.03021365553	0.011454398822975097	0	0	0	0	0
0.03024188392	0.011525277245298752	0	0	0	0	0
0.030270112310000003	0.011595569164208694	0	0	0	0	0
0.030298340700000002	0.011665274579704898	0	0	0	0	0
0.03032656909	0.011734393491787377	0	0	0	0	0
0.030354797480000004	0.01180292590045614	0	0	0	0	0
0.03038302587	0.01187087180571117	0	0	0	0	0
0.03041125426	0.011938231207552474	0	0	0	0	0
0.030439482650000002	0.01200500410598006	0	0	0	0	0
0.03046771104	0.012071190500993912	0	0	0	0	0
0.03049593943	0.01213679039259404	0	0	0	0	0
0.03052416782	0.012201803780780441	0	0	0	0	0
0.030552396210000003	0.012266230665553126	0	0	0	0	0
0.030580624600000002	0.012330071046912076	0	0	0	0	0
0.03060885299	0.012393324924857303	0	0	0	0	0
0.030637081380000004	0.012462339079478593	0	0	0	0	0
0.03066530977	0.012534714117573738	0	0	0	0	0
0.03069353816	0.012607134151200189	0	0	0	0	0
0.030721766549999998	0.012679599180357944	0	0	0	0	0
0.03074999494	0.012752109205047013	0	0	0	0	0
0.03077822333	0.012824664225267379	0	0	0	0	0
0.03080645172	0.012897264241019049	0	0	0	0	0
0.030834680110000002	0.012969909252302033	0	0	0	0	0
0.0308629085	0.013042599259116315	0	0	0	0	0
0.03089113689	0.0131153342614619	0	0	0	0	0
0.030919365280000003	0.013188114259338798	0	0	0	0	0
0.03094759367	0.013260939252746995	0	0	0	0	0
0.030975822059999998	0.013333809241686492	0	0	0	0	0
0.03100405045	0.013406724226157306	0	0	0	0	0
0.03103227884	0.013479684206159418	0	0	0	0	0
0.03106050723	0.013552689181692832	0	0	0	0	0
0.031088735620000002	0.01362573915275756	0	0	0	0	0
0.03111696401	0.013698834119353588	0	0	0	0	0
0.0311451924	0.013771974081480913	0	0	0	0	0
0.031173420790000003	0.01384515903913956	0	0	0	0	0
0.031201649180000002	0.013918388992329498	0	0	0	0	0
0.031229877569999998	0.013991663941050742	0	0	0	0	0
0.031258105960000004	0.014064983885303303	0	0	0	0	0
0.03128633435	0.014138348825087155	0	0	0	0	0
0.03131456274	0.014211758760402317	0	0	0	0	0
0.031342791130000006	0.014285213691248789	0	0	0	0	0
0.03137101952	0.014358713617626558	0	0	0	0	0
0.03139924791	0.014432258539535633	0	0	0	0	0
0.0314274763	0.014505848456976021	0	0	0	0	0
0.03145570469	0.014579483369947705	0	0	0	0	0
0.03148393308	0.014653163278450692	0	0	0	0	0
0.03151216147	0.014726888182484996	0	0	0	0	0
0.031540389860000004	0.014800658082050597	0	0	0	0	0
0.03156861825	0.0148744729771475	0	0	0	0	0
0.03159684664	0.014943987935685623	0	0	0	0	0
0.031625075030000005	0.01500408219949056	0	0	0	0	0
0.03165330342	0.015064668794683602	0	0	0	0	0
0.031681531809999997	0.015125747721264758	0	0	0	0	0
0.0317097602	0.015187318979234024	0	0	0	0	0
0.03173798859	0.015249382568591412	0	0	0	0	0
0.03176621698	0.015311938489336907	0	0	0	0	0
0.03179444537	0.015374986741470512	0	0	0	0	0
0.03182267376	0.015438527324992238	0	0	0	0	0
0.03185090215	0.015502560239902069	0	0	0	0	0
0.03187913054	0.015567085486200014	0	0	0	0	0
0.031907358930000004	0.01563210306388608	0	0	0	0	0
0.03193558732	0.01569761297296025	0	0	0	0	0
0.031963815709999996	0.015763615213422528	0	0	0	0	0
0.0319920441	0.015830109785272935	0	0	0	0	0
0.032020272489999994	0.01589709668851143	0	0	0	0	0
0.03204850088	0.01596457592313806	0	0	0	0	0
0.03207672927	0.016032547489152803	0	0	0	0	0
0.032104957659999996	0.01610101138655564	0	0	0	0	0
0.03213318605	0.016169967615346607	0	0	0	0	0
0.03216141444	0.016239416175525687	0	0	0	0	0
0.03218964283	0.016309357067092863	0	0	0	0	0
0.03221787122	0.016379790290048168	0	0	0	0	0
0.03224609961	0.016450715844391586	0	0	0	0	0
0.032274328	0.0165221337301231	0	0	0	0	0
0.03230255639	0.016594043947242745	0	0	0	0	0
0.03233078478	0.016666446495750498	0	0	0	0	0
0.03235901317	0.016739341375646352	0	0	0	0	0
0.03238724156	0.016812728586930333	0	0	0	0	0
0.032415469950000005	0.016886608129602427	0	0	0	0	0
0.03244369834	0.01696099272076816	0	0	0	0	0
0.03247192673	0.017044888480026252	0	0	0	0	0
0.032500155120000006	0.017128614265112644	0	0	0	0	0
0.03252838351	0.01721217007602732	0	0	0	0	0
0.0325566119	0.017295555912770322	0	0	0	0	0
0.03258484029	0.01737877177534163	0	0	0	0	0
0.032613068679999996	0.017461817663741216	0	0	0	0	0
0.03264129707	0.01754469357796913	0	0	0	0	0
0.03266952546	0.01762739951802535	0	0	0	0	0
0.03269775385	0.017709935483909853	0	0	0	0	0
0.03272598224	0.01779230147562268	0	0	0	0	0
0.03275421063	0.01787449749316381	0	0	0	0	0
0.03278243902	0.017956523536533223	0	0	0	0	0
0.03281066741	0.018038379605730962	0	0	0	0	0
0.032838895800000004	0.01812006570075701	0	0	0	0	0
0.03286712419	0.018201581821611336	0	0	0	0	0
0.03289535258	0.018282927968293988	0	0	0	0	0
0.032923580970000005	0.018364104140804943	0	0	0	0	0
0.03295180936	0.018445110339144182	0	0	0	0	0
0.03298003775	0.01852594656331175	0	0	0	0	0
0.033008266140000006	0.018606612813307614	0	0	0	0	0
0.03303649453	0.01868710908913177	0	0	0	0	0
0.033064722920000005	0.018767435390784244	0	0	0	0	0
0.03309295131000001	0.018847591718265024	0	0	0	0	0
0.0331211797	0.018927578071574094	0	0	0	0	0
0.03314940809	0.019007394450711482	0	0	0	0	0
0.03317763648	0.019087040855677178	0	0	0	0	0
0.03320586487	0.019166517286471153	0	0	0	0	0
0.03323409326	0.019245823743093454	0	0	0	0	0
0.03326232165	0.019325854237241875	0	0	0	0	0
0.03329055004	0.019405975731577253	0	0	0	0	0
0.03331877843	0.019485837813216746	0	0	0	0	0
0.03334700682	0.019565440482160315	0	0	0	0	0
0.03337523521	0.019644783738407997	0	0	0	0	0
0.0334034636	0.019723867581959778	0	0	0	0	0
0.03343169199	0.019802692012815627	0	0	0	0	0
0.03345992038	0.019881257030975596	0	0	0	0	0
0.033488148770000004	0.019959562636439658	0	0	0	0	0
0.03351637716	0.020037608829207795	0	0	0	0	0
0.03354460555	0.02011539560928005	0	0	0	0	0
0.033572833940000005	0.020192922976656393	0	0	0	0	0
0.03360106233	0.020270190931336817	0	0	0	0	0
0.03362929072	0.020347199473321354	0	0	0	0	0
0.033657519110000006	0.020423948602609984	0	0	0	0	0
0.0336857475	0.02050043831920269	0	0	0	0	0
0.033713975890000004	0.020576668623099516	0	0	0	0	0
0.03374220428	0.02065263951430043	0	0	0	0	0
0.033770432669999996	0.02072835099280542	0	0	0	0	0
0.03379866106	0.020803803058614526	0	0	0	0	0
0.03382688945	0.020878995711727726	0	0	0	0	0
0.03385511784	0.020953928952145002	0	0	0	0	0
0.03388334623	0.02102860277986639	0	0	0	0	0
0.03391157462	0.021103017194891875	0	0	0	0	0
0.03393980301	0.021177172197221438	0	0	0	0	0
0.0339680314	0.02125106778685511	0	0	0	0	0
0.03399625979	0.021324703963792862	0	0	0	0	0
0.03402448818	0.021398080728034726	0	0	0	0	0
0.03405271657	0.021466740915713288	0	0	0	0	0
0.03408094496	0.021530232731197495	0	0	0	0	0
0.03410917335	0.0215943032605786	0	0	0	0	0
0.034137401740000003	0.021658952503856573	0	0	0	0	0
0.03416563013	0.021724180461031407	0	0	0	0	0
0.03419385852	0.021789987132103134	0	0	0	0	0
0.034222086910000005	0.021856372517071735	0	0	0	0	0
0.0342503153	0.021923336615937195	0	0	0	0	0
0.03427854369	0.02199087942869955	0	0	0	0	0
0.034306772080000006	0.022059000955358777	0	0	0	0	0
0.034335000469999995	0.02212770119591486	0	0	0	0	0
0.03436322886	0.022196980150367838	0	0	0	0	0
0.03439145725	0.022266837818717692	0	0	0	0	0
0.034419685639999996	0.022337274200964406	0	0	0	0	0
0.03444791403	0.022408289297108006	0	0	0	0	0
0.03447614242	0.022479883107148487	0	0	0	0	0
0.03450437081	0.022552055631085824	0	0	0	0	0
0.0345325992	0.022624806868920055	0	0	0	0	0
0.03456082759	0.02269813682065116	0	0	0	0	0
0.03458905598	0.022772045486279122	0	0	0	0	0
0.03461728437	0.022846532865803976	0	0	0	0	0
0.034645512760000004	0.022921598959225707	0	0	0	0	0
0.03467374115	0.02299724376654429	0	0	0	0	0
0.03470196954	0.023073467287759775	0	0	0	0	0
0.034730197930000005	0.02315026952287213	0	0	0	0	0
0.03475842632	0.023227650471881342	0	0	0	0	0
0.03478665471	0.02330561013478745	0	0	0	0	0
0.034814883100000006	0.02338414851159043	0	0	0	0	0
0.03484311149	0.02346326560229027	0	0	0	0	0
0.034871339880000005	0.023542961406887	0	0	0	0	0
0.03489956827000001	0.023623235925380612	0	0	0	0	0
0.034927796659999996	0.023704089157771075	0	0	0	0	0
0.03495602505	0.023785521104058432	0	0	0	0	0
0.03498425344	0.023867531764242667	0	0	0	0	0
0.03501248183	0.023950121138323757	0	0	0	0	0
0.03504071022	0.024033289226301737	0	0	0	0	0
0.03506893861	0.024117036028176598	0	0	0	0	0
0.035097167	0.024201361543948315	0	0	0	0	0
0.03512539539	0.024286265773616922	0	0	0	0	0
0.035153623780000004	0.02437174871718241	0	0	0	0	0
0.03518185217	0.02445781037464475	0	0	0	0	0
0.03521008056	0.024544450746003983	0	0	0	0	0
0.035238308950000005	0.024631669831260094	0	0	0	0	0
0.03526653734	0.024719467630413057	0	0	0	0	0
0.035294765730000004	0.02480784414346292	0	0	0	0	0
0.035322994120000006	0.024896799370409655	0	0	0	0	0
0.03535122251	0.02498633331125325	0	0	0	0	0
0.035379450900000005	0.025076445965993736	0	0	0	0	0
0.03540767929000001	0.025167137334631096	0	0	0	0	0
0.03543590768	0.025248794703961724	0	0	0	0	0
0.035464136070000006	0.025329949879651464	0	0	0	0	0
0.035492364459999995	0.025410896665326872	0	0	0	0	0
0.03552059285	0.025491635060987984	0	0	0	0	0
0.03554882124	0.025572165066634785	0	0	0	0	0
0.035577049629999996	0.02565248668226726	0	0	0	0	0
0.03560527802	0.025732599907885432	0	0	0	0	0
0.03563350641	0.025812504743489294	0	0	0	0	0
0.0356617348	0.02589220118907883	0	0	0	0	0
0.03568996319	0.025971689244654067	0	0	0	0	0
0.03571819158	0.026050968910214994	0	0	0	0	0
0.03574641997	0.026130040185761583	0	0	0	0	0
0.03577464836	0.026208903071293883	0	0	0	0	0
0.03580287675	0.026287557566811854	0	0	0	0	0
0.03583110514	0.026366003672315525	0	0	0	0	0
0.03585933353	0.026444241387804886	0	0	0	0	0
0.03588756192	0.02652227071327992	0	0	0	0	0
0.03591579031	0.026600091648740654	0	0	0	0	0
0.035944018700000004	0.026677704194187076	0	0	0	0	0
0.03597224709	0.02675510834961917	0	0	0	0	0
0.03600047548	0.026832304115036964	0	0	0	0	0
0.036028703870000005	0.02690929149044045	0	0	0	0	0
0.03605693226	0.026986070475829606	0	0	0	0	0
0.036085160649999996	0.027062641071204464	0	0	0	0	0
0.03611338904	0.02713900327656501	0	0	0	0	0
0.036141617429999995	0.02721515709191122	0	0	0	0	0
0.03616984582	0.02729110251724314	0	0	0	0	0
0.03619807421	0.027366839552560748	0	0	0	0	0
0.036226302599999996	0.027442368197864025	0	0	0	0	0
0.03625453099	0.027517688453153007	0	0	0	0	0
0.03628275938	0.027592800318427677	0	0	0	0	0
0.03631098777	0.027667703793688016	0	0	0	0	0
0.03633921616	0.027742398878934062	0	0	0	0	0
0.03636744455	0.027816885574165794	0	0	0	0	0
0.03639567294	0.027891163879383195	0	0	0	0	0
0.03642390133	0.0279652337945863	0	0	0	0	0
0.036452129720000004	0.028039095319775092	0	0	0	0	0
0.03648035811	0.02811274845494955	0	0	0	0	0
0.0365085865	0.02818619320010972	0	0	0	0	0
0.036536814890000005	0.028259429555255573	0	0	0	0	0
0.03656504328	0.028340143225532674	0	0	0	0	0
0.036593271670000004	0.02842632204808382	0	0	0	0	0
0.036621500060000006	0.028512179945358016	0	0	0	0	0
0.03664972845	0.028597716917355236	0	0	0	0	0
0.03667795684	0.02868293296407552	0	0	0	0	0
0.03670618523	0.028767828085518855	0	0	0	0	0
0.036734413619999996	0.028852402281685213	0	0	0	0	0
0.03676264201	0.028936655552574637	0	0	0	0	0
0.0367908704	0.02902058789818711	0	0	0	0	0
0.03681909879	0.02910419931852261	0	0	0	0	0
0.03684732718	0.02918748981358118	0	0	0	0	0
0.03687555557	0.029270459383362785	0	0	0	0	0
0.03690378396	0.029353108027867423	0	0	0	0	0
0.03693201235	0.02943543574709513	0	0	0	0	0
0.036960240740000004	0.02951744254104588	0	0	0	0	0
0.03698846913	0.029599128409719656	0	0	0	0	0
0.03701669752	0.029680493353116504	0	0	0	0	0
0.037044925910000005	0.02976153737123639	0	0	0	0	0
0.0370731543	0.02984226046407931	0	0	0	0	0
0.037101382690000004	0.02992266263164529	0	0	0	0	0
0.037129611080000006	0.030002743873934323	0	0	0	0	0
0.03715783947	0.030082504190946376	0	0	0	0	0
0.037186067860000005	0.0301619435826815	0	0	0	0	0
0.03721429625000001	0.03024106204913967	0	0	0	0	0
0.037242524639999997	0.030319859590320866	0	0	0	0	0
0.03727075303	0.03039833620622513	0	0	0	0	0
0.03729898142	0.030476491896852437	0	0	0	0	0
0.03732720981	0.03055432666220277	0	0	0	0	0
0.0373554382	0.030631840502276172	0	0	0	0	0
0.03738366659	0.030709033417072616	0	0	0	0	0
0.03741189498	0.030785905406592092	0	0	0	0	0
0.03744012337	0.03086245647083463	0	0	0	0	0
0.037468351760000004	0.03093868660980022	0	0	0	0	0
0.03749658015	0.031014595823488835	0	0	0	0	0
0.03752480854	0.031090586407998368	0	0	0	0	0
0.03755303693	0.031167341005039324	0	0	0	0	0
0.03758126532	0.031243429916699497	0	0	0	0	0
0.037609493710000004	0.03131885314297887	0	0	0	0	0
0.0376377221	0.031393610683877436	0	0	0	0	0
0.03766595049	0.031467702539395216	0	0	0	0	0
0.037694178880000005	0.0315411287095322	0	0	0	0	0
0.03772240727	0.03161388919428836	0	0	0	0	0
0.037750635660000004	0.031685983993663756	0	0	0	0	0
0.03777886405	0.031757413107658325	0	0	0	0	0
0.03780709244	0.03182817653627212	0	0	0	0	0
0.03783532083	0.03189827427950511	0	0	0	0	0
0.037863549219999994	0.031967706337357286	0	0	0	0	0
0.037891777609999996	0.032036472709828685	0	0	0	0	0
0.037920006	0.032104573396919286	0	0	0	0	0
0.037948234389999995	0.03217200839862907	0	0	0	0	0
0.03797646278	0.03223877771495808	0	0	0	0	0
0.03800469117	0.03230488134590628	0	0	0	0	0
0.038032919559999996	0.03237031929147368	0	0	0	0	0
0.03806114795	0.03243509155166029	0	0	0	0	0
0.03808937634	0.0324991981264661	0	0	0	0	0
0.03811760473	0.0325626390158911	0	0	0	0	0
0.03814583312	0.03262541421993532	0	0	0	0	0
0.03817406151	0.03268752373859875	0	0	0	0	0
0.0382022899	0.03274896757188135	0	0	0	0	0
0.03823051829	0.03280974571978317	0	0	0	0	0
0.038258746680000004	0.0328698581823042	0	0	0	0	0
0.03828697507	0.03292930495944441	0	0	0	0	0
0.03831520346	0.03298808605120384	0	0	0	0	0
0.038343431850000005	0.033046201457582476	0	0	0	0	0
0.03837166024	0.0331036511785803	0	0	0	0	0
0.038399888630000004	0.03323134020999169	0	0	0	0	0
0.03842811702	0.03336001994276896	0	0	0	0	0
0.038456345409999995	0.033484239120866496	0	0	0	0	0
0.0384845738	0.03360399774428439	0	0	0	0	0
0.03851280219	0.03371929581302258	0	0	0	0	0
0.038541030579999996	0.03383013332708106	0	0	0	0	0
0.03856925897	0.03393651028645987	0	0	0	0	0
0.03859748736	0.034038426691159	0	0	0	0	0
0.03862571575	0.03413588254117841	0	0	0	0	0
0.03865394414	0.03422887783651815	0	0	0	0	0
0.03868217253	0.03431741257717821	0	0	0	0	0
0.03871040092	0.034401486763158545	0	0	0	0	0
0.03873862931	0.03448110039445922	0	0	0	0	0
0.038766857700000004	0.0345562534710802	0	0	0	0	0
0.03879508609	0.03462694599302148	0	0	0	0	0
0.03882331448	0.03469317796028308	0	0	0	0	0
0.038851542870000005	0.03475494937286498	0	0	0	0	0
0.03887977126	0.034812260230767195	0	0	0	0	0
0.038907999650000004	0.03486511053398972	0	0	0	0	0
0.03893622804000001	0.03491350028253257	0	0	0	0	0
0.03896445643	0.0349574294763957	0	0	0	0	0
0.038992684820000005	0.034996898115579156	0	0	0	0	0
0.03902091321	0.03500228562459362	0	0	0	0	0
0.0390491416	0.034999072782080545	0	0	0	0	0
0.03907736999	0.03500018664310764	0	0	0	0	0
0.03910559838	0.0350056272076749	0	0	0	0	0
0.03913382677	0.035015394475782315	0	0	0	0	0
0.03916205516	0.035029488447429896	0	0	0	0	0
0.03919028355	0.03504790912261765	0	0	0	0	0
0.03921851194	0.035070656501345554	0	0	0	0	0
0.03924674033	0.03509773058361363	0	0	0	0	0
0.039274968720000004	0.03512913136942187	0	0	0	0	0
0.03930319711	0.03516485885877027	0	0	0	0	0
0.0393314255	0.035204913051658834	0	0	0	0	0
0.039359653890000006	0.03524929394808757	0	0	0	0	0
0.03938788228	0.03529800154805645	0	0	0	0	0
0.039416110670000004	0.035351035851565515	0	0	0	0	0
0.03944433906000001	0.03540839685861474	0	0	0	0	0
0.03947256745	0.03547008456920411	0	0	0	0	0
0.039500795840000005	0.03553609898333367	0	0	0	0	0
0.03952902423	0.03560644010100337	0	0	0	0	0
0.039557252620000004	0.03568110792221325	0	0	0	0	0
0.039585481010000007	0.035760102446963295	0	0	0	0	0
0.039613709399999995	0.03584342367525348	0	0	0	0	0
0.03964193779	0.03593107160708385	0	0	0	0	0
0.03967016618	0.03602304624245439	0	0	0	0	0
0.03969839457	0.03611934758136507	0	0	0	0	0
0.03972662296	0.03621997562381594	0	0	0	0	0
0.039754851349999995	0.03632493036980694	0	0	0	0	0
0.03978307974	0.03643421181933813	0	0	0	0	0
0.03981130813	0.03653557186843081	0	0	0	0	0
0.039839536519999996	0.03661909285867636	0	0	0	0	0
0.03986776491	0.03669973458313367	0	0	0	0	0
0.0398959933	0.03677749704180273	0	0	0	0	0
0.03992422169	0.03685238023468351	0	0	0	0	0
0.03995245008	0.03692438416177606	0	0	0	0	0
0.03998067847	0.03699350882308036	0	0	0	0	0
0.04000890686	0.03705975421859639	0	0	0	0	0
0.04003713525	0.03712312034832418	0	0	0	0	0
0.040065363640000004	0.037183607212263714	0	0	0	0	0
0.04009359203	0.03724121481041499	0	0	0	0	0
0.04012182042	0.03729594314277801	0	0	0	0	0
0.040150048810000005	0.03734779220935278	0	0	0	0	0
0.040178277199999994	0.03739676201013929	0	0	0	0	0
0.04020650559	0.03744285254513755	0	0	0	0	0
0.04023473398	0.03748606381434757	0	0	0	0	0
0.040262962369999995	0.037526395817769315	0	0	0	0	0
0.04029119076	0.03756384855540282	0	0	0	0	0
0.04031941915	0.037598422027248064	0	0	0	0	0
0.040347647539999996	0.03763011623330506	0	0	0	0	0
0.04037587593	0.03765054539904032	0	0	0	0	0
0.04040410432	0.03764122978034448	0	0	0	0	0
0.04043233271	0.03763713822049151	0	0	0	0	0
0.0404605611	0.0376382707194814	0	0	0	0	0
0.04048878949	0.03764462727731416	0	0	0	0	0
0.04051701788	0.03765620789398977	0	0	0	0	0
0.04054524627	0.037673012569508245	0	0	0	0	0
0.040573474660000004	0.03769504130386959	0	0	0	0	0
0.04060170305	0.03772229409707379	0	0	0	0	0
0.04062993144	0.037754770949120865	0	0	0	0	0
0.040658159830000005	0.0377924718600108	0	0	0	0	0
0.04068638822	0.03783539682974359	0	0	0	0	0
0.040714616610000004	0.03788354585831925	0	0	0	0	0
0.04074284500000001	0.03793691894573777	0	0	0	0	0
0.040771073389999996	0.03799551609199915	0	0	0	0	0
0.04079930178	0.03805933729710341	0	0	0	0	0
0.04082753017	0.03812838256105052	0	0	0	0	0
0.04085575856	0.038202651883840484	0	0	0	0	0
0.04088398695	0.03828214526547333	0	0	0	0	0
0.04091221534	0.03836686270594904	0	0	0	0	0
0.04094044373	0.038456804205267585	0	0	0	0	0
0.04096867212	0.03855196976342902	0	0	0	0	0
0.04099690051	0.03865235938043332	0	0	0	0	0
0.0410251289	0.03875797305628046	0	0	0	0	0
0.04105335729	0.03886881079097048	0	0	0	0	0
0.041081585680000005	0.03893684235151626	0	0	0	0	0
0.04110981407	0.03900111470452785	0	0	0	0	0
0.04113804246	0.039063920197673276	0	0	0	0	0
0.041166270850000006	0.03912525883095251	0	0	0	0	0
0.04119449924	0.039185130604365556	0	0	0	0	0
0.041222727630000004	0.039243535517912424	0	0	0	0	0
0.04125095602000001	0.039300473571593116	0	0	0	0	0
0.04127918441	0.0393559447654076	0	0	0	0	0
0.041307412800000005	0.039409949099355926	0	0	0	0	0
0.04133564119000001	0.03946248657343806	0	0	0	0	0
0.04136386958	0.039513557187653994	0	0	0	0	0
0.04139209797	0.03956316094200377	0	0	0	0	0
0.04142032636	0.03961129783648735	0	0	0	0	0
0.04144855475	0.03965796787110474	0	0	0	0	0
0.04147678314	0.03970317104585595	0	0	0	0	0
0.04150501153	0.03974690736074098	0	0	0	0	0
0.04153323992	0.03979209678595183	0	0	0	0	0
0.04156146831	0.03983706926489132	0	0	0	0	0
0.0415896967	0.039881057855495866	0	0	0	0	0
0.04161792509	0.03992406255776548	0	0	0	0	0
0.04164615348	0.039966083371700156	0	0	0	0	0
0.04167438187	0.04000712029729988	0	0	0	0	0
0.04170261026	0.04004717333456467	0	0	0	0	0
0.04173083865	0.040086242483494516	0	0	0	0	0
0.04175906704	0.04012432774408944	0	0	0	0	0
0.04178729543	0.04016142911634941	0	0	0	0	0
0.04181552382	0.04019754660027443	0	0	0	0	0
0.04184375221	0.04023268019586452	0	0	0	0	0
0.041871980600000004	0.04026682990311967	0	0	0	0	0
0.04190020899	0.04029999572203988	0	0	0	0	0
0.04192843738	0.04033217765262515	0	0	0	0	0
0.04195666577	0.040363375694875483	0	0	0	0	0
0.041984894159999994	0.040393589848790865	0	0	0	0	0
0.04201312255	0.040422820114371316	0	0	0	0	0
0.04204135094	0.04043999333306656	0	0	0	0	0
0.042069579329999995	0.040450847024072534	0	0	0	0	0
0.04209780772	0.04046400714385154	0	0	0	0	0
0.04212603611	0.04047947369240358	0	0	0	0	0
0.0421542645	0.04049724666972865	0	0	0	0	0
0.04218249289	0.040517326075826754	0	0	0	0	0
0.04221072128	0.04053971191069789	0	0	0	0	0
0.04223894967	0.04056440417434206	0	0	0	0	0
0.04226717806	0.04059140286675927	0	0	0	0	0
0.04229540645	0.040620707987949506	0	0	0	0	0
0.04232363484	0.04065231953791277	0	0	0	0	0
0.04235186323	0.04068623751664907	0	0	0	0	0
0.042380091620000004	0.04072246192415841	0	0	0	0	0
0.04240832001	0.040760992760440776	0	0	0	0	0
0.0424365484	0.04080183002549618	0	0	0	0	0
0.042464776790000006	0.04084497371932462	0	0	0	0	0
0.04249300518	0.04089042384192608	0	0	0	0	0
0.04252123357	0.040938180393300584	0	0	0	0	0
0.04254946196	0.04098824337344812	0	0	0	0	0
0.042577690349999996	0.04104061278236868	0	0	0	0	0
0.04260591874	0.04109528862006228	0	0	0	0	0
0.04263414713	0.04115227088652892	0	0	0	0	0
0.04266237552	0.04121155958176858	0	0	0	0	0
0.04269060391	0.04127315470578128	0	0	0	0	0
0.0427188323	0.04132652560900015	0	0	0	0	0
0.04274706069	0.041355730899452645	0	0	0	0	0
0.04277528908	0.04138186363289651	0	0	0	0	0
0.04280351747	0.04140492380933173	0	0	0	0	0
0.04283174586	0.04142491142875831	0	0	0	0	0
0.04285997425	0.041441826491176253	0	0	0	0	0
0.042888202640000005	0.041455668996585565	0	0	0	0	0
0.04291643103	0.041466438944986236	0	0	0	0	0
0.04294465942	0.041474136336378274	0	0	0	0	0
0.042972887810000006	0.04147876117076167	0	0	0	0	0
0.0430011162	0.04148031344813643	0	0	0	0	0
0.043029344590000004	0.04147879316850256	0	0	0	0	0
0.04305757298000001	0.04147420033186004	0	0	0	0	0
0.04308580137	0.0414665349382089	0	0	0	0	0
0.04311402976	0.04145579698754911	0	0	0	0	0
0.04314225815	0.04144198647988068	0	0	0	0	0
0.04317048654	0.041425103415203626	0	0	0	0	0
0.04319871493	0.04140514779351792	0	0	0	0	0
0.04322694332	0.04138636396160318	0	0	0	0	0
0.04325517171	0.04140475622390662	0	0	0	0	0
0.0432834001	0.041423267033648875	0	0	0	0	0
0.043311628490000004	0.04144189639082991	0	0	0	0	0
0.04333985688	0.04146064429544973	0	0	0	0	0
0.043368085269999995	0.04147951074750834	0	0	0	0	0
0.043396313660000005	0.041498495747005745	0	0	0	0	0
0.04342454205	0.041517599293941936	0	0	0	0	0
0.043452770439999996	0.041536821388316915	0	0	0	0	0
0.043480998830000006	0.04155616203013068	0	0	0	0	0
0.04350922722	0.04157562121938325	0	0	0	0	0
0.04353745561	0.04159519895607459	0	0	0	0	0
0.04356568400000001	0.04161489524020474	0	0	0	0	0
0.04359391239	0.041634710071773655	0	0	0	0	0
0.04362214078	0.04165464345078137	0	0	0	0	0
0.04365036917000001	0.041674695377227886	0	0	0	0	0
0.043678597560000004	0.04169486585111317	0	0	0	0	0
0.04370682594999999	0.04171515487243725	0	0	0	0	0
0.04373505434	0.041735562441200136	0	0	0	0	0
0.04376328273	0.04175608855740179	0	0	0	0	0
0.043791511119999994	0.041776733221042237	0	0	0	0	0
0.043819739510000004	0.04179749643212149	0	0	0	0	0
0.0438479679	0.041818378190639514	0	0	0	0	0
0.043876196289999995	0.04183937849659633	0	0	0	0	0
0.04390442468	0.04186049734999194	0	0	0	0	0
0.04393265307	0.041881734750826335	0	0	0	0	0
0.04396088146	0.04190309069909952	0	0	0	0	0
0.04398910985	0.0419245651948115	0	0	0	0	0
0.04401733824	0.041946158237962265	0	0	0	0	0
0.04404556663	0.041967869828551815	0	0	0	0	0
0.04407379502	0.04198969996658017	0	0	0	0	0
0.04410202341	0.04200239677186104	0	0	0	0	0
0.0441302518	0.0420108856008628	0	0	0	0	0
0.04415848019	0.04201803981750011	0	0	0	0	0
0.044186708580000005	0.04202385942177297	0	0	0	0	0
0.04421493697	0.04202834441368136	0	0	0	0	0
0.04424316536	0.042031494793225314	0	0	0	0	0
0.044271393750000006	0.0420333105604048	0	0	0	0	0
0.044299622139999995	0.042033791715219836	0	0	0	0	0
0.04432785053	0.04203293825767042	0	0	0	0	0
0.04435607892	0.042030750187756545	0	0	0	0	0
0.044384307309999996	0.04202722750547821	0	0	0	0	0
0.0444125357	0.04202237021083542	0	0	0	0	0
0.04444076409	0.04201617830382818	0	0	0	0	0
0.04446899248	0.04200865178445649	0	0	0	0	0
0.04449722087	0.04199979065272034	0	0	0	0	0
0.04452544926	0.041989594908619726	0	0	0	0	0
0.04455367765	0.04197806455215467	0	0	0	0	0
0.04458190604	0.041965199583325154	0	0	0	0	0
0.044610134430000004	0.04195100000213118	0	0	0	0	0
0.04463836282	0.041935465808572756	0	0	0	0	0
0.04466659121	0.0419217409151476	0	0	0	0	0
0.044694819600000005	0.04191020730926287	0	0	0	0	0
0.04472304799	0.04189793842515238	0	0	0	0	0
0.04475127638	0.04188493426281611	0	0	0	0	0
0.044779504770000006	0.04187119482225407	0	0	0	0	0
0.04480773316	0.04185672010346626	0	0	0	0	0
0.044835961550000004	0.041841510106452685	0	0	0	0	0
0.04486418994000001	0.04182556483121334	0	0	0	0	0
0.044892418329999996	0.041808884277748225	0	0	0	0	0
0.04492064672	0.041791468446057335	0	0	0	0	0
0.04494887511	0.041773317336140675	0	0	0	0	0
0.0449771035	0.04175443094799826	0	0	0	0	0
0.04500533189	0.04173480928163006	0	0	0	0	0
0.04503356028	0.04171445233703609	0	0	0	0	0
0.04506178867	0.04169336011421636	0	0	0	0	0
0.04509001706	0.04167153261317085	0	0	0	0	0
0.045118245450000004	0.04164902999491733	0	0	0	0	0
0.04514647384	0.041625945127846516	0	0	0	0	0
0.04517470223	0.041602148923001424	0	0	0	0	0
0.045202930620000005	0.041577641380382065	0	0	0	0	0
0.04523115901	0.041552422499988424	0	0	0	0	0
0.045259387400000003	0.04152649228182051	0	0	0	0	0
0.045287615790000006	0.04149985072587832	0	0	0	0	0
0.04531584418	0.041472497832161864	0	0	0	0	0
0.04534407257	0.041444433600671134	0	0	0	0	0
0.04537230096000001	0.041415658031406115	0	0	0	0	0
0.04540052935	0.041386171124366836	0	0	0	0	0
0.04542875774	0.04135597287955329	0	0	0	0	0
0.04545698613000001	0.04132506329696545	0	0	0	0	0
0.04548521452	0.041293442376603345	0	0	0	0	0
0.04551344290999999	0.04126111011846697	0	0	0	0	0
0.0455416713	0.041228066522556304	0	0	0	0	0
0.04556989969	0.04119431158887138	0	0	0	0	0
0.045598128079999994	0.04115984531741219	0	0	0	0	0
0.045626356470000004	0.04112466770817869	0	0	0	0	0
0.04565458486	0.04108877876117095	0	0	0	0	0
0.045682813249999996	0.04105217847638893	0	0	0	0	0
0.045711041640000005	0.04101486685383262	0	0	0	0	0
0.04573927003	0.040976483859119464	0	0	0	0	0
0.04576749842	0.04091672410458456	0	0	0	0	0
0.045795726810000006	0.040857427405450564	0	0	0	0	0
0.0458239552	0.04079859376171754	0	0	0	0	0
0.04585218359	0.04074022317338546	0	0	0	0	0
0.04588041198	0.040682315640454304	0	0	0	0	0
0.04590864037	0.04062487116292409	0	0	0	0	0
0.04593686876	0.040567889740794824	0	0	0	0	0
0.04596509715	0.0405113713740665	0	0	0	0	0
0.045993325540000005	0.040455316062739104	0	0	0	0	0
0.04602155393	0.04039972380681267	0	0	0	0	0
0.046049782319999996	0.040344594606287164	0	0	0	0	0
0.04607801071	0.04028992846116259	0	0	0	0	0
0.046106239099999995	0.04023572537143898	0	0	0	0	0
0.04613446749	0.04018198533711629	0	0	0	0	0
0.04616269588	0.04012870835819454	0	0	0	0	0
0.046190924269999996	0.040075894434673756	0	0	0	0	0
0.04621915266	0.040023543566553896	0	0	0	0	0
0.04624738105	0.03997165575383497	0	0	0	0	0
0.04627560944	0.039920230996517	0	0	0	0	0
0.04630383783	0.03986926929459996	0	0	0	0	0
0.04633206622	0.03981877064808386	0	0	0	0	0
0.04636029461	0.039768735056968714	0	0	0	0	0
0.046388523	0.0397191625212545	0	0	0	0	0
0.046416751390000004	0.039670053040941226	0	0	0	0	0
0.04644497978	0.039621406616028906	0	0	0	0	0
0.04647320817	0.03957322324651751	0	0	0	0	0
0.046501436560000005	0.03952550293240706	0	0	0	0	0
0.04652966495	0.03947824567369756	0	0	0	0	0
0.04655789334	0.03943145147038899	0	0	0	0	0
0.046586121730000006	0.039385120322481364	0	0	0	0	0
0.04661435012	0.03933925222997468	0	0	0	0	0
0.04664257851	0.039293847192868936	0	0	0	0	0
0.0466708069	0.03924890521116413	0	0	0	0	0
0.046699035289999996	0.039204426284860275	0	0	0	0	0
0.04672726368	0.039160410413957354	0	0	0	0	0
0.04675549207	0.03911685759845537	0	0	0	0	0
0.04678372046	0.03907376783835434	0	0	0	0	0
0.04681194885	0.03903114113365424	0	0	0	0	0
0.04684017724	0.03899401321668095	0	0	0	0	0
0.04686840563	0.03895970282033037	0	0	0	0	0
0.04689663402	0.03892229395371666	0	0	0	0	0
0.046924862410000004	0.038881786616839824	0	0	0	0	0
0.0469530908	0.03883818080969986	0	0	0	0	0
0.04698131919	0.03879147653229678	0	0	0	0	0
0.047009547580000005	0.03874167378463056	0	0	0	0	0
0.04703777597	0.03868877256670123	0	0	0	0	0
0.047066004360000004	0.038632772878508775	0	0	0	0	0
0.047094232750000006	0.03857367472005318	0	0	0	0	0
0.04712246114	0.038511478091334476	0	0	0	0	0
0.047150689530000005	0.03844618299235263	0	0	0	0	0
0.04717891792000001	0.03837778942310767	0	0	0	0	0
0.04720714631	0.0383062973835996	0	0	0	0	0
0.0472353747	0.038231706873828375	0	0	0	0	0
0.04726360309	0.03815401789379403	0	0	0	0	0
0.04729183148	0.038073230443496586	0	0	0	0	0
0.04732005986999999	0.03798934452293601	0	0	0	0	0
0.04734828826	0.03789534291150151	0	0	0	0	0
0.04737651665	0.03777985508016552	0	0	0	0	0
0.047404745039999995	0.03766526594280111	0	0	0	0	0
0.047432973430000004	0.03755157549940823	0	0	0	0	0
0.04746120182	0.037438783749986985	0	0	0	0	0
0.047489430209999996	0.037326890694537325	0	0	0	0	0
0.047517658600000005	0.03721589633305919	0	0	0	0	0
0.04754588699	0.037105800665552705	0	0	0	0	0
0.04757411538	0.0369966036920178	0	0	0	0	0
0.04760234377000001	0.036888305412454414	0	0	0	0	0
0.04763057216	0.03678090582686268	0	0	0	0	0
0.04765880055	0.03667440493524252	0	0	0	0	0
0.04768702894000001	0.0365688027375939	0	0	0	0	0
0.047715257330000004	0.03646409923391691	0	0	0	0	0
0.04774348572	0.03636029442421151	0	0	0	0	0
0.04777171411000001	0.036257388308477634	0	0	0	0	0
0.0477999425	0.036155380886715396	0	0	0	0	0
0.047828170889999994	0.03605427215892475	0	0	0	0	0
0.047856399279999996	0.03595406212510565	0	0	0	0	0
0.04788462767	0.03585475078525814	0	0	0	0	0
0.047912856059999995	0.03575633813938224	0	0	0	0	0
0.04794108445	0.0356588241874779	0	0	0	0	0
0.04796931284	0.03556220892954514	0	0	0	0	0
0.047997541229999996	0.035466492365583996	0	0	0	0	0
0.04802576962	0.0353716744955944	0	0	0	0	0
0.04805399801	0.035277755319576394	0	0	0	0	0
0.0480822264	0.03518473483753	0	0	0	0	0
0.04811045479	0.03509261304945516	0	0	0	0	0
0.04813868318	0.03500138995535191	0	0	0	0	0
0.04816691157	0.03491106555522026	0	0	0	0	0
0.04819513996	0.03482163984906018	0	0	0	0	0
0.048223368350000004	0.03471027697861009	0	0	0	0	0
0.04825159674	0.03459102853412463	0	0	0	0	0
0.04827982513	0.03446932127562187	0	0	0	0	0
0.048308053520000005	0.034345155203101815	0	0	0	0	0
0.04833628191	0.034218530316564515	0	0	0	0	0
0.0483645103	0.0340894466160099	0	0	0	0	0
0.04839273869	0.033957904101438	0	0	0	0	0
0.048420967079999995	0.03382390277284884	0	0	0	0	0
0.04844919547	0.03368744263024238	0	0	0	0	0
0.04847742386	0.03354852367361863	0	0	0	0	0
0.048505652249999996	0.03340714590297763	0	0	0	0	0
0.04853388064	0.03326330931831931	0	0	0	0	0
0.04856210903	0.03311701391964371	0	0	0	0	0
0.04859033742	0.032968259706950866	0	0	0	0	0
0.04861856581	0.03282888841981507	0	0	0	0	0
0.0486467942	0.03269805097880304	0	0	0	0	0
0.04867502259	0.03256754414010851	0	0	0	0	0
0.04870325098	0.032437367903731425	0	0	0	0	0
0.048731479370000004	0.032307522269671804	0	0	0	0	0
0.04875970776	0.03217800723792969	0	0	0	0	0
0.04878793615	0.032048822808505024	0	0	0	0	0
0.048816164540000005	0.031919968981397824	0	0	0	0	0
0.04884439293	0.03179144575660813	0	0	0	0	0
0.048872621320000004	0.031663253134135885	0	0	0	0	0
0.048900849710000006	0.031535391113981105	0	0	0	0	0
0.0489290781	0.03140785969614383	0	0	0	0	0
0.048957306490000005	0.03128065888062401	0	0	0	0	0
0.04898553488	0.031153788667421644	0	0	0	0	0
0.049013763269999996	0.031027249056536792	0	0	0	0	0
0.04904199166	0.030901040047969376	0	0	0	0	0
0.04907022005	0.03077516164171944	0	0	0	0	0
0.04909844844	0.030649613837787006	0	0	0	0	0
0.04912667683	0.03052439663617201	0	0	0	0	0
0.04915490522	0.030399510036874494	0	0	0	0	0
0.04918313361	0.030274954039894476	0	0	0	0	0
0.049211362	0.030150728645231908	0	0	0	0	0
0.049239590390000004	0.030027666960784	0	0	0	0	0
0.04926781878	0.02990593764450813	0	0	0	0	0
0.04929604717	0.02978148837760217	0	0	0	0	0
0.049324275560000005	0.029654319160066153	0	0	0	0	0
0.04935250395	0.02952442999190011	0	0	0	0	0
0.04938073234	0.029391820873104	0	0	0	0	0
0.04940896073000001	0.029256491803677773	0	0	0	0	0
0.04943718912	0.02911844278362155	0	0	0	0	0
0.04946541751	0.02897767381293527	0	0	0	0	0
0.04949364590000001	0.02883418489161886	0	0	0	0	0
0.049521874290000004	0.028687976019672465	0	0	0	0	0
0.04955010267999999	0.02853904719709601	0	0	0	0	0
0.04957833107	0.02838739842388942	0	0	0	0	0
0.04960655946	0.02823302970005285	0	0	0	0	0
0.049634787849999994	0.028075941025586217	0	0	0	0	0
0.04966301624	0.02791613240048945	0	0	0	0	0
0.04969124463	0.027753603824762697	0	0	0	0	0
0.049719473019999995	0.027588355298405892	0	0	0	0	0
0.049747701410000005	0.027420386821418945	0	0	0	0	0
0.0497759298	0.02724969839380202	0	0	0	0	0
0.049804158189999996	0.027076290015555036	0	0	0	0	0
0.04983238658	0.026900161686677953	0	0	0	0	0
0.04986061497	0.026721313407170807	0	0	0	0	0
0.04988884336	0.026539745177033655	0	0	0	0	0
0.04991707175	0.02635545699626639	0	0	0	0	0
0.04994530014	0.02616844886486907	0	0	0	0	0
0.04997352853	0.02597872078284174	0	0	0	0	0
0.05000175692	0.0257862727501843	0	0	0	0	0
0.050029985310000004	0.0255911047668968	0	0	0	0	0
0.0500582137	0.02539321683297929	0	0	0	0	0
0.05008644209	0.025192608948431675	0	0	0	0	0
0.050114670480000005	0.024989281113254	0	0	0	0	0
0.050142898869999994	0.02478323332744631	0	0	0	0	0
0.05017112726	0.02457446559100852	0	0	0	0	0
0.05019935565	0.024362977903940666	0	0	0	0	0
0.050227584039999995	0.024180438086906522	0	0	0	0	0
0.05025581243	0.024011868602354495	0	0	0	0	0
0.05028404082	0.023839996993375225	0	0	0	0	0
0.050312269209999996	0.02366482325996876	0	0	0	0	0
0.0503404976	0.023486347402135017	0	0	0	0	0
0.05036872599	0.023304569419874036	0	0	0	0	0
0.05039695438	0.023119489313185863	0	0	0	0	0
0.05042518277	0.022931107082070402	0	0	0	0	0
0.05045341116	0.022739422726527708	0	0	0	0	0
0.05048163955	0.022544436246557824	0	0	0	0	0
0.05050986794	0.02234614764216065	0	0	0	0	0
0.050538096330000004	0.02214455691333624	0	0	0	0	0
0.05056632472	0.021939664060084643	0	0	0	0	0
0.05059455311	0.021731469082405756	0	0	0	0	0
0.050622781500000005	0.021519971980299632	0	0	0	0	0
0.05065100989	0.021305172753766324	0	0	0	0	0
0.050679238280000004	0.021072381048288263	0	0	0	0	0
0.050707466670000007	0.020814230868497652	0	0	0	0	0
0.050735695059999995	0.020557820794356987	0	0	0	0	0
0.05076392345	0.020303150825866142	0	0	0	0	0
0.05079215184	0.02005022096302518	0	0	0	0	0
0.05082038023	0.01979903120583416	0	0	0	0	0
0.05084860862	0.019549581554292962	0	0	0	0	0
0.05087683701	0.019301872008401645	0	0	0	0	0
0.0509050654	0.019055902568160272	0	0	0	0	0
0.05093329379	0.018811673233568724	0	0	0	0	0
0.05096152218	0.018569184004627058	0	0	0	0	0
0.05098975057	0.01832843488133533	0	0	0	0	0
0.05101797896	0.018089425863693425	0	0	0	0	0
0.051046207350000004	0.017852156951701406	0	0	0	0	0
0.05107443574	0.017616628145359328	0	0	0	0	0
0.05110266413	0.01738283944466707	0	0	0	0	0
0.051130892520000006	0.017152313620968165	0	0	0	0	0
0.05115912091	0.01694593256349842	0	0	0	0	0
0.051187349300000004	0.01673764984144263	0	0	0	0	0
0.05121557769000001	0.016527465454800848	0	0	0	0	0
0.05124380608	0.01631537940357312	0	0	0	0	0
0.051272034470000005	0.016101391687759346	0	0	0	0	0
0.05130026286000001	0.015885502307359575	0	0	0	0	0
0.05132849125	0.01566771126237386	0	0	0	0	0
0.05135671963999999	0.015448018552802156	0	0	0	0	0
0.05138494803	0.015226424178644341	0	0	0	0	0
0.05141317642	0.015002928139900645	0	0	0	0	0
0.051441404809999994	0.014777530436570954	0	0	0	0	0
0.0514696332	0.014550231068655153	0	0	0	0	0
0.05149786159	0.014321030036153471	0	0	0	0	0
0.051526089979999995	0.014089927339065793	0	0	0	0	0
0.051554318370000005	0.013856922977392003	0	0	0	0	0
0.05158254676	0.013622016951132338	0	0	0	0	0
0.051610775149999996	0.013385209260286675	0	0	0	0	0
0.051639003540000006	0.013146499904854898	0	0	0	0	0
0.05166723193	0.012905888884837248	0	0	0	0	0
0.05169546032	0.0126633762002336	0	0	0	0	0
0.05172368871000001	0.012418961851043835	0	0	0	0	0
0.0517519171	0.012172645837268199	0	0	0	0	0
0.05178014549	0.011924428158906566	0	0	0	0	0
0.05180837388	0.011674308815958876	0	0	0	0	0
0.051836602270000004	0.011422287808425191	0	0	0	0	0
0.05186483066	0.011168365136305574	0	0	0	0	0
0.05189305905	0.010908234250650507	0	0	0	0	0
0.05192128744	0.010642020590121745	0	0	0	0	0
0.051949515829999994	0.010372723975578759	0	0	0	0	0
0.05197774422	0.010100344407021412	0	0	0	0	0
0.05200597261	0.009824881884449771	0	0	0	0	0
0.052034200999999995	0.009546336407863905	0	0	0	0	0
0.05206242939	0.009264707977263677	0	0	0	0	0
0.05209065778	0.008979996592649154	0	0	0	0	0
0.052118886169999996	0.00869220225402041	0	0	0	0	0
0.05214711456	0.0084013249613773	0	0	0	0	0
0.05217534295	0.008107364714719897	0	0	0	0	0
0.05220357134	0.007810321514048275	0	0	0	0	0
0.05223179973	0.007510195359362284	0	0	0	0	0
0.05226002812	0.007206986250661999	0	0	0	0	0
0.05228825651	0.006905446949013045	0	0	0	0	0
0.0523164849	0.006614491365718336	0	0	0	0	0
0.052344713290000004	0.006323043475064288	0	0	0	0	0
0.05237294168	0.006031103277050971	0	0	0	0	0
0.05240117007	0.005738670771678242	0	0	0	0	0
0.052429398460000005	0.005445745958946172	0	0	0	0	0
0.05245762685	0.005152328838854837	0	0	0	0	0
0.052485855240000004	0.004858419411404086	0	0	0	0	0
0.05251408363	0.004564017676593997	0	0	0	0	0
0.052542312019999995	0.004269123634424641	0	0	0	0	0
0.05257054041	0.0039737372848958705	0	0	0	0	0
0.0525987688	0.00367785862800776	0	0	0	0	0
0.05262699719	0.0033814876637603838	0	0	0	0	0
0.05265522558	0.0030846243921535937	0	0	0	0	0
0.05268345397	0.0027872688131874625	0	0	0	0	0
0.05271168236	0.0024894209268620667	0	0	0	0	0
0.05273991075	0.0021910807331772557	0	0	0	0	0
0.05276813914	0.0018922482321331044	0	0	0	0	0
0.05279636753	0.0015929234237296885	0	0	0	0	0
0.05282459592	0.001293106307966857	0	0	0	0	0
0.052852824310000004	0.0009927968848446854	0	0	0	0	0
0.0528810527	0.0006919951543632497	0	0	0	0	0
0.05290928109	0.00039070111652239777	0	0	0	0	0
0.052937509480000006	0.0001814673313846667	0	0	0	0	0
0.05296573787	9.29261178433232e-6	0	0	0	0	0
0.052993966260000004	-0.00014314889346973283	0	0	0	0	0
0.05302219465000001	-0.000275857184377483	0	0	0	0	0
0.05305042304	-0.0003888322609388924	0	0	0	0	0
0.05307865143	-0.0004820741231540175	0	0	0	0	0
0.05310687982	-0.0005555827710228277	0	0	0	0	0
0.05313510821	-0.0006093582045453118	0	0	0	0	0
0.0531633366	-0.0006434004237214972	0	0	0	0	0
0.05319156499	-0.0006577094285513673	0	0	0	0	0
0.05321979338	-0.0006522852190349264	0	0	0	0	0
0.05324802177	-0.0006271277951721715	0	0	0	0	0
0.053276250160000004	-0.0005822371569631017	0	0	0	0	0
0.05330447855	-0.0005176133044077358	0	0	0	0	0
0.053332706939999995	-0.00043325623750606465	0	0	0	0	0
0.053360935330000005	-0.0003291659562580311	0	0	0	0	0
0.05338916372	-0.00020534246066374	0	0	0	0	0
0.053417392109999996	-0.0000617857507231438	0	0	0	0	0
0.053445620500000006	-5.770277963319558e-6	0	0	0	0	0
0.05347384889	-0.000014495410759739067	0	0	0	0	0
0.05350207728	-0.000022252607551133717	0	0	0	0	0
0.05353030567000001	-0.000029041868337506674	0	0	0	0	0
0.05355853406	-0.00003486319311885111	0	0	0	0	0
0.05358676245	-0.00003971658189517069	0	0	0	0	0
0.05361499084000001	-0.00004360203466646711	0	0	0	0	0
0.053643219230000004	-0.00004651955143273648	0	0	0	0	0
0.05367144761999999	-0.00004846913219398098	0	0	0	0	0
0.05369967601	-0.00004945077695020087	0	0	0	0	0
0.0537279044	-0.00004946448570139516	0	0	0	0	0
0.053756132789999994	-0.00004851025844756459	0	0	0	0	0
0.053784361180000004	-0.00004658809518870795	0	0	0	0	0
0.05381258957	-0.000043697995924827164	0	0	0	0	0
0.053840817959999995	-0.00003983996065592152	0	0	0	0	0
0.05386904635	-0.000035013989381989684	0	0	0	0	0
0.05389727474	-0.00002922008210303249	0	0	0	0	0
0.053925503129999997	-0.00002245823881905177	0	0	0	0	0
0.05395373152	-0.000014728459530044125	0	0	0	0	0
0.05398195991	-6.03074423601113e-6	0	0	0	0	0
0.0540101883	0.	0	0	0	0	0
0.05403841669	0.	0	0	0	0	0
0.05406664508	0.	0	0	0	0	0
0.05409487347	0.	0	0	0	0	0
0.05412310186	0.	0	0	0	0	0
0.054151330250000004	0.	0	0	0	0	0
0.05417955864	0.	0	0	0	0	0
0.05420778703	0.	0	0	0	0	0
0.054236015420000006	0.	0	0	0	0	0
0.054264243809999994	0.	0	0	0	0	0
0.0542924722	0.	0	0	0	0	0
0.05432070059	0.	0	0	0	0	0
0.054348928979999996	0.	0	0	0	0	0
0.05437715737	0.	0	0	0	0	0
0.05440538576	0.	0	0	0	0	0
0.05443361415	0.	0	0	0	0	0
0.05446184254	0.	0	0	0	0	0
0.05449007093	0.	0	0	0	0	0
0.05451829932	0.	0	0	0	0	0
0.05454652771	0.	0	0	0	0	0
0.0545747561	0.	0	0	0	0	0
0.05460298449	0.	0	0	0	0	0
0.05463121288	0.	0	0	0	0	0
0.054659441270000005	0.	0	0	0	0	0
0.05468766966	0.	0	0	0	0	0
0.05471589805	0.	0	0	0	0	0
0.054744126440000006	0.	0	0	0	0	0
0.05477235483	0.	0	0	0	0	0
0.054800583220000004	0.	0	0	0	0	0
0.05482881161000001	0.	0	0	0	0	0
0.054857039999999996	0.	0	0	0	0	0