-1.58	38.018939632056124	0	0	0	0	0
-1.57962	37.985688280763725	0	0	0	0	0
-1.57924	37.95246601109152	0	0	0	0	0
-1.5788600000000002	37.91927279760476	0	0	0	0	0
-1.57848	37.88610861489088	0	0	0	0	0
-1.5781	37.85297343755959	0	0	0	0	0
-1.57772	37.81986724024279	0	0	0	0	0
-1.57734	37.78678999759458	0	0	0	0	0
-1.5769600000000001	37.75374168429123	0	0	0	0	0
-1.57658	37.72072227503109	0	0	0	0	0
-1.5762	37.687731744534744	0	0	0	0	0
-1.57582	37.654770067544824	0	0	0	0	0
-1.5754400000000002	37.62183721882607	0	0	0	0	0
-1.5750600000000001	37.58893317316526	0	0	0	0	0
-1.57468	37.55605790537127	0	0	0	0	0
-1.5743	37.52321139027498	0	0	0	0	0
-1.57392	37.49039360272929	0	0	0	0	0
-1.5735400000000002	37.45760451760913	0	0	0	0	0
-1.5731600000000001	37.4248441098113	0	0	0	0	0
-1.57278	37.39211235425468	0	0	0	0	0
-1.5724	37.35940922588	0	0	0	0	0
-1.57202	37.32673469964995	0	0	0	0	0
-1.5716400000000001	37.294088750549115	0	0	0	0	0
-1.57126	37.26147135358392	0	0	0	0	0
-1.57088	37.2288824837827	0	0	0	0	0
-1.5705	37.19632211619559	0	0	0	0	0
-1.57012	37.16379022589457	0	0	0	0	0
-1.5697400000000001	37.131286787973444	0	0	0	0	0
-1.56936	37.09881177754772	0	0	0	0	0
-1.56898	37.06636516975476	0	0	0	0	0
-1.5686	37.033946939753605	0	0	0	0	0
-1.5682200000000002	37.00155706272508	0	0	0	0	0
-1.5678400000000001	36.96919551387164	0	0	0	0	0
-1.56746	36.93686226841751	0	0	0	0	0
-1.56708	36.90455730160853	0	0	0	0	0
-1.5667	36.87228058871221	0	0	0	0	0
-1.5663200000000002	36.84003210501771	0	0	0	0	0
-1.56594	36.80781182583574	0	0	0	0	0
-1.56556	36.77561972649866	0	0	0	0	0
-1.56518	36.7434557823604	0	0	0	0	0
-1.5648	36.71131996879641	0	0	0	0	0
-1.5644200000000001	36.67921226120374	0	0	0	0	0
-1.56404	36.64713263500087	0	0	0	0	0
-1.56366	36.61508106562785	0	0	0	0	0
-1.56328	36.58305752854618	0	0	0	0	0
-1.5629	36.551061999238826	0	0	0	0	0
-1.5625200000000001	36.51909445321022	0	0	0	0	0
-1.56214	36.48715486598617	0	0	0	0	0
-1.56176	36.455243213113924	0	0	0	0	0
-1.56138	36.423359470162104	0	0	0	0	0
-1.5610000000000002	36.391503612720726	0	0	0	0	0
-1.5606200000000001	36.3596756164011	0	0	0	0	0
-1.56024	36.327875456835905	0	0	0	0	0
-1.55986	36.29610310967914	0	0	0	0	0
-1.55948	36.26435855060607	0	0	0	0	0
-1.5591000000000002	36.232641755313274	0	0	0	0	0
-1.55872	36.200952699518524	0	0	0	0	0
-1.55834	36.16929135896087	0	0	0	0	0
-1.55796	36.137657709400585	0	0	0	0	0
-1.55758	36.106051726619135	0	0	0	0	0
-1.5572000000000001	36.07447338641918	0	0	0	0	0
-1.55682	36.042922664624484	0	0	0	0	0
-1.55644	36.011399537080024	0	0	0	0	0
-1.55606	35.97990397965189	0	0	0	0	0
-1.5556800000000002	35.94843596822726	0	0	0	0	0
-1.5553000000000001	35.9169954787144	0	0	0	0	0
-1.55492	35.88558248704265	0	0	0	0	0
-1.55454	35.85419696916242	0	0	0	0	0
-1.55416	35.82283890104515	0	0	0	0	0
-1.5537800000000002	35.79150825868329	0	0	0	0	0
-1.5534000000000001	35.760205018090254	0	0	0	0	0
-1.55302	35.728929155300484	0	0	0	0	0
-1.55264	35.697680646369356	0	0	0	0	0
-1.55226	35.6664594673732	0	0	0	0	0
-1.5518800000000001	35.63526559440928	0	0	0	0	0
-1.5515	35.60409900359573	0	0	0	0	0
-1.55112	35.57295967107158	0	0	0	0	0
-1.55074	35.54184757299676	0	0	0	0	0
-1.55036	35.510762685552024	0	0	0	0	0
-1.5499800000000001	35.47970498493898	0	0	0	0	0
-1.5496	35.44867444738001	0	0	0	0	0
-1.54922	35.41767104911831	0	0	0	0	0
-1.54884	35.38669476641789	0	0	0	0	0
-1.54846	35.35574557556347	0	0	0	0	0
-1.5480800000000001	35.32482345286055	0	0	0	0	0
-1.5477	35.29392837463531	0	0	0	0	0
-1.54732	35.26306031723467	0	0	0	0	0
-1.54694	35.23221925702622	0	0	0	0	0
-1.5465600000000002	35.20140517039826	0	0	0	0	0
-1.54618	35.170618033759645	0	0	0	0	0
-1.5458	35.13985782353996	0	0	0	0	0
-1.54542	35.109124516189375	0	0	0	0	0
-1.54504	35.07841808817864	0	0	0	0	0
-1.5446600000000001	35.04773851599909	0	0	0	0	0
-1.54428	35.01708577616263	0	0	0	0	0
-1.5439	34.98645984520169	0	0	0	0	0
-1.54352	34.95586069966926	0	0	0	0	0
-1.54314	34.92528831613878	0	0	0	0	0
-1.5427600000000001	34.89474267120427	0	0	0	0	0
-1.54238	34.8642237414801	0	0	0	0	0
-1.542	34.833731503601186	0	0	0	0	0
-1.54162	34.80326593422284	0	0	0	0	0
-1.5412400000000002	34.772827010020826	0	0	0	0	0
-1.5408600000000001	34.742414707691246	0	0	0	0	0
-1.54048	34.71202900395063	0	0	0	0	0
-1.5401	34.68166987553588	0	0	0	0	0
-1.53972	34.65133729920421	0	0	0	0	0
-1.5393400000000002	34.6210312517332	0	0	0	0	0
-1.53896	34.590751709920674	0	0	0	0	0
-1.53858	34.56049865058482	0	0	0	0	0
-1.5382	34.53027205056407	0	0	0	0	0
-1.53782	34.50007188671712	0	0	0	0	0
-1.5374400000000001	34.46989813592291	0	0	0	0	0
-1.53706	34.43975077508057	0	0	0	0	0
-1.53668	34.409629781109466	0	0	0	0	0
-1.5363	34.379535130949144	0	0	0	0	0
-1.53592	34.349466801559316	0	0	0	0	0
-1.5355400000000001	34.31942476991986	0	0	0	0	0
-1.53516	34.28940901303075	0	0	0	0	0
-1.53478	34.2594195079121	0	0	0	0	0
-1.5344	34.229456231604125	0	0	0	0	0
-1.5340200000000002	34.199519161167146	0	0	0	0	0
-1.5336400000000001	34.16960827368147	0	0	0	0	0
-1.53326	34.13972354624752	0	0	0	0	0
-1.53288	34.10986495598571	0	0	0	0	0
-1.5325	34.0800324800365	0	0	0	0	0
-1.5321200000000001	34.050226095560326	0	0	0	0	0
-1.53174	34.020445779737564	0	0	0	0	0
-1.53136	33.99069150976859	0	0	0	0	0
-1.53098	33.96096326287372	0	0	0	0	0
-1.5306	33.93126101629318	0	0	0	0	0
-1.5302200000000001	33.90158474728711	0	0	0	0	0
-1.52984	33.87193443313551	0	0	0	0	0
-1.52946	33.842310051138284	0	0	0	0	0
-1.52908	33.812711578615186	0	0	0	0	0
-1.5287	33.7831389929058	0	0	0	0	0
-1.5283200000000001	33.75359227136953	0	0	0	0	0
-1.52794	33.72407139138556	0	0	0	0	0
-1.52756	33.69457633035288	0	0	0	0	0
-1.52718	33.665107065690265	0	0	0	0	0
-1.5268000000000002	33.63566357483622	0	0	0	0	0
-1.52642	33.60624583524895	0	0	0	0	0
-1.52604	33.57685382440643	0	0	0	0	0
-1.52566	33.547487519806296	0	0	0	0	0
-1.52528	33.51814689896589	0	0	0	0	0
-1.5249000000000001	33.48883193942221	0	0	0	0	0
-1.52452	33.459542618731874	0	0	0	0	0
-1.52414	33.43027891447115	0	0	0	0	0
-1.52376	33.40104080423594	0	0	0	0	0
-1.52338	33.371828265641696	0	0	0	0	0
-1.5230000000000001	33.342641276323505	0	0	0	0	0
-1.52262	33.313479813935935	0	0	0	0	0
-1.52224	33.28434385615316	0	0	0	0	0
-1.52186	33.25523338066886	0	0	0	0	0
-1.52148	33.226148365196224	0	0	0	0	0
-1.5211000000000001	33.19708878746796	0	0	0	0	0
-1.52072	33.16805462523619	0	0	0	0	0
-1.52034	33.13904585627253	0	0	0	0	0
-1.51996	33.11006245836806	0	0	0	0	0
-1.5195800000000002	33.08110440933327	0	0	0	0	0
-1.5192	33.05217168699801	0	0	0	0	0
-1.51882	33.02326426921157	0	0	0	0	0
-1.51844	32.99438213384261	0	0	0	0	0
-1.51806	32.96552525877914	0	0	0	0	0
-1.5176800000000001	32.936693621928505	0	0	0	0	0
-1.5173	32.90788720121735	0	0	0	0	0
-1.51692	32.87910597459167	0	0	0	0	0
-1.51654	32.85034992001671	0	0	0	0	0
-1.51616	32.82161901547702	0	0	0	0	0
-1.5157800000000001	32.7929132389764	0	0	0	0	0
-1.5154	32.76423256853785	0	0	0	0	0
-1.51502	32.73557698220361	0	0	0	0	0
-1.51464	32.706946458035155	0	0	0	0	0
-1.5142600000000002	32.67834097411313	0	0	0	0	0
-1.5138800000000001	32.64976050853731	0	0	0	0	0
-1.5135	32.62120503942668	0	0	0	0	0
-1.51312	32.59267454491933	0	0	0	0	0
-1.51274	32.564169003172495	0	0	0	0	0
-1.5123600000000001	32.53568839236251	0	0	0	0	0
-1.51198	32.50723269068475	0	0	0	0	0
-1.5116	32.478801876353714	0	0	0	0	0
-1.51122	32.45039592760294	0	0	0	0	0
-1.51084	32.422014822685	0	0	0	0	0
-1.5104600000000001	32.393658539871495	0	0	0	0	0
-1.51008	32.36532705745301	0	0	0	0	0
-1.5097	32.33702035373911	0	0	0	0	0
-1.50932	32.308738407058385	0	0	0	0	0
-1.50894	32.28048119575832	0	0	0	0	0
-1.5085600000000001	32.252248698205385	0	0	0	0	0
-1.50818	32.224040892784906	0	0	0	0	0
-1.5078	32.19585775790117	0	0	0	0	0
-1.50742	32.16769927197734	0	0	0	0	0
-1.50704	32.13956541345544	0	0	0	0	0
-1.50666	32.11145616079638	0	0	0	0	0
-1.50628	32.08337149247983	0	0	0	0	0
-1.5059	32.05531138700436	0	0	0	0	0
-1.50552	32.02727582288731	0	0	0	0	0
-1.5051400000000001	31.99926477866484	0	0	0	0	0
-1.50476	31.971278232891834	0	0	0	0	0
-1.50438	31.94331616414195	0	0	0	0	0
-1.504	31.915378551007617	0	0	0	0	0
-1.50362	31.887465372099943	0	0	0	0	0
-1.5032400000000001	31.859576606048787	0	0	0	0	0
-1.50286	31.831712231502642	0	0	0	0	0
-1.50248	31.80387222712872	0	0	0	0	0
-1.5021	31.776056571612877	0	0	0	0	0
-1.50172	31.748265243659613	0	0	0	0	0
-1.5013400000000001	31.720498221992056	0	0	0	0	0
-1.50096	31.692755485351917	0	0	0	0	0
-1.50058	31.665037012499536	0	0	0	0	0
-1.5002	31.6373427822138	0	0	0	0	0
-1.4998200000000002	31.609672773292196	0	0	0	0	0
-1.49944	31.582026964550696	0	0	0	0	0
-1.49906	31.554405334823834	0	0	0	0	0
-1.49868	31.52680786296467	0	0	0	0	0
-1.4983	31.49923452784473	0	0	0	0	0
-1.4979200000000001	31.471685308354047	0	0	0	0	0
-1.49754	31.44416018340107	0	0	0	0	0
-1.49716	31.41665913191274	0	0	0	0	0
-1.49678	31.389182132834417	0	0	0	0	0
-1.4964	31.36172916512987	0	0	0	0	0
-1.4960200000000001	31.33430020778128	0	0	0	0	0
-1.49564	31.306895239789167	0	0	0	0	0
-1.49526	31.279514240172468	0	0	0	0	0
-1.49488	31.252157187968443	0	0	0	0	0
-1.4945	31.224824062232706	0	0	0	0	0
-1.4941200000000001	31.197514842039187	0	0	0	0	0
-1.49374	31.170229506480066	0	0	0	0	0
-1.49336	31.142968034665873	0	0	0	0	0
-1.49298	31.115730405725387	0	0	0	0	0
-1.4926	31.088516598805633	0	0	0	0	0
-1.49222	31.061326593071904	0	0	0	0	0
-1.49184	31.034160367707653	0	0	0	0	0
-1.49146	31.0070179019146	0	0	0	0	0
-1.49108	30.97989917491262	0	0	0	0	0
-1.4907000000000001	30.9528041659398	0	0	0	0	0
-1.49032	30.92573285425233	0	0	0	0	0
-1.48994	30.89868521912458	0	0	0	0	0
-1.48956	30.87166123984905	0	0	0	0	0
-1.48918	30.84466089573633	0	0	0	0	0
-1.4888000000000001	30.817684166115136	0	0	0	0	0
-1.48842	30.790731030332203	0	0	0	0	0
-1.48804	30.763801467752394	0	0	0	0	0
-1.48766	30.736895457758592	0	0	0	0	0
-1.4872800000000002	30.710012979751728	0	0	0	0	0
-1.4869	30.683154013150695	0	0	0	0	0
-1.48652	30.65631853739245	0	0	0	0	0
-1.48614	30.629506531931913	0	0	0	0	0
-1.48576	30.602717976241962	0	0	0	0	0
-1.4853800000000001	30.575952849813454	0	0	0	0	0
-1.485	30.549211132155136	0	0	0	0	0
-1.48462	30.522492802793725	0	0	0	0	0
-1.48424	30.495797841273816	0	0	0	0	0
-1.48386	30.469126227157904	0	0	0	0	0
-1.4834800000000001	30.442477940026382	0	0	0	0	0
-1.4831	30.415852959477434	0	0	0	0	0
-1.48272	30.389251265127154	0	0	0	0	0
-1.48234	30.36267283660944	0	0	0	0	0
-1.48196	30.33611765357601	0	0	0	0	0
-1.4815800000000001	30.309585695696374	0	0	0	0	0
-1.4812	30.283076942657797	0	0	0	0	0
-1.48082	30.256591374165346	0	0	0	0	0
-1.48044	30.23012896994183	0	0	0	0	0
-1.48006	30.203689709727783	0	0	0	0	0
-1.47968	30.177273573281475	0	0	0	0	0
-1.4793	30.15088054037884	0	0	0	0	0
-1.47892	30.124510590813543	0	0	0	0	0
-1.47854	30.098163704396907	0	0	0	0	0
-1.47816	30.071839860957905	0	0	0	0	0
-1.47778	30.045539040343172	0	0	0	0	0
-1.4774	30.01926122241693	0	0	0	0	0
-1.47702	29.993006387061047	0	0	0	0	0
-1.47664	29.96677451417497	0	0	0	0	0
-1.4762600000000001	29.94056558367575	0	0	0	0	0
-1.47588	29.91437957549796	0	0	0	0	0
-1.4755	29.888216469593758	0	0	0	0	0
-1.47512	29.862076245932812	0	0	0	0	0
-1.47474	29.835958884502332	0	0	0	0	0
-1.4743600000000001	29.809864365307032	0	0	0	0	0
-1.47398	29.78379266836907	0	0	0	0	0
-1.4736	29.757743773728123	0	0	0	0	0
-1.47322	29.731717661441305	0	0	0	0	0
-1.4728400000000001	29.705714311583204	0	0	0	0	0
-1.47246	29.679733704245766	0	0	0	0	0
-1.47208	29.65377581953841	0	0	0	0	0
-1.4717	29.62784063758793	0	0	0	0	0
-1.47132	29.601928138538508	0	0	0	0	0
-1.4709400000000001	29.5760383025517	0	0	0	0	0
-1.47056	29.550171109806364	0	0	0	0	0
-1.47018	29.52432654049875	0	0	0	0	0
-1.4698	29.4985045748424	0	0	0	0	0
-1.46942	29.472705193068176	0	0	0	0	0
-1.4690400000000001	29.446928375424232	0	0	0	0	0
-1.46866	29.42117410217596	0	0	0	0	0
-1.46828	29.39544235360606	0	0	0	0	0
-1.4679	29.36973311001445	0	0	0	0	0
-1.46752	29.344046351718283	0	0	0	0	0
-1.46714	29.31838205905194	0	0	0	0	0
-1.46676	29.292740212366972	0	0	0	0	0
-1.46638	29.267120792032138	0	0	0	0	0
-1.466	29.24152377843335	0	0	0	0	0
-1.46562	29.2159491519737	0	0	0	0	0
-1.46524	29.190396893073412	0	0	0	0	0
-1.46486	29.164866982169805	0	0	0	0	0
-1.46448	29.139359399717332	0	0	0	0	0
-1.4641	29.11387412618754	0	0	0	0	0
-1.4637200000000001	29.088411142069074	0	0	0	0	0
-1.46334	29.062970427867587	0	0	0	0	0
-1.46296	29.03755196410583	0	0	0	0	0
-1.46258	29.01215573132358	0	0	0	0	0
-1.4622	28.986781710077636	0	0	0	0	0
-1.4618200000000001	28.961429880941804	0	0	0	0	0
-1.46144	28.936100224506845	0	0	0	0	0
-1.46106	28.91079272138054	0	0	0	0	0
-1.46068	28.885507352187602	0	0	0	0	0
-1.4603	28.860244097569712	0	0	0	0	0
-1.45992	28.83500293818548	0	0	0	0	0
-1.45954	28.809783854710396	0	0	0	0	0
-1.45916	28.78458682783689	0	0	0	0	0
-1.45878	28.759411838274264	0	0	0	0	0
-1.4584000000000001	28.734258866748714	0	0	0	0	0
-1.45802	28.709127894003238	0	0	0	0	0
-1.45764	28.68401890079773	0	0	0	0	0
-1.45726	28.658931867908883	0	0	0	0	0
-1.45688	28.63386677613023	0	0	0	0	0
-1.4565000000000001	28.608823606272075	0	0	0	0	0
-1.45612	28.583802339161497	0	0	0	0	0
-1.45574	28.55880295564238	0	0	0	0	0
-1.45536	28.53382543657533	0	0	0	0	0
-1.45498	28.508869762837723	0	0	0	0	0
-1.4546000000000001	28.483935915323634	0	0	0	0	0
-1.45422	28.45902387494384	0	0	0	0	0
-1.45384	28.434133622625847	0	0	0	0	0
-1.45346	28.40926513931381	0	0	0	0	0
-1.45308	28.384418405968574	0	0	0	0	0
-1.4527	28.35959340356764	0	0	0	0	0
-1.45232	28.3347901131051	0	0	0	0	0
-1.45194	28.31000851559171	0	0	0	0	0
-1.45156	28.28524859205483	0	0	0	0	0
-1.45118	28.260510323538416	0	0	0	0	0
-1.4508	28.235793691102998	0	0	0	0	0
-1.45042	28.211098675825635	0	0	0	0	0
-1.45004	28.186425258799993	0	0	0	0	0
-1.44966	28.161773421136242	0	0	0	0	0
-1.44928	28.13714314396108	0	0	0	0	0
-1.4489	28.11253440841773	0	0	0	0	0
-1.44852	28.087947195665855	0	0	0	0	0
-1.44814	28.06338148688165	0	0	0	0	0
-1.44776	28.03883726325774	0	0	0	0	0
-1.44738	28.014314506003238	0	0	0	0	0
-1.447	27.98981319634363	0	0	0	0	0
-1.44662	27.965333315520873	0	0	0	0	0
-1.44624	27.940874844793314	0	0	0	0	0
-1.4458600000000001	27.916437765435706	0	0	0	0	0
-1.44548	27.892022058739133	0	0	0	0	0
-1.4451	27.86762770601109	0	0	0	0	0
-1.44472	27.843254688575403	0	0	0	0	0
-1.44434	27.818902987772233	0	0	0	0	0
-1.4439600000000001	27.794572584958072	0	0	0	0	0
-1.44358	27.77026346150568	0	0	0	0	0
-1.4432	27.745975598804154	0	0	0	0	0
-1.44282	27.721708978258842	0	0	0	0	0
-1.44244	27.697463581291363	0	0	0	0	0
-1.4420600000000001	27.6732393893396	0	0	0	0	0
-1.44168	27.64903638385762	0	0	0	0	0
-1.4413	27.624854546315763	0	0	0	0	0
-1.44092	27.60069385820055	0	0	0	0	0
-1.44054	27.576554301014713	0	0	0	0	0
-1.44016	27.552435856277153	0	0	0	0	0
-1.43978	27.528338505522896	0	0	0	0	0
-1.4394	27.50426223030318	0	0	0	0	0
-1.43902	27.480207012185335	0	0	0	0	0
-1.43864	27.456172832752838	0	0	0	0	0
-1.43826	27.432159673605277	0	0	0	0	0
-1.43788	27.40816751635828	0	0	0	0	0
-1.4375	27.384196342643612	0	0	0	0	0
-1.43712	27.360246134109083	0	0	0	0	0
-1.43674	27.336316872418557	0	0	0	0	0
-1.43636	27.312408539251944	0	0	0	0	0
-1.43598	27.28852111630513	0	0	0	0	0
-1.4356	27.264654585290064	0	0	0	0	0
-1.43522	27.24080892793467	0	0	0	0	0
-1.4348400000000001	27.216984125982865	0	0	0	0	0
-1.43446	27.19318016119449	0	0	0	0	0
-1.43408	27.169397015345382	0	0	0	0	0
-1.4337	27.145634670227313	0	0	0	0	0
-1.43332	27.121893107647967	0	0	0	0	0
-1.43294	27.098172309430954	0	0	0	0	0
-1.43256	27.07447225741574	0	0	0	0	0
-1.43218	27.050792933457725	0	0	0	0	0
-1.4318	27.027134319428153	0	0	0	0	0
-1.4314200000000001	27.003496397214143	0	0	0	0	0
-1.43104	26.97987914871861	0	0	0	0	0
-1.43066	26.956282555860344	0	0	0	0	0
-1.43028	26.932706600573933	0	0	0	0	0
-1.4299	26.90915126480976	0	0	0	0	0
-1.4295200000000001	26.885616530534016	0	0	0	0	0
-1.42914	26.862102379728615	0	0	0	0	0
-1.42876	26.838608794391277	0	0	0	0	0
-1.42838	26.815135756535447	0	0	0	0	0
-1.428	26.791683248190314	0	0	0	0	0
-1.4276200000000001	26.768251251400784	0	0	0	0	0
-1.42724	26.744839748227424	0	0	0	0	0
-1.42686	26.721448720746544	0	0	0	0	0
-1.42648	26.69807815105011	0	0	0	0	0
-1.4261	26.674728021245752	0	0	0	0	0
-1.42572	26.65139831345676	0	0	0	0	0
-1.42534	26.62808900982202	0	0	0	0	0
-1.42496	26.604800092496074	0	0	0	0	0
-1.42458	26.581531543649074	0	0	0	0	0
-1.4242	26.55828334546675	0	0	0	0	0
-1.42382	26.53505548015043	0	0	0	0	0
-1.42344	26.511847929916968	0	0	0	0	0
-1.42306	26.488660676998816	0	0	0	0	0
-1.42268	26.46549370364395	0	0	0	0	0
-1.4223	26.442346992115873	0	0	0	0	0
-1.42192	26.419220524693603	0	0	0	0	0
-1.42154	26.396114283671633	0	0	0	0	0
-1.42116	26.373028251359973	0	0	0	0	0
-1.42078	26.349962410084085	0	0	0	0	0
-1.4204	26.32691674218492	0	0	0	0	0
-1.42002	26.30389123001882	0	0	0	0	0
-1.41964	26.2808858559576	0	0	0	0	0
-1.41926	26.257900602388478	0	0	0	0	0
-1.4188800000000001	26.234935451714094	0	0	0	0	0
-1.4185	26.211990386352436	0	0	0	0	0
-1.41812	26.18906538873691	0	0	0	0	0
-1.41774	26.166160441316272	0	0	0	0	0
-1.41736	26.143275526554635	0	0	0	0	0
-1.4169800000000001	26.120410626931445	0	0	0	0	0
-1.4166	26.09756572494145	0	0	0	0	0
-1.41622	26.074740803094738	0	0	0	0	0
-1.41584	26.05193584391668	0	0	0	0	0
-1.41546	26.029150829947937	0	0	0	0	0
-1.4150800000000001	26.006385743744453	0	0	0	0	0
-1.4147	25.98364056787737	0	0	0	0	0
-1.41432	25.960915284933144	0	0	0	0	0
-1.41394	25.938209877513422	0	0	0	0	0
-1.41356	25.915524328235083	0	0	0	0	0
-1.41318	25.892858619730212	0	0	0	0	0
-1.4128	25.870212734646056	0	0	0	0	0
-1.41242	25.84758665564506	0	0	0	0	0
-1.41204	25.824980365404837	0	0	0	0	0
-1.41166	25.802393846618152	0	0	0	0	0
-1.41128	25.7798270819929	0	0	0	0	0
-1.4109	25.757280054252075	0	0	0	0	0
-1.41052	25.734752746133818	0	0	0	0	0
-1.41014	25.712245140391353	0	0	0	0	0
-1.40976	25.689757219792995	0	0	0	0	0
-1.40938	25.66728896712213	0	0	0	0	0
-1.409	25.644840365177174	0	0	0	0	0
-1.40862	25.622411396771618	0	0	0	0	0
-1.40824	25.600002044733984	0	0	0	0	0
-1.40786	25.577612291907787	0	0	0	0	0
-1.40748	25.555242121151593	0	0	0	0	0
-1.4071	25.5328915153389	0	0	0	0	0
-1.40672	25.510560457358217	0	0	0	0	0
-1.40634	25.488248930113034	0	0	0	0	0
-1.40596	25.46595691652178	0	0	0	0	0
-1.40558	25.443684399517796	0	0	0	0	0
-1.4052	25.421431362049386	0	0	0	0	0
-1.40482	25.399197787079753	0	0	0	0	0
-1.4044400000000001	25.376983657587022	0	0	0	0	0
-1.40406	25.354788956564153	0	0	0	0	0
-1.40368	25.332613667019032	0	0	0	0	0
-1.4033	25.31045777197438	0	0	0	0	0
-1.40292	25.28832125446778	0	0	0	0	0
-1.4025400000000001	25.26620409755165	0	0	0	0	0
-1.40216	25.24410628429321	0	0	0	0	0
-1.40178	25.222027797774505	0	0	0	0	0
-1.4014	25.19996862109238	0	0	0	0	0
-1.40102	25.17792873735846	0	0	0	0	0
-1.40064	25.15590812969915	0	0	0	0	0
-1.40026	25.13390678125558	0	0	0	0	0
-1.39988	25.111924675183655	0	0	0	0	0
-1.3995	25.089961794654002	0	0	0	0	0
-1.39912	25.068018122851974	0	0	0	0	0
-1.39874	25.046093642977635	0	0	0	0	0
-1.39836	25.024188338245704	0	0	0	0	0
-1.39798	25.002302191885622	0	0	0	0	0
-1.3976	24.980435187141488	0	0	0	0	0
-1.39722	24.958587307272047	0	0	0	0	0
-1.39684	24.9367585355507	0	0	0	0	0
-1.39646	24.914948855265454	0	0	0	0	0
-1.39608	24.89315824971894	0	0	0	0	0
-1.3957	24.871386702228417	0	0	0	0	0
-1.39532	24.849634196125702	0	0	0	0	0
-1.39494	24.827900714757224	0	0	0	0	0
-1.39456	24.806186241483932	0	0	0	0	0
-1.39418	24.784490759681365	0	0	0	0	0
-1.3938	24.76281425273958	0	0	0	0	0
-1.39342	24.741156704063194	0	0	0	0	0
-1.39304	24.719518097071287	0	0	0	0	0
-1.39266	24.697898415197475	0	0	0	0	0
-1.39228	24.676297641889864	0	0	0	0	0
-1.3919	24.654715760611026	0	0	0	0	0
-1.39152	24.63315275483801	0	0	0	0	0
-1.39114	24.611608608062287	0	0	0	0	0
-1.39076	24.590083303789786	0	0	0	0	0
-1.39038	24.568576825540866	0	0	0	0	0
-1.3900000000000001	24.547089156850312	0	0	0	0	0
-1.38962	24.525620281267255	0	0	0	0	0
-1.38924	24.504170182355267	0	0	0	0	0
-1.38886	24.48273884369228	0	0	0	0	0
-1.38848	24.461326248870584	0	0	0	0	0
-1.3881000000000001	24.439932381496835	0	0	0	0	0
-1.38772	24.41855722519199	0	0	0	0	0
-1.38734	24.397200763591364	0	0	0	0	0
-1.38696	24.37586298034458	0	0	0	0	0
-1.38658	24.35454385911555	0	0	0	0	0
-1.3862	24.3332433835825	0	0	0	0	0
-1.38582	24.31196153743788	0	0	0	0	0
-1.38544	24.290698304388446	0	0	0	0	0
-1.38506	24.269453668155197	0	0	0	0	0
-1.38468	24.248227612473357	0	0	0	0	0
-1.3843	24.227020121092398	0	0	0	0	0
-1.38392	24.205831177775966	0	0	0	0	0
-1.38354	24.18466076630194	0	0	0	0	0
-1.38316	24.163508870462376	0	0	0	0	0
-1.38278	24.14237547406351	0	0	0	0	0
-1.3824	24.121260560925748	0	0	0	0	0
-1.38202	24.10016411488361	0	0	0	0	0
-1.38164	24.079086119785803	0	0	0	0	0
-1.38126	24.05802655949512	0	0	0	0	0
-1.3808799999999999	24.036985417888495	0	0	0	0	0
-1.3805	24.015962678856972	0	0	0	0	0
-1.38012	23.994958326305632	0	0	0	0	0
-1.37974	23.973972344153676	0	0	0	0	0
-1.37936	23.953004716334366	0	0	0	0	0
-1.37898	23.932055426795017	0	0	0	0	0
-1.3786	23.911124459496953	0	0	0	0	0
-1.37822	23.890211798415564	0	0	0	0	0
-1.37784	23.86931742754023	0	0	0	0	0
-1.37746	23.848441330874355	0	0	0	0	0
-1.37708	23.827583492435323	0	0	0	0	0
-1.3767	23.806743896254478	0	0	0	0	0
-1.37632	23.785922526377156	0	0	0	0	0
-1.37594	23.765119366862642	0	0	0	0	0
-1.3755600000000001	23.744334401784165	0	0	0	0	0
-1.37518	23.72356761522886	0	0	0	0	0
-1.3748	23.702818991297807	0	0	0	0	0
-1.37442	23.682088514105978	0	0	0	0	0
-1.37404	23.661376167782244	0	0	0	0	0
-1.37366	23.640681936469363	0	0	0	0	0
-1.37328	23.620005804323934	0	0	0	0	0
-1.3729	23.59934775551644	0	0	0	0	0
-1.37252	23.5787077742312	0	0	0	0	0
-1.37214	23.55808584466637	0	0	0	0	0
-1.37176	23.537481951033932	0	0	0	0	0
-1.37138	23.516896077559633	0	0	0	0	0
-1.371	23.496328208483074	0	0	0	0	0
-1.37062	23.475778328057604	0	0	0	0	0
-1.37024	23.455246420550363	0	0	0	0	0
-1.36986	23.43473247024225	0	0	0	0	0
-1.36948	23.414236461427883	0	0	0	0	0
-1.3691	23.39375837841565	0	0	0	0	0
-1.36872	23.373298205527654	0	0	0	0	0
-1.36834	23.3528559270997	0	0	0	0	0
-1.36796	23.33243152748131	0	0	0	0	0
-1.36758	23.31202499103567	0	0	0	0	0
-1.3672	23.29163630213966	0	0	0	0	0
-1.36682	23.271265445183822	0	0	0	0	0
-1.3664399999999999	23.250912404572343	0	0	0	0	0
-1.36606	23.230577164723073	0	0	0	0	0
-1.36568	23.210259710067444	0	0	0	0	0
-1.3653	23.189960025050542	0	0	0	0	0
-1.36492	23.169678094131047	0	0	0	0	0
-1.36454	23.149413901781248	0	0	0	0	0
-1.36416	23.129167432486973	0	0	0	0	0
-1.36378	23.10893867074766	0	0	0	0	0
-1.3634	23.088727601076272	0	0	0	0	0
-1.3630200000000001	23.068534207999363	0	0	0	0	0
-1.36264	23.04835847605695	0	0	0	0	0
-1.36226	23.028200389802638	0	0	0	0	0
-1.36188	23.0080599338035	0	0	0	0	0
-1.3615	22.987937092640138	0	0	0	0	0
-1.36112	22.967831850906617	0	0	0	0	0
-1.36074	22.947744193210468	0	0	0	0	0
-1.36036	22.927674104172706	0	0	0	0	0
-1.35998	22.907621568427793	0	0	0	0	0
-1.3596	22.887586570623622	0	0	0	0	0
-1.35922	22.867569095421526	0	0	0	0	0
-1.35884	22.84756912749622	0	0	0	0	0
-1.35846	22.827586651535867	0	0	0	0	0
-1.35808	22.807621652241988	0	0	0	0	0
-1.3577	22.78767411432951	0	0	0	0	0
-1.35732	22.767744022526706	0	0	0	0	0
-1.35694	22.747831361575212	0	0	0	0	0
-1.35656	22.727936116230016	0	0	0	0	0
-1.35618	22.708058271259432	0	0	0	0	0
-1.3558	22.688197811445097	0	0	0	0	0
-1.35542	22.668354721581974	0	0	0	0	0
-1.35504	22.648528986478293	0	0	0	0	0
-1.35466	22.62872059095559	0	0	0	0	0
-1.35428	22.608929519848676	0	0	0	0	0
-1.3538999999999999	22.589155758005624	0	0	0	0	0
-1.35352	22.56939929028777	0	0	0	0	0
-1.35314	22.549660101569653	0	0	0	0	0
-1.35276	22.52993817673908	0	0	0	0	0
-1.35238	22.510233500697055	0	0	0	0	0
-1.3519999999999999	22.490546058357804	0	0	0	0	0
-1.35162	22.47087583464874	0	0	0	0	0
-1.35124	22.45122281451043	0	0	0	0	0
-1.35086	22.43158698289666	0	0	0	0	0
-1.35048	22.411968324774342	0	0	0	0	0
-1.3501	22.39236682512356	0	0	0	0	0
-1.34972	22.3727824689375	0	0	0	0	0
-1.34934	22.353215241222504	0	0	0	0	0
-1.34896	22.333665126998017	0	0	0	0	0
-1.3485800000000001	22.314132111296598	0	0	0	0	0
-1.3482	22.294616179163864	0	0	0	0	0
-1.34782	22.275117315658537	0	0	0	0	0
-1.34744	22.255635505852407	0	0	0	0	0
-1.34706	22.236170734830317	0	0	0	0	0
-1.34668	22.216722987690154	0	0	0	0	0
-1.3463	22.197292249542823	0	0	0	0	0
-1.34592	22.177878505512275	0	0	0	0	0
-1.34554	22.158481740735457	0	0	0	0	0
-1.34516	22.139101940362323	0	0	0	0	0
-1.34478	22.119739089555825	0	0	0	0	0
-1.3444	22.10039317349185	0	0	0	0	0
-1.34402	22.08106417735929	0	0	0	0	0
-1.34364	22.061752086359984	0	0	0	0	0
-1.34326	22.042456885708702	0	0	0	0	0
-1.34288	22.02317856063317	0	0	0	0	0
-1.3425	22.00391709637399	0	0	0	0	0
-1.34212	21.9846724781847	0	0	0	0	0
-1.34174	21.965444691331747	0	0	0	0	0
-1.3413599999999999	21.946233721094444	0	0	0	0	0
-1.34098	21.927039552764995	0	0	0	0	0
-1.3406	21.907862171648436	0	0	0	0	0
-1.34022	21.88870156306269	0	0	0	0	0
-1.33984	21.869557712338498	0	0	0	0	0
-1.3394599999999999	21.850430604819454	0	0	0	0	0
-1.33908	21.831320225861962	0	0	0	0	0
-1.3387	21.812226560835203	0	0	0	0	0
-1.33832	21.79314959512119	0	0	0	0	0
-1.33794	21.77408931411472	0	0	0	0	0
-1.33756	21.75504570322335	0	0	0	0	0
-1.33718	21.736018747867384	0	0	0	0	0
-1.3368	21.717008433479915	0	0	0	0	0
-1.33642	21.698014745506757	0	0	0	0	0
-1.33604	21.679037669406448	0	0	0	0	0
-1.33566	21.660077190650263	0	0	0	0	0
-1.33528	21.641133294722152	0	0	0	0	0
-1.3349	21.622205967118788	0	0	0	0	0
-1.33452	21.603295193349517	0	0	0	0	0
-1.33414	21.584400958936378	0	0	0	0	0
-1.33376	21.565523249414028	0	0	0	0	0
-1.33338	21.54666205032982	0	0	0	0	0
-1.333	21.527817347243726	0	0	0	0	0
-1.33262	21.508989125728355	0	0	0	0	0
-1.33224	21.490177371368944	0	0	0	0	0
-1.33186	21.471382069763294	0	0	0	0	0
-1.33148	21.452603206521854	0	0	0	0	0
-1.3311	21.433840767267625	0	0	0	0	0
-1.33072	21.415094737636203	0	0	0	0	0
-1.33034	21.39636510327574	0	0	0	0	0
-1.32996	21.377651849846927	0	0	0	0	0
-1.32958	21.35895496302301	0	0	0	0	0
-1.3292	21.340274428489764	0	0	0	0	0
-1.32882	21.321610231945478	0	0	0	0	0
-1.32844	21.302962359100967	0	0	0	0	0
-1.32806	21.28433079567951	0	0	0	0	0
-1.32768	21.265715527416894	0	0	0	0	0
-1.3273	21.247116540061388	0	0	0	0	0
-1.3269199999999999	21.22853381937371	0	0	0	0	0
-1.32654	21.20996735112705	0	0	0	0	0
-1.32616	21.19141712110701	0	0	0	0	0
-1.32578	21.17288311511165	0	0	0	0	0
-1.3254	21.154365318951445	0	0	0	0	0
-1.3250199999999999	21.13586371844928	0	0	0	0	0
-1.32464	21.117378299440446	0	0	0	0	0
-1.32426	21.098909047772597	0	0	0	0	0
-1.32388	21.08045594930579	0	0	0	0	0
-1.3235000000000001	21.062018989912453	0	0	0	0	0
-1.3231199999999999	21.043598155477326	0	0	0	0	0
-1.32274	21.025193431897566	0	0	0	0	0
-1.32236	21.0068048050826	0	0	0	0	0
-1.32198	20.988432260954205	0	0	0	0	0
-1.3216	20.970075785446483	0	0	0	0	0
-1.32122	20.951735364505804	0	0	0	0	0
-1.32084	20.93341098409086	0	0	0	0	0
-1.32046	20.91510263017261	0	0	0	0	0
-1.32008	20.89681028873429	0	0	0	0	0
-1.3197	20.878533945771395	0	0	0	0	0
-1.31932	20.860273587291648	0	0	0	0	0
-1.31894	20.842029199315036	0	0	0	0	0
-1.31856	20.823800767873763	0	0	0	0	0
-1.31818	20.80558827901224	0	0	0	0	0
-1.3178	20.787391718787116	0	0	0	0	0
-1.31742	20.769211073267183	0	0	0	0	0
-1.31704	20.75104632853346	0	0	0	0	0
-1.31666	20.732897470679116	0	0	0	0	0
-1.31628	20.714764485809503	0	0	0	0	0
-1.3159	20.696647360042114	0	0	0	0	0
-1.31552	20.67854607950657	0	0	0	0	0
-1.31514	20.660460630344648	0	0	0	0	0
-1.31476	20.64239099871023	0	0	0	0	0
-1.3143799999999999	20.624337170769312	0	0	0	0	0
-1.314	20.606299132700006	0	0	0	0	0
-1.31362	20.588276870692468	0	0	0	0	0
-1.31324	20.570270370948972	0	0	0	0	0
-1.31286	20.552279619683844	0	0	0	0	0
-1.3124799999999999	20.534304603123477	0	0	0	0	0
-1.3121	20.516345307506313	0	0	0	0	0
-1.31172	20.4984017190828	0	0	0	0	0
-1.31134	20.48047382411544	0	0	0	0	0
-1.31096	20.462561608878737	0	0	0	0	0
-1.3105799999999999	20.44466505965921	0	0	0	0	0
-1.3102	20.42678416275538	0	0	0	0	0
-1.30982	20.40891890447771	0	0	0	0	0
-1.30944	20.391069271148673	0	0	0	0	0
-1.3090600000000001	20.373235249102706	0	0	0	0	0
-1.3086799999999998	20.355416824686163	0	0	0	0	0
-1.3083	20.33761398425739	0	0	0	0	0
-1.30792	20.31982671418662	0	0	0	0	0
-1.30754	20.302055000856022	0	0	0	0	0
-1.30716	20.284298830659697	0	0	0	0	0
-1.30678	20.266558190003593	0	0	0	0	0
-1.3064	20.248833065305597	0	0	0	0	0
-1.30602	20.23112344299546	0	0	0	0	0
-1.30564	20.213429309514794	0	0	0	0	0
-1.30526	20.195750651317088	0	0	0	0	0
-1.30488	20.178087454867637	0	0	0	0	0
-1.3045	20.160439706643622	0	0	0	0	0
-1.30412	20.142807393134024	0	0	0	0	0
-1.30374	20.125190500839647	0	0	0	0	0
-1.30336	20.107589016273117	0	0	0	0	0
-1.30298	20.090002925958814	0	0	0	0	0
-1.3026	20.072432216432944	0	0	0	0	0
-1.30222	20.054876874243476	0	0	0	0	0
-1.3018399999999999	20.03733688595014	0	0	0	0	0
-1.30146	20.019812238124434	0	0	0	0	0
-1.30108	20.00230291734957	0	0	0	0	0
-1.3007	19.98480891022053	0	0	0	0	0
-1.30032	19.967330203343998	0	0	0	0	0
-1.2999399999999999	19.949866783338383	0	0	0	0	0
-1.29956	19.9324186368338	0	0	0	0	0
-1.29918	19.914985750472027	0	0	0	0	0
-1.2988	19.89756811090657	0	0	0	0	0
-1.29842	19.880165704802575	0	0	0	0	0
-1.2980399999999999	19.86277851883687	0	0	0	0	0
-1.29766	19.84540653969793	0	0	0	0	0
-1.29728	19.828049754085853	0	0	0	0	0
-1.2969	19.8107081487124	0	0	0	0	0
-1.29652	19.793381710300935	0	0	0	0	0
-1.2961399999999998	19.776070425586436	0	0	0	0	0
-1.29576	19.7587742813155	0	0	0	0	0
-1.29538	19.741493264246277	0	0	0	0	0
-1.295	19.724227361148532	0	0	0	0	0
-1.29462	19.706976558803607	0	0	0	0	0
-1.2942399999999998	19.689740844004348	0	0	0	0	0
-1.29386	19.67252020355524	0	0	0	0	0
-1.29348	19.655314624272233	0	0	0	0	0
-1.2931	19.63812409298284	0	0	0	0	0
-1.29272	19.620948596526105	0	0	0	0	0
-1.29234	19.60378812175255	0	0	0	0	0
-1.29196	19.586642655524223	0	0	0	0	0
-1.29158	19.569512184714657	0	0	0	0	0
-1.2912	19.552396696208866	0	0	0	0	0
-1.29082	19.535296176903337	0	0	0	0	0
-1.29044	19.518210613706	0	0	0	0	0
-1.29006	19.501139993536253	0	0	0	0	0
-1.28968	19.484084303324927	0	0	0	0	0
-1.2893	19.46704353001429	0	0	0	0	0
-1.28892	19.450017660558036	0	0	0	0	0
-1.28854	19.43300668192124	0	0	0	0	0
-1.28816	19.4160105810804	0	0	0	0	0
-1.28778	19.399029345023408	0	0	0	0	0
-1.2873999999999999	19.382062960749526	0	0	0	0	0
-1.28702	19.365111415269396	0	0	0	0	0
-1.28664	19.348174695605007	0	0	0	0	0
-1.28626	19.3312527887897	0	0	0	0	0
-1.28588	19.314345681868176	0	0	0	0	0
-1.2854999999999999	19.29745336189644	0	0	0	0	0
-1.28512	19.28057581594185	0	0	0	0	0
-1.28474	19.263713031083036	0	0	0	0	0
-1.28436	19.246864994409954	0	0	0	0	0
-1.28398	19.23003169302385	0	0	0	0	0
-1.2835999999999999	19.21321311403724	0	0	0	0	0
-1.28322	19.19640924457394	0	0	0	0	0
-1.28284	19.17962007176898	0	0	0	0	0
-1.28246	19.162845582768675	0	0	0	0	0
-1.28208	19.146085764730582	0	0	0	0	0
-1.2816999999999998	19.129340604823465	0	0	0	0	0
-1.28132	19.11261009022736	0	0	0	0	0
-1.28094	19.09589420813345	0	0	0	0	0
-1.28056	19.079192945744172	0	0	0	0	0
-1.28018	19.062506290273138	0	0	0	0	0
-1.2798	19.04583422894513	0	0	0	0	0
-1.27942	19.02917674899612	0	0	0	0	0
-1.27904	19.012533837673246	0	0	0	0	0
-1.27866	18.99590548223479	0	0	0	0	0
-1.27828	18.979291669950186	0	0	0	0	0
-1.2779	18.962692388099978	0	0	0	0	0
-1.27752	18.946107623975866	0	0	0	0	0
-1.27714	18.92953736488065	0	0	0	0	0
-1.27676	18.91298159812824	0	0	0	0	0
-1.27638	18.896440311043644	0	0	0	0	0
-1.276	18.879913490962934	0	0	0	0	0
-1.27562	18.86340112523328	0	0	0	0	0
-1.27524	18.846903201212914	0	0	0	0	0
-1.2748599999999999	18.83041970627112	0	0	0	0	0
-1.27448	18.813950627788238	0	0	0	0	0
-1.2741	18.797495953155625	0	0	0	0	0
-1.27372	18.781055669775682	0	0	0	0	0
-1.27334	18.76462976506183	0	0	0	0	0
-1.2729599999999999	18.74821822643849	0	0	0	0	0
-1.27258	18.731821041341092	0	0	0	0	0
-1.2722	18.715438197216034	0	0	0	0	0
-1.27182	18.69906968152071	0	0	0	0	0
-1.27144	18.68271548172348	0	0	0	0	0
-1.2710599999999999	18.666375585303673	0	0	0	0	0
-1.27068	18.650049979751564	0	0	0	0	0
-1.2703	18.633738652568343	0	0	0	0	0
-1.26992	18.617441591266168	0	0	0	0	0
-1.26954	18.6011587833681	0	0	0	0	0
-1.2691599999999998	18.58489021640812	0	0	0	0	0
-1.26878	18.56863587793112	0	0	0	0	0
-1.2684	18.55239575549285	0	0	0	0	0
-1.26802	18.536169836659976	0	0	0	0	0
-1.26764	18.519958109010048	0	0	0	0	0
-1.2672599999999998	18.503760560131425	0	0	0	0	0
-1.26688	18.4875771776234	0	0	0	0	0
-1.2665	18.47140794909604	0	0	0	0	0
-1.26612	18.455252862170294	0	0	0	0	0
-1.26574	18.439111904477926	0	0	0	0	0
-1.26536	18.422985063661493	0	0	0	0	0
-1.26498	18.40687232737439	0	0	0	0	0
-1.2646	18.39077368328081	0	0	0	0	0
-1.26422	18.374689119055713	0	0	0	0	0
-1.26384	18.358618622384867	0	0	0	0	0
-1.26346	18.342562180964777	0	0	0	0	0
-1.26308	18.32651978250273	0	0	0	0	0
-1.2627	18.310491414716758	0	0	0	0	0
-1.2623199999999999	18.294477065335645	0	0	0	0	0
-1.26194	18.2784767220989	0	0	0	0	0
-1.26156	18.26249037275674	0	0	0	0	0
-1.26118	18.246518005070122	0	0	0	0	0
-1.2608	18.230559606810687	0	0	0	0	0
-1.2604199999999999	18.214615165760787	0	0	0	0	0
-1.26004	18.19868466971345	0	0	0	0	0
-1.25966	18.182768106472377	0	0	0	0	0
-1.25928	18.166865463851938	0	0	0	0	0
-1.2589	18.15097672967717	0	0	0	0	0
-1.2585199999999999	18.135101891783748	0	0	0	0	0
-1.25814	18.119240938017995	0	0	0	0	0
-1.25776	18.10339385623685	0	0	0	0	0
-1.25738	18.087560634307877	0	0	0	0	0
-1.257	18.071741260109267	0	0	0	0	0
-1.2566199999999998	18.05593572152979	0	0	0	0	0
-1.25624	18.04014400646883	0	0	0	0	0
-1.25586	18.024366102836325	0	0	0	0	0
-1.25548	18.008601998552813	0	0	0	0	0
-1.2550999999999999	17.99285168154939	0	0	0	0	0
-1.2547199999999998	17.9771151397677	0	0	0	0	0
-1.25434	17.961392361159955	0	0	0	0	0
-1.25396	17.94568333368887	0	0	0	0	0
-1.25358	17.92998804532771	0	0	0	0	0
-1.2532	17.914306484060262	0	0	0	0	0
-1.2528199999999998	17.898638637880794	0	0	0	0	0
-1.25244	17.882984494794126	0	0	0	0	0
-1.25206	17.867344042815514	0	0	0	0	0
-1.25168	17.851717269970724	0	0	0	0	0
-1.2513	17.836104164296003	0	0	0	0	0
-1.25092	17.820504713838034	0	0	0	0	0
-1.25054	17.80491890665397	0	0	0	0	0
-1.25016	17.789346730811413	0	0	0	0	0
-1.24978	17.7737881743884	0	0	0	0	0
-1.2494	17.758243225473393	0	0	0	0	0
-1.24902	17.74271187216526	0	0	0	0	0
-1.24864	17.72719410257329	0	0	0	0	0
-1.24826	17.711689904817174	0	0	0	0	0
-1.2478799999999999	17.696199267026987	0	0	0	0	0
-1.2475	17.680722177343196	0	0	0	0	0
-1.24712	17.665258623916618	0	0	0	0	0
-1.24674	17.64980859490845	0	0	0	0	0
-1.24636	17.634372078490248	0	0	0	0	0
-1.2459799999999999	17.6189490628439	0	0	0	0	0
-1.2456	17.603539536161644	0	0	0	0	0
-1.24522	17.588143486646022	0	0	0	0	0
-1.24484	17.572760902509916	0	0	0	0	0
-1.24446	17.55739177197651	0	0	0	0	0
-1.2440799999999999	17.54203608327929	0	0	0	0	0
-1.2437	17.526693824662036	0	0	0	0	0
-1.24332	17.511364984378787	0	0	0	0	0
-1.24294	17.496049550693886	0	0	0	0	0
-1.2425599999999999	17.480747511881923	0	0	0	0	0
-1.2421799999999998	17.465458856227748	0	0	0	0	0
-1.2418	17.450183572026464	0	0	0	0	0
-1.24142	17.434921647583387	0	0	0	0	0
-1.24104	17.419673071214085	0	0	0	0	0
-1.2406599999999999	17.404437831244337	0	0	0	0	0
-1.2402799999999998	17.389215916010134	0	0	0	0	0
-1.2399	17.37400731385767	0	0	0	0	0
-1.23952	17.358812013143325	0	0	0	0	0
-1.23914	17.34363000223366	0	0	0	0	0
-1.23876	17.32846126950543	0	0	0	0	0
-1.23838	17.31330580334552	0	0	0	0	0
-1.238	17.298163592151013	0	0	0	0	0
-1.23762	17.283034624329115	0	0	0	0	0
-1.23724	17.267918888297178	0	0	0	0	0
-1.23686	17.252816372482695	0	0	0	0	0
-1.23648	17.23772706532324	0	0	0	0	0
-1.2361	17.222650955266552	0	0	0	0	0
-1.23572	17.207588030770438	0	0	0	0	0
-1.2353399999999999	17.192538280302813	0	0	0	0	0
-1.23496	17.17750169234169	0	0	0	0	0
-1.23458	17.162478255375124	0	0	0	0	0
-1.2342	17.14746795790127	0	0	0	0	0
-1.23382	17.13247078842833	0	0	0	0	0
-1.2334399999999999	17.11748673547456	0	0	0	0	0
-1.23306	17.10251578756827	0	0	0	0	0
-1.23268	17.08755793324777	0	0	0	0	0
-1.2323	17.072613161061415	0	0	0	0	0
-1.23192	17.05768145956759	0	0	0	0	0
-1.2315399999999999	17.04276281733466	0	0	0	0	0
-1.23116	17.027857222941012	0	0	0	0	0
-1.23078	17.012964664974998	0	0	0	0	0
-1.2304	16.998085132034966	0	0	0	0	0
-1.23002	16.98321861272923	0	0	0	0	0
-1.2296399999999998	16.96836509567608	0	0	0	0	0
-1.22926	16.95352456950375	0	0	0	0	0
-1.22888	16.938697022850405	0	0	0	0	0
-1.2285	16.923882444364178	0	0	0	0	0
-1.2281199999999999	16.909080822703103	0	0	0	0	0
-1.2277399999999998	16.894292146535154	0	0	0	0	0
-1.22736	16.87951640453821	0	0	0	0	0
-1.22698	16.864753585400038	0	0	0	0	0
-1.2266	16.850003677818318	0	0	0	0	0
-1.22622	16.83526667050061	0	0	0	0	0
-1.2258399999999998	16.820542552164326	0	0	0	0	0
-1.22546	16.805831311536803	0	0	0	0	0
-1.22508	16.791132937355172	0	0	0	0	0
-1.2247	16.776447418366455	0	0	0	0	0
-1.22432	16.761774743327514	0	0	0	0	0
-1.22394	16.74711490100502	0	0	0	0	0
-1.22356	16.732467880175484	0	0	0	0	0
-1.22318	16.71783366962524	0	0	0	0	0
-1.2227999999999999	16.70321225815042	0	0	0	0	0
-1.22242	16.688603634556962	0	0	0	0	0
-1.22204	16.67400778766058	0	0	0	0	0
-1.22166	16.659424706286785	0	0	0	0	0
-1.22128	16.64485437927085	0	0	0	0	0
-1.2208999999999999	16.630296795457827	0	0	0	0	0
-1.22052	16.615751943702517	0	0	0	0	0
-1.22014	16.60121981286945	0	0	0	0	0
-1.21976	16.586700391832924	0	0	0	0	0
-1.21938	16.572193669476952	0	0	0	0	0
-1.2189999999999999	16.557699634695275	0	0	0	0	0
-1.21862	16.543218276391354	0	0	0	0	0
-1.21824	16.528749583478326	0	0	0	0	0
-1.21786	16.514293544879052	0	0	0	0	0
-1.21748	16.49985014952608	0	0	0	0	0
-1.2170999999999998	16.485419386361627	0	0	0	0	0
-1.21672	16.471001244337593	0	0	0	0	0
-1.21634	16.456595712415517	0	0	0	0	0
-1.21596	16.442202779566617	0	0	0	0	0
-1.2155799999999999	16.42782243477175	0	0	0	0	0
-1.2151999999999998	16.4134546670214	0	0	0	0	0
-1.21482	16.39909946531571	0	0	0	0	0
-1.21444	16.384756818664396	0	0	0	0	0
-1.21406	16.370426716086822	0	0	0	0	0
-1.2136799999999999	16.356109146611942	0	0	0	0	0
-1.2132999999999998	16.341804099278317	0	0	0	0	0
-1.21292	16.327511563134088	0	0	0	0	0
-1.21254	16.31323152723696	0	0	0	0	0
-1.21216	16.29896398065423	0	0	0	0	0
-1.21178	16.28470891246275	0	0	0	0	0
-1.2113999999999998	16.270466311748905	0	0	0	0	0
-1.21102	16.256236167608677	0	0	0	0	0
-1.21064	16.242018469147524	0	0	0	0	0
-1.21026	16.227813205480466	0	0	0	0	0
-1.20988	16.213620365732048	0	0	0	0	0
-1.2095	16.199439939036292	0	0	0	0	0
-1.20912	16.185271914536767	0	0	0	0	0
-1.20874	16.171116281386503	0	0	0	0	0
-1.2083599999999999	16.15697302874804	0	0	0	0	0
-1.20798	16.14284214579339	0	0	0	0	0
-1.2076	16.12872362170402	0	0	0	0	0
-1.20722	16.114617445670874	0	0	0	0	0
-1.20684	16.10052360689435	0	0	0	0	0
-1.2064599999999999	16.08644209458428	0	0	0	0	0
-1.20608	16.072372897959962	0	0	0	0	0
-1.2057	16.058316006250074	0	0	0	0	0
-1.20532	16.044271408692754	0	0	0	0	0
-1.20494	16.030239094535542	0	0	0	0	0
-1.2045599999999999	16.016219053035382	0	0	0	0	0
-1.20418	16.002211273458613	0	0	0	0	0
-1.2038	15.988215745080954	0	0	0	0	0
-1.20342	15.974232457187512	0	0	0	0	0
-1.2030399999999999	15.96026139907277	0	0	0	0	0
-1.2026599999999998	15.946302560040559	0	0	0	0	0
-1.20228	15.932355929404089	0	0	0	0	0
-1.2019	15.918421496485886	0	0	0	0	0
-1.20152	15.904499250617832	0	0	0	0	0
-1.2011399999999999	15.89058918114114	0	0	0	0	0
-1.2007599999999998	15.876691277406344	0	0	0	0	0
-1.20038	15.862805528773293	0	0	0	0	0
-1.2	15.848931924611133	0	0	0	0	0