0.0001	0.00006267491163468737	0	0	0	0	0
0.0001532	0.00005260616343747012	0	0	0	0	0
0.0002064	0.000043230652035294035	0	0	0	0	0
0.0002596	0.00003454837742816001	0	0	0	0	0
0.0003128	0.000026559339616067217	0	0	0	0	0
0.000366	0.0000192635385990164	0	0	0	0	0
0.0004192	0.000012660974377007184	0	0	0	0	0
0.0004724	6.75164695003928e-6	0	0	0	0	0
0.0005256	1.535556318113014e-6	0	0	0	0	0
0.0005788	-2.987297518771369e-6	0	0	0	0	0
0.0006320000000000001	-6.816914560614317e-6	0	0	0	0	0
0.0006852000000000001	-9.953294807415477e-6	0	0	0	0	0
0.0007384000000000001	-0.000012396438259175202	0	0	0	0	0
0.0007916	-0.000014146344915893139	0	0	0	0	0
0.0008448	-0.000015203014777569613	0	0	0	0	0
0.000898	-0.000015566447844204354	0	0	0	0	0
0.0009512	-0.000015236644115797552	0	0	0	0	0
0.0010044	-0.000014213603592349043	0	0	0	0	0
0.0010576	-0.00001249732627385899	0	0	0	0	0
0.0011108000000000001	-0.000010087812160327258	0	0	0	0	0
0.001164	-6.9850612517539554e-6	0	0	0	0	0
0.0012172	-3.1890735481390005e-6	0	0	0	0	0
0.0012704	1.3001509505175795e-6	0	0	0	0	0
0.0013236	6.482612244215771e-6	0	0	0	0	0
0.0013768	0.000012358310332955588	0	0	0	0	0
0.00143	0.000018927245216737016	0	0	0	0	0
0.0014832	0.00002618941689556007	0	0	0	0	0
0.0015364	0.00003414482536942473	0	0	0	0	0
0.0015896	0.000042793470638331036	0	0	0	0	0
0.0016428	0.00005213535270227895	0	0	0	0	0
0.001696	0.00006217047156126849	0	0	0	0	0
0.0017492	0.00007289882721529966	0	0	0	0	0
0.0018024	0.00008432041966437243	0	0	0	0	0
0.0018556	0.00009643524890848683	0	0	0	0	0
0.0019088	0.00010924331494764286	0	0	0	0	0
0.0019619999999999998	0.00012274461778184046	0	0	0	0	0
0.0020152	0.00013889068343953982	0	0	0	0	0
0.0020683999999999998	0.00015591417867189027	0	0	0	0	0
0.0021216	0.00017323969010673947	0	0	0	0	0
0.0021747999999999997	0.00019086721774408714	0	0	0	0	0
0.002228	0.00020879676158393356	0	0	0	0	0
0.0022811999999999997	0.00022702832162627845	0	0	0	0	0
0.0023344	0.0002455618978711221	0	0	0	0	0
0.0023875999999999997	0.0002643974903184642	0	0	0	0	0
0.0024408	0.00028353509896830503	0	0	0	0	0
0.0024939999999999997	0.00030297472382064433	0	0	0	0	0
0.0025472	0.00032271636487548244	0	0	0	0	0
0.0026003999999999997	0.0003427600221328189	0	0	0	0	0
0.0026536	0.00036310569559265424	0	0	0	0	0
0.0027067999999999997	0.0003826239135275358	0	0	0	0	0
0.00276	0.0004002147033697901	0	0	0	0	0
0.0028131999999999996	0.00041880380700606834	0	0	0	0	0
0.0028664	0.000438391224436371	0	0	0	0	0
0.0029195999999999996	0.00045897695566069765	0	0	0	0	0
0.0029728	0.00048056100067904857	0	0	0	0	0
0.0030259999999999996	0.0005031433594914236	0	0	0	0	0
0.0030792	0.0005267240320978228	0	0	0	0	0
0.0031323999999999996	0.0005513030184982461	0	0	0	0	0
0.0031856	0.0005768803186926936	0	0	0	0	0
0.0032387999999999996	0.0006034559326811652	0	0	0	0	0
0.003292	0.0006313415011943088	0	0	0	0	0
0.0033451999999999996	0.0006649862192229876	0	0	0	0	0
0.0033983999999999998	0.0006986277080407368	0	0	0	0	0
0.0034515999999999995	0.0007322659676475555	0	0	0	0	0
0.0035047999999999998	0.0007659009980434445	0	0	0	0	0
0.003558	0.0007995327992284034	0	0	0	0	0
0.0036111999999999997	0.0008331613712024321	0	0	0	0	0
0.0036644	0.000866786713965531	0	0	0	0	0
0.0037175999999999997	0.0009004088275176995	0	0	0	0	0
0.0037708	0.0009340277118589384	0	0	0	0	0
0.0038239999999999997	0.000967643366989247	0	0	0	0	0
0.0038772	0.0010012557929086256	0	0	0	0	0
0.0039304	0.0010348649896170742	0	0	0	0	0
0.0039836	0.0010684709571145933	0	0	0	0	0
0.0040368	0.0011020736954011816	0	0	0	0	0
0.00409	0.00113567320447684	0	0	0	0	0
0.0041432000000000005	0.001169269484341569	0	0	0	0	0
0.0041964	0.0012028625349953673	0	0	0	0	0
0.0042496	0.0012364523564382356	0	0	0	0	0
0.0043028	0.001270038948670174	0	0	0	0	0
0.0043560000000000005	0.0013036223116911826	0	0	0	0	0
0.0044092	0.0013372024455012609	0	0	0	0	0
0.0044624	0.0013707793501004089	0	0	0	0	0
0.0045156	0.0014101341384804768	0	0	0	0	0
0.0045688000000000005	0.0014533990292394266	0	0	0	0	0
0.004622	0.0014961870308840726	0	0	0	0	0
0.0046752	0.0015384981434144154	0	0	0	0	0
0.0047284	0.001580332366830455	0	0	0	0	0
0.0047816	0.0016216897011321922	0	0	0	0	0
0.0048348	0.0016625701463196252	0	0	0	0	0
0.004888	0.0017029737023927553	0	0	0	0	0
0.0049412	0.001742900369351582	0	0	0	0	0
0.0049944	0.0017823501471961063	0	0	0	0	0
0.0050476	0.0018213230359263267	0	0	0	0	0
0.0051008	0.0018598190355422438	0	0	0	0	0
0.005154	0.0018978381460438578	0	0	0	0	0
0.0052072	0.0019353803674311693	0	0	0	0	0
0.0052604	0.0019724456997041767	0	0	0	0	0
0.0053136	0.002009034142862881	0	0	0	0	0
0.0053668000000000006	0.0020387210731885185	0	0	0	0	0
0.00542	0.002068037112133136	0	0	0	0	0
0.0054732	0.0020983514815119883	0	0	0	0	0
0.0055264	0.0021296641813250746	0	0	0	0	0
0.0055796000000000005	0.0021619752115723968	0	0	0	0	0
0.0056328	0.0021952845722539526	0	0	0	0	0
0.005686	0.002229592263369743	0	0	0	0	0
0.0057392	0.002264898284919768	0	0	0	0	0
0.0057924000000000005	0.002301202636904028	0	0	0	0	0
0.0058456	0.002338505319322522	0	0	0	0	0
0.0058988	0.002376806332175251	0	0	0	0	0
0.005952	0.002416105675462214	0	0	0	0	0
0.0060052000000000005	0.0024564033491834125	0	0	0	0	0
0.0060584	0.0024976993533388447	0	0	0	0	0
0.0061116	0.002539993687928512	0	0	0	0	0
0.0061648	0.002583286352952413	0	0	0	0	0
0.0062180000000000004	0.00262757734841055	0	0	0	0	0
0.0062712	0.0026728666743029207	0	0	0	0	0
0.0063244	0.0027191543306295256	0	0	0	0	0
0.0063776	0.0027664403173903655	0	0	0	0	0
0.0064308	0.0028147246345854404	0	0	0	0	0
0.006484	0.0028640072822147494	0	0	0	0	0
0.0065372	0.0029125375162229444	0	0	0	0	0
0.0065904	0.002958321354878138	0	0	0	0	0
0.0066436	0.0030042549505614035	0	0	0	0	0
0.0066968	0.0030503383032727395	0	0	0	0	0
0.00675	0.0030965714130121464	0	0	0	0	0
0.0068032	0.0031429542797796247	0	0	0	0	0
0.0068564	0.003189486903575175	0	0	0	0	0
0.0069096	0.0032361692843987954	0	0	0	0	0
0.0069628	0.0032830014222504874	0	0	0	0	0
0.0070160000000000005	0.0033299833171302508	0	0	0	0	0
0.0070692	0.0033771149690380847	0	0	0	0	0
0.0071224	0.00342439637797399	0	0	0	0	0
0.0071756	0.003471827543937966	0	0	0	0	0
0.0072288000000000005	0.0035194084669300145	0	0	0	0	0
0.007282	0.003567956007025758	0	0	0	0	0
0.0073352	0.0036170054697922845	0	0	0	0	0
0.0073884	0.0036664476219858506	0	0	0	0	0
0.0074416000000000005	0.0037162824636064575	0	0	0	0	0
0.0074948	0.0037665099946541034	0	0	0	0	0
0.007548	0.0038171302151287895	0	0	0	0	0
0.0076012	0.0038681431250305156	0	0	0	0	0
0.0076544000000000004	0.003919548724359283	0	0	0	0	0
0.0077076	0.003971347013115088	0	0	0	0	0
0.0077608	0.004023537991297934	0	0	0	0	0
0.007814	0.00407612165890782	0	0	0	0	0
0.0078672	0.004129098015944747	0	0	0	0	0
0.0079204	0.004182462757922616	0	0	0	0	0
0.007973599999999999	0.004236216911915173	0	0	0	0	0
0.008026799999999999	0.004290365075673884	0	0	0	0	0
0.008079999999999999	0.004344907249198749	0	0	0	0	0
0.008133199999999998	0.004399843432489766	0	0	0	0	0
0.0081864	0.004455173625546939	0	0	0	0	0
0.0082396	0.004510897828370264	0	0	0	0	0
0.0082928	0.004567016040959742	0	0	0	0	0
0.008346	0.004623528263315373	0	0	0	0	0
0.008399199999999999	0.004680434495437158	0	0	0	0	0
0.008452399999999999	0.004737734737325097	0	0	0	0	0
0.008505599999999999	0.004795428988979189	0	0	0	0	0
0.008558799999999998	0.004853517250399435	0	0	0	0	0
0.008612	0.004911989719295774	0	0	0	0	0
0.0086652	0.004970182134255775	0	0	0	0	0
0.0087184	0.005028889187863904	0	0	0	0	0
0.0087716	0.005088110880120162	0	0	0	0	0
0.008824799999999999	0.005147847211024549	0	0	0	0	0
0.008877999999999999	0.005208098180577064	0	0	0	0	0
0.008931199999999999	0.0052688637887777084	0	0	0	0	0
0.0089844	0.005330144035626485	0	0	0	0	0
0.0090376	0.0053919389211233865	0	0	0	0	0
0.0090908	0.005454248445268418	0	0	0	0	0
0.009144	0.005517072608061577	0	0	0	0	0
0.009197199999999999	0.005580411409502866	0	0	0	0	0
0.009250399999999999	0.005644264849592284	0	0	0	0	0
0.009303599999999999	0.0057119840685838155	0	0	0	0	0
0.009356799999999998	0.005781230106119618	0	0	0	0	0
0.00941	0.005850015062449044	0	0	0	0	0
0.0094632	0.005918338937572088	0	0	0	0	0
0.0095164	0.005986201731488753	0	0	0	0	0
0.0095696	0.006053603444199038	0	0	0	0	0
0.009622799999999999	0.006120544075702944	0	0	0	0	0
0.009675999999999999	0.006187023626000471	0	0	0	0	0
0.009729199999999999	0.006253042095091618	0	0	0	0	0
0.009782399999999998	0.006318599482976387	0	0	0	0	0
0.0098356	0.006383695789654777	0	0	0	0	0
0.0098888	0.0064487116316568945	0	0	0	0	0
0.009942	0.006513683974870481	0	0	0	0	0
0.0099952	0.006578002930267941	0	0	0	0	0
0.010048399999999999	0.006641668497849276	0	0	0	0	0
0.010101599999999999	0.006704680677614483	0	0	0	0	0
0.010154799999999999	0.006767039469563564	0	0	0	0	0
0.010207999999999998	0.006828744873696518	0	0	0	0	0
0.0102612	0.006889796890013349	0	0	0	0	0
0.0103144	0.00695019551851405	0	0	0	0	0
0.0103676	0.007009940759198626	0	0	0	0	0
0.0104208	0.007069032612067074	0	0	0	0	0
0.010473999999999999	0.007127471077119397	0	0	0	0	0
0.010527199999999999	0.007185256154355593	0	0	0	0	0
0.010580399999999998	0.007242387843775662	0	0	0	0	0
0.0106336	0.007298866145379606	0	0	0	0	0
0.0106868	0.007354691059167423	0	0	0	0	0
0.01074	0.007409862585139113	0	0	0	0	0
0.0107932	0.007464380723294676	0	0	0	0	0
0.010846399999999999	0.0075182454736341135	0	0	0	0	0
0.010899599999999999	0.007573898343827129	0	0	0	0	0
0.010952799999999999	0.0076357788143441635	0	0	0	0	0
0.011005999999999998	0.0076987666069892775	0	0	0	0	0
0.0110592	0.007762861721762474	0	0	0	0	0
0.0111124	0.007828064158663748	0	0	0	0	0
0.0111656	0.007894373917693102	0	0	0	0	0
0.0112188	0.007961790998850535	0	0	0	0	0
0.011271999999999999	0.00803031540213605	0	0	0	0	0
0.011325199999999999	0.008099947127549642	0	0	0	0	0
0.011378399999999999	0.008170686175091316	0	0	0	0	0
0.011431599999999998	0.00824253254476107	0	0	0	0	0
0.0114848	0.008315187244729247	0	0	0	0	0
0.011538	0.008383581992540693	0	0	0	0	0
0.0115912	0.008452166909191134	0	0	0	0	0
0.0116444	0.008520941994680573	0	0	0	0	0
0.011697599999999999	0.008589907249009005	0	0	0	0	0
0.011750799999999999	0.008659062672176435	0	0	0	0	0
0.011803999999999999	0.00872840826418286	0	0	0	0	0
0.011857199999999998	0.008797944025028282	0	0	0	0	0
0.0119104	0.008867669954712701	0	0	0	0	0
0.0119636	0.008937586053236114	0	0	0	0	0
0.0120168	0.009007692320598523	0	0	0	0	0
0.012069999999999999	0.009077988756799927	0	0	0	0	0
0.012123199999999999	0.009148475361840328	0	0	0	0	0
0.012176399999999999	0.009219152135719725	0	0	0	0	0
0.012229599999999998	0.009290019078438117	0	0	0	0	0
0.0122828	0.009361076189995508	0	0	0	0	0
0.012336	0.009432323470391893	0	0	0	0	0
0.0123892	0.009503760919627274	0	0	0	0	0
0.0124424	0.00957544031315397	0	0	0	0	0
0.012495599999999999	0.00964801407357645	0	0	0	0	0
0.012548799999999999	0.0097208570371411	0	0	0	0	0
0.012601999999999999	0.00979396920384792	0	0	0	0	0
0.012655199999999998	0.00986735057369691	0	0	0	0	0
0.0127084	0.009941001146688073	0	0	0	0	0
0.0127616	0.010014920922821401	0	0	0	0	0
0.0128148	0.0100891099020969	0	0	0	0	0
0.012868	0.010163568084514569	0	0	0	0	0
0.012921199999999999	0.010238295470074406	0	0	0	0	0
0.012974399999999999	0.010313292058776414	0	0	0	0	0
0.013027599999999999	0.010388557850620593	0	0	0	0	0
0.013080799999999998	0.01046409284560694	0	0	0	0	0
0.013134	0.01053989704373546	0	0	0	0	0
0.0131872	0.010615970445006147	0	0	0	0	0
0.0132404	0.010692313049419004	0	0	0	0	0
0.0132936	0.01076892485697403	0	0	0	0	0
0.013346799999999999	0.01084491429730501	0	0	0	0	0
0.013399999999999999	0.010917668128839514	0	0	0	0	0
0.013453199999999998	0.010990393598282359	0	0	0	0	0
0.013506399999999998	0.011063090705633546	0	0	0	0	0
0.0135596	0.011135759450893073	0	0	0	0	0
0.0136128	0.011208399834060941	0	0	0	0	0
0.013666	0.011281011855137147	0	0	0	0	0
0.013719199999999999	0.011353595514121696	0	0	0	0	0
0.013772399999999999	0.011426150811014583	0	0	0	0	0
0.013825599999999999	0.011498677745815812	0	0	0	0	0
0.013878799999999998	0.011571176318525382	0	0	0	0	0
0.013932	0.011643646529143294	0	0	0	0	0
0.0139852	0.011716088377669544	0	0	0	0	0
0.0140384	0.011788501864104135	0	0	0	0	0
0.0140916	0.011860886988447067	0	0	0	0	0
0.014144799999999999	0.011933243750698338	0	0	0	0	0
0.014197999999999999	0.01200557215085795	0	0	0	0	0
0.014251199999999999	0.012077872188925903	0	0	0	0	0
0.014304399999999998	0.012150143864902195	0	0	0	0	0
0.0143576	0.012221957371731422	0	0	0	0	0
0.0144108	0.012290265394278924	0	0	0	0	0
0.014464	0.012359082735683275	0	0	0	0	0
0.0145172	0.01242840939594447	0	0	0	0	0
0.014570399999999999	0.01249824537506251	0	0	0	0	0
0.014623599999999999	0.0125685906730374	0	0	0	0	0
0.014676799999999999	0.012639445289869131	0	0	0	0	0
0.014729999999999998	0.012710809225557711	0	0	0	0	0
0.0147832	0.01278268248010314	0	0	0	0	0
0.0148364	0.01285506505350541	0	0	0	0	0
0.0148896	0.01292795694576453	0	0	0	0	0
0.0149428	0.013001358156880494	0	0	0	0	0
0.014995999999999999	0.013075268686853303	0	0	0	0	0
0.015049199999999999	0.01314968853568296	0	0	0	0	0
0.015102399999999998	0.013224617703369461	0	0	0	0	0
0.015155599999999998	0.013300056189912809	0	0	0	0	0
0.0152088	0.01337918104256668	0	0	0	0	0
0.015262	0.013463564452606071	0	0	0	0	0
0.0153152	0.013547325386820377	0	0	0	0	0
0.015368399999999999	0.013630463845209596	0	0	0	0	0
0.015421599999999999	0.013712979827773726	0	0	0	0	0
0.015474799999999999	0.01379487333451277	0	0	0	0	0
0.015527999999999998	0.013876144365426729	0	0	0	0	0
0.0155812	0.013956792920515604	0	0	0	0	0
0.0156344	0.014036818999779387	0	0	0	0	0
0.0156876	0.014116222603218086	0	0	0	0	0
0.0157408	0.014195003730831697	0	0	0	0	0
0.015794	0.014273162382620221	0	0	0	0	0
0.0158472	0.014350698558583659	0	0	0	0	0
0.0159004	0.01442761225872201	0	0	0	0	0
0.0159536	0.014503903483035274	0	0	0	0	0
0.016006799999999998	0.01457957223152345	0	0	0	0	0
0.016059999999999998	0.014648250798972187	0	0	0	0	0
0.016113199999999998	0.014713944303826916	0	0	0	0	0
0.016166399999999997	0.014780742656930086	0	0	0	0	0
0.0162196	0.0148486458582817	0	0	0	0	0
0.0162728	0.014917653907881748	0	0	0	0	0
0.016326	0.014987766805730237	0	0	0	0	0
0.0163792	0.015058984551827167	0	0	0	0	0
0.0164324	0.015131307146172534	0	0	0	0	0
0.0164856	0.015204734588766342	0	0	0	0	0
0.0165388	0.01527926687960859	0	0	0	0	0
0.016592	0.015354904018699277	0	0	0	0	0
0.0166452	0.015431646006038404	0	0	0	0	0
0.0166984	0.015509492841625972	0	0	0	0	0
0.0167516	0.015588444525461978	0	0	0	0	0
0.016804799999999998	0.015668501057546424	0	0	0	0	0
0.016857999999999998	0.01574966243787931	0	0	0	0	0
0.016911199999999998	0.015831928666460635	0	0	0	0	0
0.016964399999999998	0.015915299743290402	0	0	0	0	0
0.017017599999999997	0.015999775668368608	0	0	0	0	0
0.0170708	0.016085356441695255	0	0	0	0	0
0.017124	0.01617204206327034	0	0	0	0	0
0.0171772	0.016259832533093866	0	0	0	0	0
0.0172304	0.01634872785116583	0	0	0	0	0
0.0172836	0.016438728017486234	0	0	0	0	0
0.0173368	0.016529833032055075	0	0	0	0	0
0.01739	0.01662204289487236	0	0	0	0	0
0.0174432	0.01671535760593808	0	0	0	0	0
0.0174964	0.01679965498755389	0	0	0	0	0
0.0175496	0.01687793776776085	0	0	0	0	0
0.0176028	0.016955286644965286	0	0	0	0	0
0.017655999999999998	0.017031701619167203	0	0	0	0	0
0.017709199999999998	0.017107182690366596	0	0	0	0	0
0.017762399999999998	0.017181729858563467	0	0	0	0	0
0.017815599999999997	0.017255343123757816	0	0	0	0	0
0.0178688	0.017328022485949647	0	0	0	0	0
0.017922	0.017399767945138953	0	0	0	0	0
0.0179752	0.017470579501325738	0	0	0	0	0
0.0180284	0.017540457154509997	0	0	0	0	0
0.0180816	0.01760940090469174	0	0	0	0	0
0.0181348	0.017677410751870955	0	0	0	0	0
0.018188	0.01774448669604765	0	0	0	0	0
0.0182412	0.017810628737221824	0	0	0	0	0
0.0182944	0.017875836875393476	0	0	0	0	0
0.0183476	0.01794998992105792	0	0	0	0	0
0.0184008	0.0180253868550237	0	0	0	0	0
0.018453999999999998	0.018101148801987633	0	0	0	0	0
0.018507199999999998	0.018177275761949725	0	0	0	0	0
0.018560399999999998	0.018253767734909977	0	0	0	0	0
0.018613599999999998	0.018330624720868386	0	0	0	0	0
0.018666799999999997	0.01840784671982495	0	0	0	0	0
0.01872	0.01848543373177968	0	0	0	0	0
0.0187732	0.018563385756732567	0	0	0	0	0
0.0188264	0.018641702794683607	0	0	0	0	0
0.0188796	0.018720384845632806	0	0	0	0	0
0.0189328	0.018799431909580163	0	0	0	0	0
0.018986	0.01887884398652568	0	0	0	0	0
0.0190392	0.01895862107646935	0	0	0	0	0
0.0190924	0.019036421306019395	0	0	0	0	0
0.0191456	0.019109073100419132	0	0	0	0	0
0.0191988	0.019181991915303398	0	0	0	0	0
0.019252	0.019255177750672193	0	0	0	0	0
0.019305199999999998	0.01932863060652552	0	0	0	0	0
0.019358399999999998	0.01940235048286338	0	0	0	0	0
0.019411599999999998	0.01947633737968577	0	0	0	0	0
0.019464799999999997	0.01955059129699269	0	0	0	0	0
0.019518	0.019625112234784147	0	0	0	0	0
0.0195712	0.01969990019306013	0	0	0	0	0
0.0196244	0.019774955171820645	0	0	0	0	0
0.0196776	0.01985027717106569	0	0	0	0	0
0.0197308	0.019925866190795265	0	0	0	0	0
0.019784	0.02000172223100937	0	0	0	0	0
0.0198372	0.02007784529170801	0	0	0	0	0
0.0198904	0.02015423537289118	0	0	0	0	0
0.0199436	0.02023089247455888	0	0	0	0	0
0.0199968	0.020309890851355834	0	0	0	0	0
0.02005	0.020391172846724658	0	0	0	0	0
0.020103199999999998	0.020471847920743476	0	0	0	0	0
0.020156399999999998	0.020551916073412287	0	0	0	0	0
0.020209599999999998	0.02063137730473109	0	0	0	0	0
0.020262799999999997	0.02071023161469989	0	0	0	0	0
0.020315999999999997	0.02078847900331868	0	0	0	0	0
0.0203692	0.02086611947058747	0	0	0	0	0
0.0204224	0.020943153016506247	0	0	0	0	0
0.0204756	0.02101957964107502	0	0	0	0	0
0.0205288	0.021095399344293785	0	0	0	0	0
0.020582	0.021170852289704566	0	0	0	0	0
0.0206352	0.021246547825021955	0	0	0	0	0
0.0206884	0.02132143772886101	0	0	0	0	0
0.0207416	0.021395522001221728	0	0	0	0	0
0.0207948	0.021468800642104116	0	0	0	0	0
0.020848	0.02154127365150817	0	0	0	0	0
0.020901199999999998	0.02161294102943389	0	0	0	0	0
0.020954399999999998	0.021683802775881274	0	0	0	0	0
0.021007599999999998	0.02175385889085033	0	0	0	0	0
0.021060799999999998	0.021823109374341045	0	0	0	0	0
0.021113999999999997	0.02189155422635343	0	0	0	0	0
0.0211672	0.021959193446887487	0	0	0	0	0
0.0212204	0.022026027035943203	0	0	0	0	0
0.0212736	0.02207939830800204	0	0	0	0	0
0.0213268	0.022132440390490622	0	0	0	0	0
0.02138	0.02218794720064126	0	0	0	0	0
0.0214332	0.022245918738453954	0	0	0	0	0
0.0214864	0.022306355003928705	0	0	0	0	0
0.0215396	0.02236925599706551	0	0	0	0	0
0.0215928	0.022434621717864377	0	0	0	0	0
0.021646	0.0225024521663253	0	0	0	0	0
0.0216992	0.02257274734244828	0	0	0	0	0
0.021752399999999998	0.022645507246233314	0	0	0	0	0
0.021805599999999998	0.022734025599282018	0	0	0	0	0
0.021858799999999998	0.022826862090927838	0	0	0	0	0
0.021911999999999997	0.02291821984476824	0	0	0	0	0
0.021965199999999997	0.023008098860803225	0	0	0	0	0
0.0220184	0.023096499139032802	0	0	0	0	0
0.0220716	0.023183420679456956	0	0	0	0	0
0.0221248	0.023268863482075693	0	0	0	0	0
0.022178	0.023352827546889016	0	0	0	0	0
0.0222312	0.02343531287389692	0	0	0	0	0
0.0222844	0.02351631946309941	0	0	0	0	0
0.0223376	0.023595847314496484	0	0	0	0	0
0.0223908	0.02367389642808814	0	0	0	0	0
0.022444	0.02375046680387438	0	0	0	0	0
0.0224972	0.023825558441855205	0	0	0	0	0
0.022550399999999998	0.023899171342030612	0	0	0	0	0
0.022603599999999998	0.023971305504400606	0	0	0	0	0
0.022656799999999998	0.02404196092896518	0	0	0	0	0
0.022709999999999998	0.024115939238793443	0	0	0	0	0
0.022763199999999997	0.02419061482174663	0	0	0	0	0
0.0228164	0.02426528735812387	0	0	0	0	0
0.0228696	0.02433995684792515	0	0	0	0	0
0.0229228	0.024414623291150468	0	0	0	0	0
0.022976	0.024489286687799833	0	0	0	0	0
0.0230292	0.02456394703787324	0	0	0	0	0
0.0230824	0.02463860434137069	0	0	0	0	0
0.0231356	0.024713258598292185	0	0	0	0	0
0.0231888	0.024787909808637723	0	0	0	0	0
0.023242	0.024862557972407304	0	0	0	0	0
0.0232952	0.02493720308960093	0	0	0	0	0
0.0233484	0.025011845160218597	0	0	0	0	0
0.023401599999999998	0.025077663929072937	0	0	0	0	0
0.023454799999999998	0.025128968138368128	0	0	0	0	0
0.023507999999999998	0.025181267532247163	0	0	0	0	0
0.023561199999999997	0.02523456211071005	0	0	0	0	0
0.023614399999999997	0.025288851873756783	0	0	0	0	0
0.0236676	0.025344136821387364	0	0	0	0	0
0.0237208	0.025400416953601793	0	0	0	0	0
0.023774	0.025457692270400067	0	0	0	0	0
0.0238272	0.02551596277178219	0	0	0	0	0
0.0238804	0.02557522845774816	0	0	0	0	0
0.0239336	0.025635489328297976	0	0	0	0	0
0.0239868	0.02569674538343164	0	0	0	0	0
0.02404	0.025758996623149153	0	0	0	0	0
0.0240932	0.025822243047450514	0	0	0	0	0
0.0241464	0.025886484656335723	0	0	0	0	0
0.024199599999999998	0.025951721449804777	0	0	0	0	0
0.024252799999999998	0.02601795342785768	0	0	0	0	0
0.024305999999999998	0.02608518059049443	0	0	0	0	0
0.024359199999999998	0.02615340293771503	0	0	0	0	0
0.024412399999999997	0.026222620469519474	0	0	0	0	0
0.0244656	0.02629283318590777	0	0	0	0	0
0.0245188	0.02636404108687991	0	0	0	0	0
0.024572	0.0264362441724359	0	0	0	0	0
0.0246252	0.026501315306811518	0	0	0	0	0
0.0246784	0.026564908201396467	0	0	0	0	0
0.0247316	0.026627983255589054	0	0	0	0	0
0.0247848	0.026690540469389287	0	0	0	0	0
0.024838	0.026752579842797164	0	0	0	0	0
0.0248912	0.02681410137581268	0	0	0	0	0
0.0249444	0.02687510506843584	0	0	0	0	0
0.0249976	0.026935590920666646	0	0	0	0	0
0.025050799999999998	0.02699555893250509	0	0	0	0	0
0.025103999999999998	0.02705500910395118	0	0	0	0	0
0.025157199999999998	0.027113941435004913	0	0	0	0	0
0.025210399999999997	0.027172355925666285	0	0	0	0	0
0.025263599999999997	0.02723308926797047	0	0	0	0	0
0.0253168	0.027296554862811524	0	0	0	0	0
0.02537	0.027360347595954473	0	0	0	0	0
0.0254232	0.027424467467399318	0	0	0	0	0
0.0254764	0.02748891447714606	0	0	0	0	0
0.0255296	0.027553688625194698	0	0	0	0	0
0.0255828	0.027618789911545233	0	0	0	0	0
0.025636	0.027684218336197667	0	0	0	0	0
0.0256892	0.027749973899151997	0	0	0	0	0
0.0257424	0.027816056600408222	0	0	0	0	0
0.0257956	0.027882466439966346	0	0	0	0	0
0.025848799999999998	0.027949203417826366	0	0	0	0	0
0.025901999999999998	0.028016267533988285	0	0	0	0	0
0.025955199999999998	0.028083484034022617	0	0	0	0	0
0.026008399999999997	0.028145129224476723	0	0	0	0	0
0.026061599999999997	0.02820586839479061	0	0	0	0	0
0.0261148	0.02826570154496427	0	0	0	0	0
0.026168	0.028324628674997705	0	0	0	0	0
0.0262212	0.028382649784890916	0	0	0	0	0
0.0262744	0.028439764874643902	0	0	0	0	0
0.0263276	0.028495973944256663	0	0	0	0	0
0.0263808	0.0285512769937292	0	0	0	0	0
0.026434	0.028605674023061512	0	0	0	0	0
0.0264872	0.028659165032253603	0	0	0	0	0
0.0265404	0.02871175002130547	0	0	0	0	0
0.0265936	0.02876342899021711	0	0	0	0	0
0.026646799999999998	0.028814201938988527	0	0	0	0	0
0.026699999999999998	0.02885854524525923	0	0	0	0	0
0.026753199999999998	0.028898804973925527	0	0	0	0	0
0.026806399999999998	0.028940059720507755	0	0	0	0	0
0.026859599999999997	0.028982309485005905	0	0	0	0	0
0.026912799999999997	0.02902555426741998	0	0	0	0	0
0.026966	0.029069794067749982	0	0	0	0	0
0.0270192	0.02911502888599591	0	0	0	0	0
0.0270724	0.02916125872215776	0	0	0	0	0
0.0271256	0.029208483576235535	0	0	0	0	0
0.0271788	0.029256703448229237	0	0	0	0	0
0.027232	0.029305918338138864	0	0	0	0	0
0.0272852	0.029357772039496903	0	0	0	0	0
0.0273384	0.029413761770613497	0	0	0	0	0
0.0273916	0.02946975336053497	0	0	0	0	0
0.0274448	0.02952574680926133	0	0	0	0	0
0.027497999999999998	0.029581742116792566	0	0	0	0	0
0.027551199999999998	0.029637739283128687	0	0	0	0	0
0.027604399999999998	0.029693738308269685	0	0	0	0	0
0.027657599999999997	0.029749739192215564	0	0	0	0	0
0.027710799999999997	0.029805741934966323	0	0	0	0	0
0.027764	0.02986174653652197	0	0	0	0	0
0.0278172	0.029917752996882492	0	0	0	0	0
0.0278704	0.029973761316047894	0	0	0	0	0
0.0279236	0.030029771494018177	0	0	0	0	0
0.0279768	0.03008578353079334	0	0	0	0	0
0.02803	0.03014179742637339	0	0	0	0	0
0.0280832	0.030197813180758315	0	0	0	0	0
0.0281364	0.03025383079394812	0	0	0	0	0
0.0281896	0.03030985026594281	0	0	0	0	0
0.0282428	0.030365871596742377	0	0	0	0	0
0.028295999999999998	0.030421894786346826	0	0	0	0	0
0.028349199999999998	0.030477657792098364	0	0	0	0	0
0.028402399999999998	0.030529460914455377	0	0	0	0	0
0.028455599999999998	0.03058043207857618	0	0	0	0	0
0.028508799999999997	0.03063057128446078	0	0	0	0	0
0.028561999999999997	0.03067987853210917	0	0	0	0	0
0.0286152	0.030728353821521354	0	0	0	0	0
0.0286684	0.030775997152697326	0	0	0	0	0
0.0287216	0.030822808525637093	0	0	0	0	0
0.0287748	0.030868787940340654	0	0	0	0	0
0.028828	0.030913935396808003	0	0	0	0	0
0.0288812	0.030958250895039147	0	0	0	0	0
0.0289344	0.031001734435034085	0	0	0	0	0
0.0289876	0.03104438601679281	0	0	0	0	0
0.0290408	0.031086205640315334	0	0	0	0	0
0.029094	0.031127231533128446	0	0	0	0	0
0.029147199999999998	0.031168327637634382	0	0	0	0	0
0.029200399999999998	0.0312096984795007	0	0	0	0	0
0.029253599999999998	0.0312513440587274	0	0	0	0	0
0.029306799999999997	0.03129326437531448	0	0	0	0	0
0.029359999999999997	0.03133545942926194	0	0	0	0	0
0.0294132	0.03137792922056979	0	0	0	0	0
0.0294664	0.031420673749238015	0	0	0	0	0
0.0295196	0.031463693015266615	0	0	0	0	0
0.0295728	0.031506987018655605	0	0	0	0	0
0.029626	0.03155055575940497	0	0	0	0	0
0.0296792	0.03159439923751472	0	0	0	0	0
0.0297324	0.03163851745298484	0	0	0	0	0
0.0297856	0.031682910405815355	0	0	0	0	0
0.0298388	0.031727578096006244	0	0	0	0	0
0.029892	0.031772520523557515	0	0	0	0	0
0.029945199999999998	0.03181773768846917	0	0	0	0	0
0.029998399999999998	0.031863229590741206	0	0	0	0	0
0.030051599999999998	0.03190899623037362	0	0	0	0	0
0.030104799999999998	0.03195503760736641	0	0	0	0	0
0.030157999999999997	0.031999049461322406	0	0	0	0	0
0.030211199999999997	0.032038231627713624	0	0	0	0	0
0.0302644	0.03207654300276715	0	0	0	0	0
0.0303176	0.032113983586482965	0	0	0	0	0
0.0303708	0.03215055337886109	0	0	0	0	0
0.030424	0.03218625237990151	0	0	0	0	0
0.0304772	0.03222108058960424	0	0	0	0	0
0.0305304	0.032255038007969264	0	0	0	0	0
0.0305836	0.032288124634996584	0	0	0	0	0
0.0306368	0.032320340470686215	0	0	0	0	0
0.03069	0.03235168551503814	0	0	0	0	0
0.0307432	0.032382159768052365	0	0	0	0	0
0.030796399999999998	0.0324117632297289	0	0	0	0	0
0.030849599999999998	0.03244049590006773	0	0	0	0	0
0.030902799999999998	0.032468357779068854	0	0	0	0	0
0.030955999999999997	0.03249534886673229	0	0	0	0	0
0.031009199999999997	0.03252146916305802	0	0	0	0	0
0.0310624	0.03254671866804606	0	0	0	0	0
0.0311156	0.03257109738169639	0	0	0	0	0
0.0311688	0.032594605304009025	0	0	0	0	0
0.031222	0.032617989787565686	0	0	0	0	0
0.0312752	0.032646585811854215	0	0	0	0	0
0.0313284	0.03267477421811317	0	0	0	0	0
0.0313816	0.03270255500634254	0	0	0	0	0
0.0314348	0.03272992817654233	0	0	0	0	0
0.031488	0.03275689372871254	0	0	0	0	0
0.031541200000000005	0.03278345166285316	0	0	0	0	0
0.0315944	0.0328096019789642	0	0	0	0	0
0.031647600000000005	0.03283534467704567	0	0	0	0	0
0.0317008	0.03286067975709755	0	0	0	0	0
0.031754000000000004	0.03288560721911985	0	0	0	0	0
0.0318072	0.03291012706311257	0	0	0	0	0
0.031860400000000004	0.032934239289075705	0	0	0	0	0
0.0319136	0.03295794389700926	0	0	0	0	0
0.031966800000000004	0.03298124088691324	0	0	0	0	0
0.03202	0.033002919000376434	0	0	0	0	0
0.0320732	0.033023288687530565	0	0	0	0	0
0.0321264	0.033043658374684697	0	0	0	0	0
0.0321796	0.03306402806183883	0	0	0	0	0
0.0322328	0.03308439774899296	0	0	0	0	0
0.032286	0.03310476743614709	0	0	0	0	0
0.032339200000000005	0.03312513712330122	0	0	0	0	0
0.0323924	0.033145506810455354	0	0	0	0	0
0.032445600000000005	0.033165876497609485	0	0	0	0	0
0.0324988	0.03318624618476362	0	0	0	0	0
0.032552000000000005	0.03320661587191775	0	0	0	0	0
0.0326052	0.03322698555907188	0	0	0	0	0
0.032658400000000004	0.03324800274209495	0	0	0	0	0
0.0327116	0.033272688253276485	0	0	0	0	0
0.032764800000000004	0.03329659562459644	0	0	0	0	0
0.032818	0.03331972485605481	0	0	0	0	0
0.0328712	0.0333420759476516	0	0	0	0	0
0.0329244	0.033363648899386804	0	0	0	0	0
0.0329776	0.033384443711260425	0	0	0	0	0
0.0330308	0.033404460383272466	0	0	0	0	0
0.033084	0.03342369891542293	0	0	0	0	0
0.033137200000000006	0.0334421593077118	0	0	0	0	0
0.0331904	0.033459841560139085	0	0	0	0	0
0.033243600000000005	0.0334767456727048	0	0	0	0	0
0.0332968	0.03349287164540892	0	0	0	0	0
0.033350000000000005	0.033508219478251465	0	0	0	0	0
0.0334032	0.03352278917123242	0	0	0	0	0
0.033456400000000004	0.0335365807243518	0	0	0	0	0
0.0335096	0.033549594137609585	0	0	0	0	0
0.033562800000000004	0.03356182941100579	0	0	0	0	0
0.033616	0.03357328654454042	0	0	0	0	0
0.0336692	0.03358396553821347	0	0	0	0	0
0.0337224	0.033593866392024926	0	0	0	0	0
0.0337756	0.033602989105974805	0	0	0	0	0
0.0338288	0.033611333680063096	0	0	0	0	0
0.033882	0.03361890011428981	0	0	0	0	0
0.0339352	0.03362750102308494	0	0	0	0	0
0.0339884	0.03363737257675007	0	0	0	0	0
0.034041600000000005	0.033647046578232254	0	0	0	0	0
0.0340948	0.033656523027531506	0	0	0	0	0
0.034148000000000005	0.03366580192464781	0	0	0	0	0
0.0342012	0.033674883269581186	0	0	0	0	0
0.034254400000000004	0.033683767062331615	0	0	0	0	0
0.0343076	0.033692453302899106	0	0	0	0	0
0.034360800000000004	0.03370094199128366	0	0	0	0	0
0.034414	0.03370923312748527	0	0	0	0	0
0.0344672	0.033717326711503945	0	0	0	0	0
0.0345204	0.03372522274333968	0	0	0	0	0
0.0345736	0.03373292122299248	0	0	0	0	0
0.0346268	0.033740422150462336	0	0	0	0	0
0.03468	0.033747725525749256	0	0	0	0	0
0.0347332	0.033764228797518524	0	0	0	0	0
0.0347864	0.03378034600268629	0	0	0	0	0
0.034839600000000005	0.03379518744279863	0	0	0	0	0
0.0348928	0.03380875311785555	0	0	0	0	0
0.034946000000000005	0.03382104302785704	0	0	0	0	0
0.0349992	0.03383205717280311	0	0	0	0	0
0.035052400000000004	0.03384179555269375	0	0	0	0	0
0.0351056	0.03385025816752898	0	0	0	0	0
0.035158800000000004	0.03385744501730877	0	0	0	0	0
0.035212	0.03386335610203315	0	0	0	0	0
0.035265200000000003	0.0338679914217021	0	0	0	0	0
0.0353184	0.03387135097631563	0	0	0	0	0
0.0353716	0.033873434765873726	0	0	0	0	0
0.0354248	0.03387424279037641	0	0	0	0	0
0.035478	0.03387377504982366	0	0	0	0	0
0.0355312	0.033872031544215496	0	0	0	0	0
0.0355844	0.0338690122735519	0	0	0	0	0
0.035637600000000005	0.03386471723783288	0	0	0	0	0
0.0356908	0.033859146437058445	0	0	0	0	0
0.035744000000000005	0.03385229987122858	0	0	0	0	0
0.0357972	0.03384417754034329	0	0	0	0	0
0.035850400000000004	0.03383477944440258	0	0	0	0	0
0.0359036	0.03382410558340644	0	0	0	0	0
0.035956800000000004	0.03381215595735488	0	0	0	0	0
0.03601	0.0337989305662479	0	0	0	0	0
0.036063200000000004	0.03378442941008549	0	0	0	0	0
0.0361164	0.03376865248886766	0	0	0	0	0
0.0361696	0.0337515998025944	0	0	0	0	0
0.0362228	0.03373855557437248	0	0	0	0	0
0.036276	0.03372625102692913	0	0	0	0	0
0.0363292	0.03371357636365528	0	0	0	0	0
0.0363824	0.033700531584550934	0	0	0	0	0
0.036435600000000005	0.033687116689616096	0	0	0	0	0
0.0364888	0.033673331678850754	0	0	0	0	0
0.036542000000000005	0.033659176552254914	0	0	0	0	0
0.0365952	0.03364465130982858	0	0	0	0	0
0.036648400000000005	0.03362975595157174	0	0	0	0	0
0.0367016	0.03361449047748441	0	0	0	0	0
0.036754800000000004	0.03359885488756657	0	0	0	0	0
0.036808	0.033582849181818246	0	0	0	0	0
0.036861200000000004	0.033566473360239414	0	0	0	0	0
0.0369144	0.03354972742283009	0	0	0	0	0
0.0369676	0.033532611369590265	0	0	0	0	0
0.0370208	0.03351512520051994	0	0	0	0	0
0.037074	0.03349726891561912	0	0	0	0	0
0.0371272	0.033477837563242574	0	0	0	0	0
0.0371804	0.033457981605524885	0	0	0	0	0
0.0372336	0.03343775828000962	0	0	0	0	0
0.0372868	0.03341716758669675	0	0	0	0	0
0.037340000000000005	0.03339620952558631	0	0	0	0	0
0.0373932	0.03337488409667827	0	0	0	0	0
0.037446400000000005	0.03335319129997264	0	0	0	0	0
0.0374996	0.033331131135469434	0	0	0	0	0
0.037552800000000004	0.03330870360316863	0	0	0	0	0
0.037606	0.033285908703070244	0	0	0	0	0
0.037659200000000004	0.03326274643517426	0	0	0	0	0
0.0377124	0.0332392167994807	0	0	0	0	0
0.0377656	0.033215319795989545	0	0	0	0	0
0.0378188	0.033191055424700806	0	0	0	0	0
0.037872	0.033166423685614475	0	0	0	0	0
0.0379252	0.03314142457873056	0	0	0	0	0
0.0379784	0.03311605810404905	0	0	0	0	0
0.0380316	0.03309032426156996	0	0	0	0	0
0.0380848	0.03306422305129327	0	0	0	0	0
0.038138000000000005	0.033037754473219	0	0	0	0	0
0.0381912	0.033010918527347145	0	0	0	0	0
0.038244400000000005	0.0329837152136777	0	0	0	0	0
0.0382976	0.032956144532210664	0	0	0	0	0
0.038350800000000004	0.03292820648294604	0	0	0	0	0
0.038404	0.032899901065883835	0	0	0	0	0
0.038457200000000004	0.03287122828102403	0	0	0	0	0
0.0385104	0.032842188128366645	0	0	0	0	0
0.0385636	0.03281278060791167	0	0	0	0	0
0.0386168	0.03278300571965911	0	0	0	0	0
0.03867	0.03275286346360896	0	0	0	0	0
0.0387232	0.03271496047101955	0	0	0	0	0
0.0387764	0.032672088770749445	0	0	0	0	0
0.0388296	0.032629138621006706	0	0	0	0	0
0.0388828	0.03258611002179131	0	0	0	0	0
0.038936000000000005	0.03254300297310329	0	0	0	0	0
0.0389892	0.03249981747494262	0	0	0	0	0
0.039042400000000005	0.03245655352730931	0	0	0	0	0
0.0390956	0.032413211130203366	0	0	0	0	0
0.039148800000000004	0.03236979028362477	0	0	0	0	0
0.039202	0.032326290987573544	0	0	0	0	0
0.039255200000000004	0.03228271324204967	0	0	0	0	0
0.0393084	0.03223905704705316	0	0	0	0	0
0.039361600000000004	0.032195322402584006	0	0	0	0	0
0.0394148	0.03215150930864222	0	0	0	0	0
0.039468	0.03210761776522778	0	0	0	0	0
0.0395212	0.03206364777234071	0	0	0	0	0
0.0395744	0.03201959932998099	0	0	0	0	0
0.0396276	0.03197547243814864	0	0	0	0	0
0.0396808	0.03193126709684364	0	0	0	0	0
0.039734000000000005	0.031886983306066	0	0	0	0	0
0.0397872	0.03184428684304598	0	0	0	0	0
0.039840400000000005	0.03180376507582579	0	0	0	0	0
0.0398936	0.031762339643208855	0	0	0	0	0
0.039946800000000005	0.031720010545195174	0	0	0	0	0
0.04	0.03167677778178475	0	0	0	0	0
0.040053200000000004	0.03163264135297758	0	0	0	0	0
0.0401064	0.03158760125877367	0	0	0	0	0
0.040159600000000004	0.03154165749917301	0	0	0	0	0
0.0402128	0.031494810074175615	0	0	0	0	0
0.040266	0.031447058983781466	0	0	0	0	0
0.0403192	0.031398404227990576	0	0	0	0	0
0.0403724	0.03134884580680294	0	0	0	0	0
0.0404256	0.031298383720218564	0	0	0	0	0
0.0404788	0.031247017968237433	0	0	0	0	0
0.040532	0.031194748550859568	0	0	0	0	0
0.0405852	0.03114157546808495	0	0	0	0	0
0.040638400000000005	0.03108749871991359	0	0	0	0	0
0.0406916	0.03103251830634549	0	0	0	0	0
0.040744800000000005	0.030976634227380638	0	0	0	0	0
0.040798	0.03091984648301905	0	0	0	0	0
0.040851200000000004	0.030862155073260712	0	0	0	0	0
0.0409044	0.030803559998105634	0	0	0	0	0
0.040957600000000004	0.030744061257553804	0	0	0	0	0
0.0410108	0.030683658851605237	0	0	0	0	0
0.041064	0.030622352780259918	0	0	0	0	0
0.0411172	0.03055795358654145	0	0	0	0	0
0.0411704	0.03049103198535875	0	0	0	0	0
0.0412236	0.030422723823764153	0	0	0	0	0
0.0412768	0.030353029101757644	0	0	0	0	0
0.04133	0.03028194781933924	0	0	0	0	0
0.0413832	0.030209479976508923	0	0	0	0	0
0.041436400000000005	0.0301356255732667	0	0	0	0	0
0.0414896	0.030060384609612585	0	0	0	0	0
0.041542800000000005	0.029983757085546552	0	0	0	0	0
0.041596	0.02990574300106863	0	0	0	0	0
0.041649200000000004	0.02982634235617879	0	0	0	0	0
0.0417024	0.029745555150877057	0	0	0	0	0
0.041755600000000004	0.02966338138516341	0	0	0	0	0
0.0418088	0.02958157781021892	0	0	0	0	0
0.041862	0.029509082814331847	0	0	0	0	0
0.0419152	0.029436884544566905	0	0	0	0	0
0.0419684	0.029364983000924078	0	0	0	0	0
0.0420216	0.029293378183403378	0	0	0	0	0
0.0420748	0.029222070092004792	0	0	0	0	0
0.042128	0.029151058726728334	0	0	0	0	0
0.0421812	0.02908034408757399	0	0	0	0	0
0.042234400000000005	0.02900992617454177	0	0	0	0	0
0.0422876	0.028939804987631674	0	0	0	0	0
0.042340800000000005	0.028869980526843694	0	0	0	0	0
0.042394	0.028800452792177845	0	0	0	0	0
0.042447200000000004	0.028731221783634107	0	0	0	0	0
0.0425004	0.0286622875012125	0	0	0	0	0
0.042553600000000004	0.028593649944913004	0	0	0	0	0
0.0426068	0.02852530911473564	0	0	0	0	0
0.042660000000000003	0.028457265010680386	0	0	0	0	0
0.0427132	0.028389517632747264	0	0	0	0	0
0.0427664	0.028320823886983246	0	0	0	0	0
0.0428196	0.028245564718246723	0	0	0	0	0
0.0428728	0.028169418250834216	0	0	0	0	0
0.042926	0.02809238448474575	0	0	0	0	0
0.0429792	0.028014463419981296	0	0	0	0	0
0.043032400000000005	0.027935655056540873	0	0	0	0	0
0.0430856	0.027855959394424486	0	0	0	0	0
0.043138800000000005	0.027775376433632117	0	0	0	0	0
0.043192	0.02769390617416379	0	0	0	0	0
0.043245200000000004	0.027611548616019475	0	0	0	0	0
0.0432984	0.0275283037591992	0	0	0	0	0
0.043351600000000004	0.02744417160370294	0	0	0	0	0
0.0434048	0.027359152149530722	0	0	0	0	0
0.043458000000000004	0.027273245396682518	0	0	0	0	0
0.0435112	0.027186451345158354	0	0	0	0	0
0.0435644	0.027098769994958208	0	0	0	0	0
0.0436176	0.027010201346082098	0	0	0	0	0
0.0436708	0.026921183112724036	0	0	0	0	0
0.043724	0.02683215409512411	0	0	0	0	0
0.0437772	0.02674206539337286	0	0	0	0	0
0.0438304	0.026650917007470305	0	0	0	0	0
0.0438836	0.026558708937416426	0	0	0	0	0
0.043936800000000005	0.026465441183211234	0	0	0	0	0
0.04399	0.02637111374485474	0	0	0	0	0
0.044043200000000005	0.02627572662234692	0	0	0	0	0
0.0440964	0.026179279815687795	0	0	0	0	0
0.044149600000000004	0.026081773324877346	0	0	0	0	0
0.0442028	0.0259832071499156	0	0	0	0	0
0.044256000000000004	0.02588358129080252	0	0	0	0	0
0.0443092	0.025782895747538143	0	0	0	0	0
0.0443624	0.025681150520122438	0	0	0	0	0
0.0444156	0.025578345608555434	0	0	0	0	0
0.0444688	0.0254744810128371	0	0	0	0	0
0.044522	0.02536955673296747	0	0	0	0	0
0.0445752	0.025264367229506035	0	0	0	0	0
0.0446284	0.025158867451067834	0	0	0	0	0
0.0446816	0.02505197772904465	0	0	0	0	0
0.044734800000000005	0.024943698063436506	0	0	0	0	0
0.044788	0.024834028454243408	0	0	0	0	0
0.044841200000000005	0.02472296890146533	0	0	0	0	0
0.0448944	0.024610519405102303	0	0	0	0	0
0.044947600000000004	0.024496679965154294	0	0	0	0	0
0.0450008	0.024381450581621337	0	0	0	0	0
0.045054000000000004	0.024264831254503398	0	0	0	0	0
0.0451072	0.024146821983800512	0	0	0	0	0
0.0451604	0.024027422769512644	0	0	0	0	0
0.0452136	0.023906633611639826	0	0	0	0	0
0.0452668	0.02378445451018203	0	0	0	0	0
0.04532	0.02366088546513928	0	0	0	0	0
0.0453732	0.023535926476511555	0	0	0	0	0
0.0454264	0.023409577544298878	0	0	0	0	0
0.0454796	0.02328183866850122	0	0	0	0	0
0.045532800000000005	0.023152709849118595	0	0	0	0	0
0.045586	0.02302219108615102	0	0	0	0	0
0.045639200000000005	0.022891994079082014	0	0	0	0	0
0.0456924	0.022767823390261552	0	0	0	0	0
0.045745600000000004	0.02264401525263973	0	0	0	0	0
0.0457988	0.022520569666216572	0	0	0	0	0
0.045852000000000004	0.022397486630992055	0	0	0	0	0
0.0459052	0.022274766146966204	0	0	0	0	0
0.0459584	0.022152408214138993	0	0	0	0	0
0.0460116	0.02203041283251045	0	0	0	0	0
0.0460648	0.021908780002080543	0	0	0	0	0
0.046118	0.021787509722849305	0	0	0	0	0
0.0461712	0.021666601994816702	0	0	0	0	0
0.0462244	0.02154605681798277	0	0	0	0	0
0.0462776	0.021425874192347476	0	0	0	0	0
0.046330800000000005	0.021299391015225717	0	0	0	0	0
0.046384	0.02117097261247353	0	0	0	0	0
0.046437200000000005	0.021041726719256044	0	0	0	0	0
0.0464904	0.02091165333557329	0	0	0	0	0
0.046543600000000004	0.020780752461425238	0	0	0	0	0
0.0465968	0.020649024096811918	0	0	0	0	0
0.046650000000000004	0.020516468241733296	0	0	0	0	0
0.0467032	0.02038308489618941	0	0	0	0	0
0.046756400000000004	0.020248874060180225	0	0	0	0	0
0.0468096	0.020113835733705773	0	0	0	0	0
0.0468628	0.019977969916766022	0	0	0	0	0
0.046916	0.019841276609361004	0	0	0	0	0
0.0469692	0.019706919412388904	0	0	0	0	0
0.0470224	0.019574730027457955	0	0	0	0	0
0.0470756	0.01944118037801037	0	0	0	0	0
0.0471288	0.01930627046404618	0	0	0	0	0
0.047182	0.019170000285565356	0	0	0	0	0
0.047235200000000005	0.019032369842567908	0	0	0	0	0
0.0472884	0.018893379135053862	0	0	0	0	0
0.047341600000000005	0.018753028163023176	0	0	0	0	0
0.0473948	0.018611316926475892	0	0	0	0	0
0.047448000000000004	0.018468245425411967	0	0	0	0	0
0.0475012	0.018323813659831444	0	0	0	0	0
0.047554400000000004	0.01817802162973428	0	0	0	0	0
0.0476076	0.018030869335120516	0	0	0	0	0
0.0476608	0.017882356775990114	0	0	0	0	0
0.047714	0.01772554287319509	0	0	0	0	0
0.0477672	0.017568684363992698	0	0	0	0	0
0.0478204	0.017411828800692378	0	0	0	0	0
0.0478736	0.017254976183294076	0	0	0	0	0
0.0479268	0.017098126511797842	0	0	0	0	0
0.04798	0.01694127978620363	0	0	0	0	0
0.048033200000000005	0.01678443600651146	0	0	0	0	0
0.0480864	0.01662759517272136	0	0	0	0	0
0.048139600000000005	0.01647075728483328	0	0	0	0	0
0.0481928	0.016313922342847266	0	0	0	0	0
0.048246000000000004	0.016157090346763277	0	0	0	0	0
0.0482992	0.016006729121605254	0	0	0	0	0
0.048352400000000004	0.015857056630168273	0	0	0	0	0
0.0484056	0.015705749087718303	0	0	0	0	0
0.0484588	0.015552806494255304	0	0	0	0	0
0.048512	0.015398228849779316	0	0	0	0	0
0.0485652	0.0152420161542903	0	0	0	0	0
0.0486184	0.015084168407788295	0	0	0	0	0
0.0486716	0.01492468561027326	0	0	0	0	0
0.0487248	0.01476356776174524	0	0	0	0	0
0.048778	0.014600814862204188	0	0	0	0	0
0.048831200000000005	0.014436426911650127	0	0	0	0	0
0.0488844	0.014266380611152681	0	0	0	0	0
0.048937600000000005	0.01409210720978886	0	0	0	0	0
0.0489908	0.013917833808425062	0	0	0	0	0
0.049044000000000004	0.01374356040706124	0	0	0	0	0
0.0490972	0.013569287005697444	0	0	0	0	0
0.049150400000000004	0.013395013604333624	0	0	0	0	0
0.0492036	0.013220740202969827	0	0	0	0	0
0.0492568	0.013046466801606007	0	0	0	0	0
0.04931	0.012872193400242211	0	0	0	0	0
0.0493632	0.012697919998878392	0	0	0	0	0
0.0494164	0.01252239441923741	0	0	0	0	0
0.0494696	0.012345410724791474	0	0	0	0	0
0.0495228	0.012169078122404755	0	0	0	0	0
0.049576	0.011993396612077205	0	0	0	0	0
0.049629200000000005	0.011818366193808851	0	0	0	0	0
0.0496824	0.011643986867599711	0	0	0	0	0
0.049735600000000005	0.011470258633449743	0	0	0	0	0
0.0497888	0.011297181491358992	0	0	0	0	0
0.049842000000000004	0.01112475544132741	0	0	0	0	0
0.0498952	0.010952980483355045	0	0	0	0	0
0.049948400000000004	0.010788187252279006	0	0	0	0	0
0.0500016	0.01063707814025995	0	0	0	0	0
0.0500548	0.010481411044604184	0	0	0	0	0
0.050108	0.010321185965311747	0	0	0	0	0
0.0501612	0.010156402902382601	0	0	0	0	0
0.0502144	0.009987061855816784	0	0	0	0	0
0.0502676	0.009813162825614256	0	0	0	0	0
0.0503208	0.00963470581177506	0	0	0	0	0
0.050374	0.009451690814299153	0	0	0	0	0
0.0504272	0.009256658112207545	0	0	0	0	0
0.0504804	0.009041894582532111	0	0	0	0	0
0.050533600000000005	0.008827871196713038	0	0	0	0	0
0.0505868	0.008614587954750353	0	0	0	0	0
0.050640000000000004	0.008402044856644001	0	0	0	0	0
0.0506932	0.00819024190239404	0	0	0	0	0
0.050746400000000004	0.007979179092000412	0	0	0	0	0
0.0507996	0.007768856425463172	0	0	0	0	0
0.050852800000000004	0.0075592739027822665	0	0	0	0	0
0.050906	0.007350431523957749	0	0	0	0	0
0.0509592	0.007142743204341219	0	0	0	0	0
0.0510124	0.00693738353400873	0	0	0	0	0
0.0510656	0.006732023015041642	0	0	0	0	0
0.0511188	0.006526661647440007	0	0	0	0	0
0.051172	0.006321299431203774	0	0	0	0	0
0.0512252	0.006115936366332994	0	0	0	0	0
0.0512784	0.005910572452827616	0	0	0	0	0
0.051331600000000005	0.0057052076906876645	0	0	0	0	0
0.0513848	0.005499842079913167	0	0	0	0	0
0.051438000000000005	0.00529447562050407	0	0	0	0	0
0.0514912	0.0050891083124604275	0	0	0	0	0
0.051544400000000004	0.004883740155782186	0	0	0	0	0
0.0515976	0.004678371150469398	0	0	0	0	0
0.051650800000000004	0.004473001296522011	0	0	0	0	0
0.051704	0.0042700155728247705	0	0	0	0	0
0.0517572	0.004068938947580795	0	0	0	0	0
0.0518104	0.003868804751007892	0	0	0	0	0
0.0518636	0.00366961298310601	0	0	0	0	0
0.0519168	0.0034713636438751996	0	0	0	0	0
0.05197	0.00327405673331541	0	0	0	0	0
0.0520232	0.003077692251426692	0	0	0	0	0
0.0520764	0.0028822701982089945	0	0	0	0	0
0.052129600000000005	0.002687790573662343	0	0	0	0	0
0.0521828	0.0024942533777867638	0	0	0	0	0
0.052236000000000005	0.002390759183220028	0	0	0	0	0
0.0522892	0.00232950805842352	0	0	0	0	0
0.052342400000000004	0.0022340414176971694	0	0	0	0	0
0.0523956	0.0021043592610410005	0	0	0	0	0
0.052448800000000004	0.0019404615884549804	0	0	0	0	0
0.052502	0.001742348399939151	0	0	0	0	0
0.0525552	0.001510019695493461	0	0	0	0	0
0.0526084	0.001243475475117971	0	0	0	0	0
0.0526616	0.0009427157388126111	0	0	0	0	0
0.0527148	0.0005350305889579544	0	0	0	0	0
0.052768	0.00016346600904494315	0	0	0	0	0
0.0528212	-0.00008346278491991275	0	0	0	0	0
0.0528744	-0.0002057557929366778	0	0	0	0	0
0.052927600000000005	-0.00020341301500531164	0	0	0	0	0
0.0529808	-0.00007643445112583892	0	0	0	0	0
0.053034000000000005	0.	0	0	0	0	0
0.0530872	0.	0	0	0	0	0
0.053140400000000004	0.	0	0	0	0	0
0.0531936	0.	0	0	0	0	0
0.053246800000000004	0.	0	0	0	0	0
0.0533	0.	0	0	0	0	0