0.1	1.50454e-14	9.90871e-13	0	4.98424e-15	1.13598e-12	0
0.3	1.02223e-13	4.43422e-12	0	2.66925e-14	2.40472e-12	0
0.5	2.34333e-13	1.19806e-11	0	4.66386e-14	3.56178e-12	0
0.7	3.58668e-13	1.7686e-11	0	5.40651e-14	3.48848e-12	0
0.9	4.55083e-13	3.08031e-11	0	6.28333e-14	3.498e-12	0
1.1	5.29367e-13	4.60685e-11	0	5.6513e-14	3.54225e-12	0
1.3	5.84828e-13	5.84436e-11	0	5.3479e-14	3.5936e-12	0
1.5	6.57458e-13	6.66632e-11	0	5.68699e-14	3.60005e-12	0
1.7	6.33196e-13	7.25833e-11	0	5.59006e-14	3.65067e-12	0
1.9	6.31636e-13	7.83151e-11	0	5.30044e-14	3.76482e-12	0
2.1	6.9096e-13	8.43598e-11	0	5.3029e-14	3.80575e-12	0
2.3	7.46736e-13	8.98844e-11	0	5.33614e-14	3.75503e-12	0
2.5	6.6319e-13	9.43129e-11	0	7.02054e-14	3.85601e-12	0
2.7	6.64023e-13	9.96843e-11	0	5.22666e-14	3.99307e-12	0
2.9	6.44486e-13	1.02698e-10	0	5.37457e-14	3.79293e-12	0
3.1	6.24463e-13	1.0398e-10	0	4.53345e-14	3.75491e-12	0
3.3	5.78375e-13	1.03024e-10	0	4.86486e-14	3.71775e-12	0
3.5	6.09551e-13	9.93122e-11	0	5.09559e-14	3.77151e-12	0
3.7	5.06851e-13	9.24404e-11	0	5.08088e-14	3.67278e-12	0
3.9	5.20806e-13	8.36617e-11	0	4.28768e-14	3.54631e-12	0
4.1	4.52685e-13	7.20692e-11	0	4.6942e-14	3.46442e-12	0
4.3	4.56157e-13	5.94678e-11	0	4.15179e-14	3.41194e-12	0
4.5	4.2143e-13	4.86388e-11	0	4.509e-14	3.24187e-12	0
4.7	3.73738e-13	3.89367e-11	0	4.9612e-14	3.09834e-12	0
4.9	3.87623e-13	3.16896e-11	0	4.40552e-14	3.02783e-12	0
5.1	3.76142e-13	2.56284e-11	0	4.83665e-14	2.92114e-12	0
5.3	3.29639e-13	2.08701e-11	0	4.54576e-14	2.75624e-12	0
5.5	3.22557e-13	1.7727e-11	0	3.84854e-14	2.67741e-12	0
5.7	3.01178e-13	1.49633e-11	0	3.66174e-14	2.60815e-12	0
5.9	2.61464e-13	1.28351e-11	0	4.02474e-14	2.4718e-12	0
6.1	2.43907e-13	1.12192e-11	0	4.02965e-14	2.48563e-12	0
6.3	2.34514e-13	1.0151e-11	0	4.10902e-14	2.38523e-12	0
6.5	2.09923e-13	9.36276e-12	0	3.94235e-14	2.39805e-12	0
6.7	1.95742e-13	8.61284e-12	0	4.41008e-14	2.32196e-12	0
6.9	1.68813e-13	8.14571e-12	0	3.91901e-14	2.20994e-12	0
7.1	1.92711e-13	7.44863e-12	0	3.57638e-14	2.14341e-12	0
7.3	1.58264e-13	7.07293e-12	0	3.66131e-14	2.21166e-12	0
7.5	1.49267e-13	6.72924e-12	0	3.81629e-14	2.23337e-12	0
7.7	1.29421e-13	6.35662e-12	0	3.48535e-14	2.15211e-12	0
7.9	1.2535e-13	5.96946e-12	0	3.81714e-14	2.23126e-12	0
8.1	1.04764e-13	5.69129e-12	0	3.37014e-14	2.23123e-12	0
8.3	1.0808e-13	5.43304e-12	0	3.16393e-14	2.12509e-12	0
8.5	1.09022e-13	5.15791e-12	0	3.1964e-14	2.20915e-12	0
8.7	9.75851e-14	4.76896e-12	0	3.8593e-14	2.18438e-12	0
8.9	1.12752e-13	4.54339e-12	0	4.23819e-14	1.95372e-12	0
9.1	8.99272e-14	4.36271e-12	0	2.36158e-14	1.95887e-12	0
9.3	9.06979e-14	4.06856e-12	0	3.31574e-14	1.96921e-12	0
9.5	9.96262e-14	3.95963e-12	0	2.53662e-14	1.88873e-12	0
9.7	8.29642e-14	3.80859e-12	0	2.79528e-14	1.78802e-12	0
9.9	8.16528e-14	3.6517e-12	0	2.42012e-14	1.81458e-12	0
10.1	7.95957e-14	3.44903e-12	0	2.57982e-14	1.67852e-12	0
10.3	7.09175e-14	3.19962e-12	0	2.6187e-14	1.55413e-12	0
10.5	7.17471e-14	3.23725e-12	0	2.62076e-14	1.60604e-12	0
10.7	6.23739e-14	3.07571e-12	0	2.67075e-14	1.48706e-12	0
10.9	6.8008e-14	3.09236e-12	0	2.09618e-14	1.52355e-12	0
11.1	6.55006e-14	2.90035e-12	0	2.50616e-14	1.3724e-12	0
11.3	6.83004e-14	2.88451e-12	0	2.19768e-14	1.45866e-12	0
11.5	6.2754e-14	2.81929e-12	0	2.16627e-14	1.42677e-12	0
11.7	4.87053e-14	2.61226e-12	0	2.14554e-14	1.22953e-12	0
11.9	6.25897e-14	2.66513e-12	0	2.74129e-14	1.24138e-12	0
12.1	5.82603e-14	2.61725e-12	0	1.98425e-14	1.19799e-12	0
12.3	4.77321e-14	2.39359e-12	0	1.84281e-14	1.1688e-12	0
12.5	4.98317e-14	2.3907e-12	0	2.4733e-14	1.19349e-12	0
12.7	5.28095e-14	2.37368e-12	0	1.90478e-14	1.08937e-12	0
12.9	5.37731e-14	2.23919e-12	0	2.05809e-14	1.0695e-12	0
13.1	5.23943e-14	2.15998e-12	0	2.49732e-14	1.01536e-12	0
13.3	4.45481e-14	2.01013e-12	0	2.15803e-14	1.03257e-12	0
13.5	4.18532e-14	2.01765e-12	0	2.02712e-14	1.01882e-12	0
13.7	5.23518e-14	1.88483e-12	0	2.01531e-14	9.42824e-13	0
13.9	3.98451e-14	1.98244e-12	0	2.34336e-14	8.08785e-13	0
14.1	4.1859e-14	2.02238e-12	0	1.70401e-14	8.42412e-13	0
14.3	5.09035e-14	1.81343e-12	0	1.91334e-14	8.8922e-13	0
14.5	3.98002e-14	1.76167e-12	0	2.0687e-14	7.57069e-13	0
14.7	3.65525e-14	1.80158e-12	0	2.5492e-14	8.23282e-13	0
14.9	4.33476e-14	1.74404e-12	0	1.87013e-14	8.25335e-13	0
15.1	4.29809e-14	1.70503e-12	0	2.04499e-14	7.35322e-13	0
15.3	3.96258e-14	1.58904e-12	0	1.60406e-14	8.13677e-13	0
15.5	3.60139e-14	1.40238e-12	0	1.74829e-14	6.78287e-13	0
15.7	3.49565e-14	1.43436e-12	0	1.9138e-14	6.71864e-13	0
15.9	3.65537e-14	1.51395e-12	0	1.46023e-14	6.04712e-13	0
16.1	2.93199e-14	1.49502e-12	0	1.25017e-14	6.62455e-13	0
16.3	3.89954e-14	1.3322e-12	0	1.43686e-14	6.08998e-13	0
16.5	2.93741e-14	1.23415e-12	0	1.06804e-14	5.91842e-13	0
16.7	2.94293e-14	1.39867e-12	0	1.31175e-14	6.24845e-13	0
16.9	3.20902e-14	1.24942e-12	0	1.28996e-14	5.59757e-13	0
17.1	2.85079e-14	1.23769e-12	0	1.253e-14	5.25149e-13	0
17.3	3.76469e-14	1.20331e-12	0	1.37074e-14	4.67792e-13	0
17.5	2.35547e-14	1.07095e-12	0	1.14303e-14	5.16787e-13	0
17.7	2.72802e-14	1.04775e-12	0	1.47077e-14	4.93635e-13	0
17.9	2.65109e-14	1.13813e-12	0	1.14232e-14	4.67933e-13	0
18.1	2.68612e-14	1.08013e-12	0	1.24643e-14	4.04035e-13	0
18.3	3.37195e-14	9.77022e-13	0	1.07146e-14	4.40327e-13	0
18.5	2.24457e-14	9.69648e-13	0	1.10238e-14	3.69796e-13	0
18.7	2.42933e-14	9.69387e-13	0	1.64066e-14	3.77033e-13	0
18.9	2.18785e-14	8.86463e-13	0	7.75771e-15	4.79358e-13	0
19.1	2.06799e-14	8.99451e-13	0	8.04419e-15	4.11715e-13	0
19.3	2.37336e-14	8.79945e-13	0	1.64235e-14	4.02597e-13	0
19.5	1.86974e-14	9.15774e-13	0	1.06265e-14	3.77383e-13	0
19.7	4.25851e-14	8.41735e-13	0	1.40835e-14	4.34378e-13	0
19.9	1.82038e-14	9.24093e-13	0	1.09503e-14	4.41857e-13	0
20.1	2.61847e-14	8.06616e-13	0	9.6806e-15	3.09259e-13	0
20.3	2.45466e-14	7.31483e-13	0	1.40938e-14	3.88953e-13	0
20.5	2.35188e-14	7.7622e-13	0	1.14048e-14	4.02999e-13	0
20.7	1.50978e-14	7.19639e-13	0	8.14098e-15	3.34001e-13	0
20.9	2.12635e-14	6.8619e-13	0	9.15911e-15	2.71433e-13	0
21.1	2.22343e-14	6.76003e-13	0	1.08675e-14	2.49396e-13	0
21.3	2.08734e-14	7.5224e-13	0	8.42915e-15	2.50998e-13	0
21.5	1.72377e-14	7.05426e-13	0	6.17669e-15	2.72454e-13	0
21.7	1.68444e-14	6.27655e-13	0	8.59287e-15	2.68676e-13	0
21.9	2.89618e-14	6.30965e-13	0	9.22311e-15	2.19968e-13	0
22.1	2.70674e-14	5.03047e-13	0	7.10282e-15	2.86919e-13	0
22.3	1.62758e-14	5.59785e-13	0	9.12688e-15	2.376e-13	0
22.5	1.99003e-14	5.31543e-13	0	6.67639e-15	1.75661e-13	0
22.7	2.01511e-14	5.4748e-13	0	7.79983e-15	9.02123e-14	0
22.9	1.36959e-14	6.02868e-13	0	4.99679e-15	1.80667e-13	0
23.1	1.17215e-14	5.41601e-13	0	7.21981e-15	2.16281e-13	0
23.3	2.82149e-14	4.69404e-13	0	6.39882e-15	2.44618e-13	0
23.5	1.55021e-14	4.75786e-13	0	8.37825e-15	1.54626e-13	0
23.7	1.24971e-14	5.89988e-13	0	5.7613e-15	1.09662e-13	0
23.9	1.22539e-14	4.87077e-13	0	6.66969e-15	1.70548e-13	0
24.1	1.56757e-14	4.50549e-13	0	5.56743e-15	1.70698e-13	0
24.3	1.24993e-14	5.18447e-13	0	8.04693e-15	1.32139e-13	0
24.5	1.4184e-14	4.77484e-13	0	5.06497e-15	1.78646e-13	0
24.7	1.2689e-14	3.82897e-13	0	4.4532e-15	1.56311e-13	0
24.9	1.23742e-14	4.61768e-13	0	7.17576e-15	1.29845e-13	0
25.1	1.08547e-14	4.19943e-13	0	5.28961e-15	1.52192e-13	0
25.3	1.61328e-14	4.29235e-13	0	3.72836e-15	1.74719e-13	0
25.5	1.05134e-14	3.71815e-13	0	5.46091e-15	1.12193e-13	0
25.7	1.04838e-14	4.17267e-13	0	4.87624e-15	1.15266e-13	0
25.9	1.44249e-14	4.32418e-13	0	5.96377e-15	9.77532e-14	0
26.1	1.06297e-14	3.59899e-13	0	4.2126e-15	1.62262e-13	0
26.3	1.28636e-14	3.50634e-13	0	5.86434e-15	1.45612e-13	0
26.5	1.02004e-14	2.94342e-13	0	3.55916e-15	9.6162e-14	0
26.7	9.17558e-15	2.97721e-13	0	4.3789e-15	1.06553e-13	0
26.9	2.09873e-14	4.01663e-13	0	3.86836e-15	9.84339e-14	0
27.1	6.02027e-15	4.47948e-13	0	3.82378e-15	1.27787e-13	0
27.3	1.73513e-14	3.05007e-13	0	3.32615e-15	8.51162e-14	0
27.5	7.25393e-15	2.83074e-13	0	4.21385e-15	1.24748e-13	0
27.7	1.07598e-14	3.67604e-13	0	2.8369e-15	9.82975e-14	0
27.9	9.44991e-15	3.26945e-13	0	5.75851e-15	8.3635e-14	0
28.1	9.14722e-15	2.54254e-13	0	4.42208e-15	4.8343e-14	0
28.3	6.25453e-15	3.6551e-13	0	3.3166e-15	7.34088e-14	0
28.5	1.01035e-14	2.29728e-13	0	5.61647e-15	1.13424e-13	0
28.7	9.61062e-15	2.78391e-13	0	3.13918e-15	9.43517e-14	0
28.9	1.44641e-14	2.55279e-13	0	1.5702e-15	1.01983e-13	0
29.1	1.96156e-14	1.96637e-13	0	1.91382e-15	7.32471e-14	0
29.3	9.2957e-15	3.0757e-13	0	2.17772e-15	1.02426e-13	0
29.5	7.98709e-15	2.61453e-13	0	1.38471e-15	4.30568e-14	0
29.7	4.34057e-15	2.90009e-13	0	1.63915e-15	6.95008e-14	0
29.9	4.57747e-15	2.69716e-13	0	3.95295e-15	5.69418e-14	0
30.1	9.21934e-15	2.40976e-13	0	5.52624e-15	8.5153e-14	0
30.3	7.43477e-15	2.60266e-13	0	1.90418e-15	4.7871e-14	0
30.5	2.45545e-14	2.56381e-13	0	3.58161e-15	9.15969e-14	0
30.7	5.97974e-15	2.28963e-13	0	4.88144e-15	3.77674e-14	0
30.9	1.00773e-14	2.07533e-13	0	1.54915e-15	7.80205e-14	0
31.1	7.45178e-15	1.9254e-13	0	4.74098e-15	7.47623e-14	0
31.3	9.18486e-15	2.13198e-13	0	2.05299e-15	2.6856e-14	0
31.5	4.35687e-15	1.81737e-13	0	2.26125e-15	5.40181e-14	0
31.7	4.70067e-15	1.84206e-13	0	2.85964e-15	5.68976e-14	0
31.9	5.36119e-15	1.78084e-13	0	2.5521e-15	2.20277e-14	0
32.1	7.48522e-15	2.27201e-13	0	6.96074e-15	3.93669e-14	0
32.3	5.28358e-15	1.67129e-13	0	4.49435e-16	5.56636e-14	0
32.5	5.1138e-15	1.87485e-13	0	3.26087e-15	1.95096e-14	0
32.7	3.16025e-15	1.70893e-13	0	2.13628e-15	3.87513e-14	0
32.9	7.26135e-15	1.62607e-13	0	1.4852e-15	3.99337e-14	0
33.1	4.11899e-15	1.29963e-13	0	1.38713e-15	4.31124e-14	0
33.3	3.86681e-15	1.75253e-13	0	8.71908e-16	2.27083e-14	0
33.5	5.98054e-15	1.31034e-13	0	4.62583e-15	4.32669e-14	0
33.7	4.46068e-15	1.55853e-13	0	1.83096e-15	2.18788e-14	0
33.9	8.53634e-15	1.17312e-13	0	7.11969e-16	1.55369e-14	0
34.1	5.85496e-15	1.16664e-13	0	4.63553e-16	4.16198e-14	0
34.3	2.40702e-14	1.12735e-13	0	1.42504e-15	3.81228e-14	0
34.5	5.65791e-15	1.30681e-13	0	2.18914e-15	5.60509e-14	0
34.7	5.15731e-15	1.15477e-13	0	1.74558e-15	1.37056e-14	0
34.9	5.10152e-15	2.20171e-13	0	1.2382e-15	1.52387e-14	0
35.1	4.76784e-15	1.03029e-13	0	1.7907e-15	1.80218e-14	0
35.3	8.79999e-15	1.41764e-13	0	5.77953e-16	3.72527e-14	0
35.5	3.19784e-15	1.0875e-13	0	1.02921e-15	1.23054e-14	0
35.7	2.17201e-15	1.33412e-13	0	1.03182e-15	1.45032e-14	0
35.9	5.89901e-15	1.05244e-13	0	1.4888e-15	1.48818e-14	0
36.1	3.59193e-15	1.11355e-13	0	0	3.58458e-14	0
36.3	3.84526e-15	1.21299e-13	0	1.70708e-15	1.22619e-14	0
36.5	4.65124e-15	9.85204e-14	0	1.42827e-15	1.65199e-14	0
36.7	2.4571e-15	1.51605e-13	0	2.54254e-15	1.27583e-14	0
36.9	9.52839e-15	9.43647e-14	0	1.40101e-15	1.68602e-14	0
37.1	5.98283e-15	1.0081e-13	0	1.13567e-15	1.2325e-14	0
37.3	2.30885e-15	9.55913e-14	0	2.6492e-15	1.13192e-14	0
37.5	5.77044e-15	1.3083e-13	0	9.4942e-16	1.10494e-14	0
37.7	5.71054e-15	1.09586e-13	0	6.04954e-16	9.87494e-15	0
37.9	7.71596e-15	9.45365e-14	0	2.28925e-15	1.23741e-14	0
38.1	6.57222e-15	9.2509e-14	0	1.29158e-15	1.33713e-14	0
38.3	4.12041e-15	9.53532e-14	0	2.63117e-15	1.71435e-14	0
38.5	3.64576e-15	1.14653e-13	0	1.76179e-15	3.80967e-14	0
38.7	6.33478e-16	9.13182e-14	0	0	9.20777e-15	0
38.9	3.64057e-15	1.1903e-13	0	1.97247e-15	7.79685e-15	0
39.1	4.51253e-15	8.57786e-14	0	5.63793e-16	1.63157e-14	0
39.3	5.397e-16	8.91595e-14	0	7.76704e-16	1.35146e-14	0
39.5	2.17618e-15	1.14502e-13	0	0	3.56373e-14	0
39.7	2.47497e-15	8.86172e-14	0	1.23869e-15	1.23964e-14	0
39.9	6.63317e-16	1.11946e-13	0	2.14101e-15	1.38101e-14	0
40.1	3.16413e-15	9.34745e-14	0	1.75461e-15	9.58993e-15	0
40.3	4.91268e-15	9.06826e-14	0	6.65473e-16	1.02199e-14	0
40.5	3.69096e-15	7.98571e-14	0	2.28637e-15	9.29262e-15	0
40.7	2.78643e-15	9.35497e-14	0	6.82393e-16	1.30186e-14	0
40.9	3.62536e-15	6.55868e-14	0	1.32737e-15	7.70184e-15	0
41.1	3.81452e-15	7.81285e-14	0	5.53519e-16	1.21905e-14	0
41.3	2.80858e-15	8.09462e-14	0	0	6.93086e-15	0
41.5	0	7.63219e-14	0	1.18172e-15	8.28757e-15	0
41.7	2.89159e-15	7.37221e-14	0	3.14709e-15	1.03716e-14	0
41.9	1.81125e-15	9.18141e-14	0	7.08745e-16	7.61501e-15	0
42.1	2.53819e-15	7.78358e-14	0	2.07244e-15	1.00934e-14	0
42.3	5.71944e-15	7.65189e-14	0	7.73401e-16	7.73848e-15	0
42.5	1.85106e-15	6.24997e-14	0	0	1.07756e-14	0
42.7	6.07098e-16	7.61149e-14	0	9.73952e-16	8.89596e-15	0
42.9	6.08432e-16	6.31694e-14	0	0	8.73213e-15	0
43.1	4.17384e-15	8.0306e-14	0	0	1.08695e-14	0
43.3	1.51995e-15	7.01344e-14	0	2.69695e-15	9.27829e-15	0
43.5	0	7.90072e-14	0	1.94162e-15	7.18423e-15	0
43.7	1.40451e-15	7.29466e-14	0	0	3.1015e-15	0
43.9	4.56767e-15	6.63503e-14	0	9.17836e-16	9.88183e-15	0
44.1	6.69468e-15	6.95904e-14	0	9.60045e-16	4.74802e-15	0
44.3	2.56112e-15	7.0861e-14	0	1.10548e-15	1.01164e-14	0
44.5	1.83723e-15	6.43994e-14	0	7.31678e-16	9.128e-15	0
44.7	9.66312e-16	5.68687e-14	0	0	5.42529e-15	0
44.9	1.97083e-15	7.69495e-14	0	0	8.19622e-15	0
45.1	2.2899e-15	6.28444e-14	0	8.70494e-16	6.06738e-15	0
45.3	1.38548e-15	5.57087e-14	0	0	7.79765e-15	0
45.5	8.34206e-16	7.38477e-14	0	0	4.48997e-15	0
45.7	9.06241e-16	7.45668e-14	0	8.03459e-16	3.959e-15	0
45.9	6.77159e-15	6.68093e-14	0	0	4.00092e-15	0
46.1	1.06999e-15	6.11421e-14	0	8.10679e-16	8.48057e-15	0
46.3	2.15278e-15	5.98401e-14	0	0	4.65331e-15	0
46.5	1.05988e-15	5.74597e-14	0	0	7.62711e-15	0
46.7	1.30954e-15	5.19299e-14	0	0	8.28299e-15	0
46.9	2.22141e-15	7.51251e-14	0	0	4.77154e-15	0
47.1	7.14401e-16	5.17321e-14	0	0	7.81396e-15	0
47.3	0	5.21914e-14	0	0	4.85068e-15	0
47.5	1.2208e-15	5.56656e-14	0	1.41159e-15	4.278e-15	0
47.7	8.50267e-16	5.98369e-14	0	0	6.16707e-15	0
47.9	2.10683e-15	5.28456e-14	0	7.57061e-16	7.4609e-15	0
48.1	3.16512e-15	6.39588e-14	0	0	6.27543e-15	0
48.3	0	6.06883e-14	0	0	8.01545e-15	0
48.5	1.48555e-15	5.09832e-14	0	0	6.27762e-15	0
48.7	3.75156e-15	5.40176e-14	0	1.67101e-15	3.85893e-15	0
48.9	0	5.44581e-14	0	0	7.13262e-15	0
49.1	8.86804e-16	5.35128e-14	0	0	5.23122e-15	0
49.3	1.23245e-15	4.28111e-14	0	0	4.61133e-15	0
49.5	1.99148e-15	4.18696e-14	0	0	3.3249e-15	0
49.7	0	5.3551e-14	0	0	5.35775e-15	0
49.9	1.78377e-15	4.9274e-14	0	0	2.70105e-15	0
50.1	1.37234e-15	5.58028e-14	0	1.96695e-15	3.39651e-15	0
50.3	1.6714e-15	5.14203e-14	0	0	2.74325e-15	0
50.5	8.42418e-16	3.94084e-14	0	0	3.45647e-15	0
50.7	0	4.11225e-14	0	9.67158e-16	4.18011e-15	0
50.9	1.66196e-15	3.72241e-14	0	0	5.62199e-15	0
51.1	1.5061e-15	3.1143e-14	0	0	2.82876e-15	0
51.3	0	4.3513e-14	0	0	3.56551e-15	0
51.5	0	3.59222e-14	0	0	2.15516e-15	0
51.7	2.32031e-15	4.42137e-14	0	9.40003e-16	3.61989e-15	0
51.9	0	4.30539e-14	0	1.07536e-15	4.38034e-15	0
52.1	2.07565e-15	5.07689e-14	0	0	2.21062e-15	0
52.3	0	4.15455e-14	0	1.10938e-15	2.96597e-15	0
52.5	0	3.51301e-14	0	0	1.49839e-15	0
52.7	0	3.6903e-14	0	0	5.26631e-15	0
52.9	1.02383e-15	3.72353e-14	0	0	2.27992e-15	0
53.1	1.19803e-15	4.20505e-14	0	0	7.65587e-16	0
53.3	0	3.84981e-14	0	0	7.68534e-16	0
53.5	0	3.56698e-14	0	0	4.6527e-15	0
53.7	0	3.51852e-14	0	0	1.56557e-15	0
53.9	9.21128e-16	4.1757e-14	0	0	5.37941e-15	0
54.1	0	3.88778e-14	0	0	3.17323e-15	0
54.3	2.66728e-15	3.11663e-14	0	0	2.3977e-15	0
54.5	0	3.78451e-14	0	0	0	0
54.7	0	3.1648e-14	0	0	4.05785e-15	0
54.9	0	3.75784e-14	0	0	2.45511e-15	0
55.1	0	2.96475e-14	0	0	1.6477e-15	0
55.3	0	2.98339e-14	0	0	4.1526e-15	0
55.5	1.97745e-15	3.59059e-14	0	0	3.3472e-15	0
55.7	0	3.95318e-14	0	0	3.36597e-15	0
55.9	0	3.21866e-14	0	0	4.23646e-15	0
56.1	0	3.32841e-14	0	0	4.26434e-15	0
56.3	0	3.43981e-14	0	0	0	0
56.5	0	2.68265e-14	0	0	4.25408e-15	0
56.7	0	2.87713e-14	0	0	6.16088e-15	0
56.9	0	3.59755e-14	0	0	1.75103e-15	0
57.1	0	2.65211e-14	0	0	2.64987e-15	0
57.3	0	3.02788e-14	0	0	0	0
57.5	1.09793e-15	3.40573e-14	0	0	1.78792e-15	0
57.7	0	2.88839e-14	0	0	1.80655e-15	0
57.9	0	3.0905e-14	0	0	2.72456e-15	0
58.1	0	3.56933e-14	0	0	2.74799e-15	0
58.3	0	3.13324e-14	0	0	1.8436e-15	0
58.5	0	3.06164e-14	0	0	0	0
58.7	0	2.42889e-14	0	0	0	0
58.9	0	3.5733e-14	0	0	2.8228e-15	0
59.1	0	3.31329e-14	0	0	0	0
59.3	0	2.28854e-14	0	0	9.50702e-16	0
59.5	0	2.88013e-14	0	0	9.56443e-16	0
59.7	0	3.09279e-14	0	0	1.93223e-15	0
59.9	0	2.23726e-14	0	0	1.94969e-15	0
60.1	0	3.3928e-14	0	0	9.78136e-16	0
60.3	1.74903e-15	2.95962e-14	0	0	0	0
60.5	0	2.18373e-14	0	0	9.89781e-16	0
60.7	0	2.59631e-14	0	0	9.98937e-16	0
60.9	0	2.11154e-14	0	0	3.01688e-15	0
61.1	0	2.22837e-14	0	0	2.0296e-15	0
61.3	0	1.83341e-14	0	0	2.03525e-15	0
61.5	0	2.05251e-14	0	0	0	0
61.7	0	1.54834e-14	0	1.17447e-14	1.02897e-15	0
61.9	0	1.97302e-14	0	0	0	0
62.1	3.51603e-15	2.71789e-14	0	0	0	0
62.3	0	2.31573e-14	0	0	0	0
62.5	0	2.11926e-14	0	0	2.11511e-15	0
62.7	0	2.23726e-14	0	0	1.06602e-15	0
62.9	1.96348e-15	2.03791e-14	0	0	0	0
63.1	0	2.80845e-14	0	0	0	0
63.3	0	1.62814e-14	0	0	1.08804e-15	0
63.5	0	1.85879e-14	0	0	0	0
63.7	0	1.98195e-14	0	0	0	0
63.9	0	1.9921e-14	0	0	0	0
64.1	0	1.22611e-14	0	0	1.11397e-15	0
64.3	0	8.97405e-15	0	0	0	0
64.5	0	1.46684e-14	0	0	0	0
64.7	0	1.81668e-14	0	0	0	0
64.9	0	2.16968e-14	0	0	1.14437e-15	0
65.1	0	1.49335e-14	0	0	0	0
65.3	0	1.15575e-14	0	0	0	0
65.5	0	1.51172e-14	0	0	2.32754e-15	0
65.7	0	1.75638e-14	0	0	1.16975e-15	0
65.9	0	1.76789e-14	0	0	0	0
66.1	0	1.89608e-14	0	0	0	0
66.3	1.63353e-15	1.0725e-14	0	0	1.1953e-15	0
66.5	0	2.15878e-14	0	0	0	0
66.7	0	1.80977e-14	0	0	1.20527e-15	0
66.9	0	2.18263e-14	0	0	0	0
67.1	0	1.70898e-14	0	0	0	0
67.3	0	1.47396e-14	0	0	0	0
67.5	0	1.85284e-14	0	0	0	0
67.7	0	1.49215e-14	0	0	1.24439e-15	0
67.9	0	1.37565e-14	0	0	1.25281e-15	0
68.1	0	1.13042e-14	0	0	1.25943e-15	0
68.3	0	1.01315e-14	0	0	1.26824e-15	0
68.5	0	1.27179e-14	0	0	0	0
68.7	0	1.02437e-14	0	0	0	0
68.9	0	6.43578e-15	0	0	0	0
69.1	0	2.07098e-14	0	0	0	0
69.3	0	1.69206e-14	0	0	1.30099e-15	0
69.5	0	9.15938e-15	0	0	0	0
69.7	0	3.95555e-15	0	1.68184e-15	0	0
69.9	0	2.11958e-14	0	0	0	0
70.1	0	7.9926e-15	0	0	0	0
70.3	0	2.14507e-14	0	0	1.33844e-15	0
70.5	0	8.08843e-15	0	0	0	0
70.7	0	1.08415e-14	0	0	0	0
70.9	0	9.54181e-15	0	0	0	0
71.1	0	1.23285e-14	0	0	0	0
71.3	0	8.26942e-15	0	0	0	0
71.5	0	4.16284e-15	0	0	0	0
71.7	0	4.18115e-15	0	0	0	0
71.9	0	4.21174e-15	0	0	0	0
72.1	0	1.26918e-14	0	0	0	0
72.3	0	1.13417e-14	0	0	0	0
72.5	0	5.70381e-15	0	0	0	0
72.7	0	5.73912e-15	0	0	0	0
72.9	0	7.20977e-15	0	0	0	0
73.1	0	1.16061e-14	0	0	0	0
73.3	0	1.02057e-14	0	0	1.45606e-15	0
73.5	0	1.02585e-14	0	0	1.46706e-15	0
73.7	0	5.89504e-15	0	0	0	0
73.9	0	1.03699e-14	0	0	0	0
74.1	0	5.95573e-15	0	0	0	0
74.3	0	5.98921e-15	0	0	0	0
74.5	0	1.05236e-14	0	0	0	0
74.7	0	6.05292e-15	0	0	0	0
74.9	0	1.21681e-14	0	0	0	0
75.1	0	0	0	0	0	0
75.3	0	4.61263e-15	0	0	0	0
75.5	0	7.72231e-15	0	0	0	0
75.7	0	6.21387e-15	0	0	0	0
75.9	0	4.69255e-15	0	0	0	0
76.1	0	9.4268e-15	0	0	0	0
76.3	0	7.89726e-15	0	0	0	0
76.5	0	4.76774e-15	0	0	0	0
76.7	0	1.59773e-15	0	0	0	0
76.9	0	8.01344e-15	0	0	0	0
77.1	0	4.83937e-15	0	0	0	0
77.3	0	9.72188e-15	0	0	0	0
77.5	0	4.88537e-15	0	0	0	0
77.7	0	4.91472e-15	0	0	0	0
77.9	0	6.57279e-15	0	0	0	0
78.1	0	1.65637e-15	0	0	0	0
78.3	0	1.66875e-15	0	0	0	0
78.5	0	5.01945e-15	0	0	0	0
78.7	0	5.04027e-15	0	0	0	0
78.9	0	5.0642e-15	0	0	0	0
79.1	0	6.78414e-15	0	0	0	0
79.3	0	1.70223e-15	0	0	0	0
79.5	0	8.57316e-15	0	0	0	0
79.7	0	3.44649e-15	0	0	0	0
79.9	0	5.19722e-15	0	0	0	0
80.1	0	6.96457e-15	0	0	0	0
80.3	0	0	0	0	0	0
80.5	0	5.27294e-15	0	0	0	0
80.7	0	1.76489e-15	0	0	0	0
80.9	0	5.32883e-15	0	0	1.77313e-15	0
81.1	0	1.78535e-15	0	0	0	0
81.3	0	3.58338e-15	0	0	0	0
81.5	0	1.79865e-15	0	0	0	0
81.7	0	5.42869e-15	0	0	0	0
81.9	0	1.8176e-15	0	0	0	0
82.1	0	0	0	0	0	0
82.3	0	1.83599e-15	0	0	0	0
82.5	0	5.54595e-15	0	0	0	0
82.7	0	1.85775e-15	0	0	0	0
82.9	0	0	0	0	0	0
83.1	0	3.74457e-15	0	0	0	0
83.3	0	7.52473e-15	0	0	0	0
83.5	0	0	0	0	0	0
83.7	0	3.79701e-15	0	0	0	0
83.9	0	3.81536e-15	0	0	0	0
84.1	0	1.91592e-15	0	0	0	0
84.3	0	0	0	0	0	0
84.5	0	5.81168e-15	0	0	0	0
84.7	0	3.89283e-15	0	0	0	0
84.9	0	0	0	0	0	0
85.1	0	0	0	0	0	0
85.3	0	1.97651e-15	0	0	0	0
85.5	0	1.98231e-15	0	0	0	0
85.7	0	0	0	0	0	0
85.9	0	2.00211e-15	0	0	0	0
86.1	0	0	0	0	0	0
86.3	0	0	0	0	0	0
86.5	0	0	0	0	0	0
86.7	0	0	0	0	0	0
86.9	0	0	0	0	0	0
87.1	0	4.11308e-15	0	0	0	0
87.3	0	0	0	0	0	0
87.5	0	2.07552e-15	0	0	0	0
87.7	0	2.08274e-15	0	0	0	0
87.9	0	2.10026e-15	0	0	0	0
88.1	0	2.10781e-15	0	0	0	0
88.3	0	0	0	0	0	0
88.5	0	2.12156e-15	0	0	0	0
88.7	0	2.13048e-15	0	0	0	0
88.9	0	0	0	0	0	0
89.1	0	0	0	0	0	0
89.3	0	0	0	0	0	0
89.5	0	0	0	0	0	0
89.7	0	2.17988e-15	0	0	0	0
89.9	0	2.1962e-15	0	0	0	0
90.1	0	0	0	0	0	0
90.3	0	4.42423e-15	0	0	0	0
90.5	0	2.22407e-15	0	0	0	0
90.7	0	0	0	0	0	0
90.9	0	2.23887e-15	0	0	0	0
91.1	0	2.24971e-15	0	0	0	0
91.3	0	0	0	0	0	0
91.5	0	0	0	0	0	0
91.7	0	0	0	0	0	0
91.9	0	2.29291e-15	0	0	0	0
92.1	0	0	0	0	0	0
92.3	0	0	0	0	0	0
92.5	0	0	0	0	0	0
92.7	0	0	0	0	0	0
92.9	0	2.33979e-15	0	0	0	0
93.1	0	0	0	0	0	0
93.3	0	2.35858e-15	0	0	0	0
93.5	0	0	0	0	0	0
93.7	0	2.38131e-15	0	0	0	0
93.9	0	0	0	0	0	0
94.1	0	0	0	0	0	0
94.3	0	0	0	0	0	0
94.5	0	2.42185e-15	0	0	0	0
94.7	0	0	0	0	0	0
94.9	0	0	0	0	0	0
95.1	0	2.45182e-15	0	0	0	0
95.3	0	0	0	0	0	0
95.5	0	0	0	0	0	0
95.7	0	0	0	0	0	0
95.9	0	0	0	0	0	0
96.1	0	0	0	0	0	0
96.3	0	0	0	0	0	0
96.5	0	0	0	0	0	0
96.7	0	0	0	0	0	0
96.9	0	0	0	0	0	0
97.1	0	0	0	0	0	0
97.3	0	0	0	0	0	0
97.5	0	0	0	0	0	0
97.7	0	0	0	0	0	0
97.9	0	0	0	0	0	0
98.1	0	0	0	0	0	0
98.3	0	0	0	0	0	0
98.5	0	0	0	0	0	0
98.7	0	0	0	0	0	0
98.9	0	2.65421e-15	0	0	0	0
99.1	0	0	0	0	0	0
99.3	0	0	0	0	0	0
99.5	0	0	0	0	0	0
99.7	0	0	0	0	0	0
99.9	0	0	0	0	0	0
100.1	0	0	0	0	0	0
