0.1	7.15724e-15	1.16123e-12	0	1.05549e-14	9.50972e-13	0
0.3	3.02696e-14	2.42704e-12	0	9.11472e-14	4.2405e-12	0
0.5	5.52437e-14	3.5485e-12	0	2.06294e-13	1.14816e-11	0
0.7	6.78765e-14	3.51137e-12	0	3.08037e-13	1.65968e-11	0
0.9	7.00742e-14	3.61368e-12	0	4.11614e-13	2.86167e-11	0
1.1	7.12174e-14	3.6936e-12	0	4.79991e-13	4.26298e-11	0
1.3	6.62226e-14	3.74382e-12	0	5.40602e-13	5.38263e-11	0
1.5	6.03933e-14	3.86094e-12	0	5.89701e-13	6.12473e-11	0
1.7	6.1877e-14	3.86115e-12	0	6.36725e-13	6.58376e-11	0
1.9	6.14418e-14	3.97051e-12	0	6.08524e-13	7.03707e-11	0
2.1	6.06998e-14	4.0476e-12	0	5.9873e-13	7.49453e-11	0
2.3	5.80056e-14	4.10918e-12	0	5.83136e-13	7.91497e-11	0
2.5	5.93889e-14	4.19555e-12	0	5.67165e-13	8.24607e-11	0
2.7	5.81952e-14	4.35046e-12	0	5.8349e-13	8.61348e-11	0
2.9	6.29955e-14	4.37187e-12	0	5.43292e-13	8.86149e-11	0
3.1	6.14295e-14	4.29855e-12	0	5.0533e-13	8.82662e-11	0
3.3	5.64652e-14	4.36189e-12	0	4.60081e-13	8.67225e-11	0
3.5	6.29668e-14	4.36137e-12	0	4.55616e-13	8.34771e-11	0
3.7	5.58977e-14	4.27594e-12	0	4.36192e-13	7.66421e-11	0
3.9	5.20899e-14	4.3488e-12	0	4.28928e-13	6.87782e-11	0
4.1	5.65917e-14	4.07684e-12	0	3.7618e-13	5.84778e-11	0
4.3	5.79107e-14	4.16381e-12	0	3.2353e-13	4.84487e-11	0
4.5	5.09826e-14	3.99381e-12	0	3.03021e-13	3.83945e-11	0
4.7	5.71025e-14	3.8571e-12	0	3.32024e-13	3.04446e-11	0
4.9	5.89352e-14	3.89298e-12	0	3.00127e-13	2.41521e-11	0
5.1	5.77466e-14	3.69229e-12	0	2.96389e-13	1.91231e-11	0
5.3	5.23608e-14	3.8014e-12	0	2.45195e-13	1.57418e-11	0
5.5	4.46237e-14	3.67652e-12	0	2.55571e-13	1.28636e-11	0
5.7	4.67339e-14	3.56683e-12	0	2.21483e-13	1.08733e-11	0
5.9	5.40336e-14	3.47083e-12	0	2.23151e-13	9.25535e-12	0
6.1	4.92694e-14	3.31909e-12	0	1.83774e-13	7.97239e-12	0
6.3	4.7776e-14	3.28493e-12	0	1.54167e-13	6.96483e-12	0
6.5	4.41907e-14	3.15551e-12	0	1.71803e-13	6.33602e-12	0
6.7	4.2859e-14	3.1455e-12	0	1.37926e-13	5.70804e-12	0
6.9	5.03525e-14	3.22246e-12	0	1.1849e-13	5.41609e-12	0
7.1	4.9661e-14	3.1183e-12	0	1.36769e-13	4.99807e-12	0
7.3	5.79234e-14	3.07721e-12	0	1.08911e-13	4.67258e-12	0
7.5	5.90592e-14	3.26015e-12	0	1.0636e-13	4.34873e-12	0
7.7	4.09778e-14	3.28124e-12	0	8.49426e-14	4.13613e-12	0
7.9	4.53498e-14	3.19215e-12	0	8.6119e-14	3.82554e-12	0
8.1	4.33908e-14	3.39386e-12	0	8.41912e-14	3.54868e-12	0
8.3	4.70765e-14	3.38929e-12	0	8.51738e-14	3.42088e-12	0
8.5	4.54472e-14	3.43995e-12	0	7.87929e-14	3.16835e-12	0
8.7	3.90853e-14	3.42396e-12	0	6.53067e-14	3.05593e-12	0
8.9	4.2933e-14	3.28081e-12	0	6.62784e-14	2.87652e-12	0
9.1	4.15952e-14	3.21268e-12	0	7.02364e-14	2.79295e-12	0
9.3	3.48488e-14	3.06696e-12	0	5.94331e-14	2.68177e-12	0
9.5	3.85293e-14	3.22946e-12	0	5.32995e-14	2.4191e-12	0
9.7	3.74878e-14	2.89229e-12	0	6.7568e-14	2.33872e-12	0
9.9	4.94419e-14	2.99284e-12	0	5.40898e-14	2.13944e-12	0
10.1	3.89259e-14	2.77223e-12	0	4.94044e-14	2.07994e-12	0
10.3	3.8802e-14	2.67493e-12	0	4.9778e-14	2.0418e-12	0
10.5	3.65272e-14	2.70924e-12	0	3.75445e-14	2.09234e-12	0
10.7	3.91905e-14	2.46988e-12	0	4.52792e-14	1.80993e-12	0
10.9	3.30549e-14	2.46439e-12	0	3.72593e-14	1.95021e-12	0
11.1	3.89441e-14	2.41243e-12	0	3.31678e-14	1.69795e-12	0
11.3	3.47172e-14	2.54324e-12	0	3.88762e-14	1.78919e-12	0
11.5	3.69006e-14	2.21144e-12	0	3.30641e-14	1.75182e-12	0
11.7	3.53636e-14	2.14014e-12	0	3.25815e-14	1.62573e-12	0
11.9	3.92407e-14	2.07118e-12	0	3.45607e-14	1.51451e-12	0
12.1	3.07379e-14	2.14654e-12	0	2.63016e-14	1.48955e-12	0
12.3	3.30819e-14	2.06857e-12	0	3.21181e-14	1.49023e-12	0
12.5	3.69148e-14	1.98182e-12	0	2.79721e-14	1.44357e-12	0
12.7	2.66185e-14	1.80554e-12	0	3.42559e-14	1.48026e-12	0
12.9	3.49083e-14	1.82443e-12	0	3.09498e-14	1.34396e-12	0
13.1	2.68345e-14	1.72408e-12	0	2.80624e-14	1.24647e-12	0
13.3	3.48652e-14	1.56794e-12	0	3.16276e-14	1.18491e-12	0
13.5	3.68406e-14	1.7001e-12	0	3.23942e-14	1.22818e-12	0
13.7	3.12534e-14	1.57676e-12	0	2.87104e-14	1.07015e-12	0
13.9	3.19177e-14	1.41421e-12	0	2.55388e-14	1.11813e-12	0
14.1	2.15637e-14	1.55443e-12	0	3.52139e-14	1.02711e-12	0
14.3	2.93779e-14	1.48804e-12	0	2.79491e-14	1.09206e-12	0
14.5	2.68093e-14	1.43895e-12	0	2.21114e-14	1.01347e-12	0
14.7	2.89689e-14	1.49819e-12	0	2.1621e-14	9.29791e-13	0
14.9	2.59274e-14	1.29516e-12	0	2.10382e-14	9.74588e-13	0
15.1	3.5137e-14	1.43578e-12	0	2.22543e-14	9.40499e-13	0
15.3	2.44397e-14	1.45498e-12	0	1.90448e-14	8.04939e-13	0
15.5	2.6569e-14	1.18347e-12	0	2.22168e-14	9.25034e-13	0
15.7	3.14312e-14	1.18648e-12	0	2.27104e-14	8.53112e-13	0
15.9	2.08546e-14	1.27619e-12	0	1.29994e-14	7.98214e-13	0
16.1	2.67512e-14	1.1299e-12	0	1.91125e-14	8.0149e-13	0
16.3	2.62598e-14	1.16849e-12	0	1.58111e-14	7.55359e-13	0
16.5	2.9417e-14	1.02161e-12	0	2.02221e-14	7.09386e-13	0
16.7	2.0573e-14	1.05483e-12	0	1.57471e-14	7.54136e-13	0
16.9	2.0896e-14	1.05231e-12	0	1.83986e-14	7.44002e-13	0
17.1	1.52869e-14	9.00012e-13	0	1.51171e-14	6.81448e-13	0
17.3	1.66759e-14	9.76858e-13	0	1.58762e-14	6.38323e-13	0
17.5	2.36988e-14	9.18065e-13	0	1.42088e-14	6.17837e-13	0
17.7	2.51282e-14	9.37424e-13	0	1.71775e-14	6.01987e-13	0
17.9	1.78117e-14	8.60523e-13	0	1.80487e-14	5.83083e-13	0
18.1	1.8135e-14	9.88941e-13	0	1.22288e-14	6.36899e-13	0
18.3	2.21094e-14	7.61214e-13	0	1.31321e-14	5.40682e-13	0
18.5	2.26e-14	8.34438e-13	0	1.30684e-14	5.70626e-13	0
18.7	1.81707e-14	8.97958e-13	0	1.21548e-14	4.49898e-13	0
18.9	2.0184e-14	7.97198e-13	0	1.14869e-14	4.91086e-13	0
19.1	2.89873e-14	7.2736e-13	0	1.26285e-14	4.75505e-13	0
19.3	1.86122e-14	6.80845e-13	0	1.6754e-14	5.06342e-13	0
19.5	1.69293e-14	6.79985e-13	0	1.45646e-14	4.48582e-13	0
19.7	2.15999e-14	7.24848e-13	0	1.00107e-14	3.72289e-13	0
19.9	1.39146e-14	6.84758e-13	0	9.17931e-15	3.44376e-13	0
20.1	2.48734e-14	5.80146e-13	0	7.85218e-15	4.00857e-13	0
20.3	1.55782e-14	6.99567e-13	0	1.04483e-14	5.20542e-13	0
20.5	1.50554e-14	6.47107e-13	0	1.33791e-14	2.34757e-13	0
20.7	1.48489e-14	5.80275e-13	0	8.27101e-15	3.86815e-13	0
20.9	1.14282e-14	5.13098e-13	0	9.16669e-15	3.78902e-13	0
21.1	1.3929e-14	5.13098e-13	0	9.00754e-15	3.72011e-13	0
21.3	1.60779e-14	4.90244e-13	0	1.43615e-14	2.81803e-13	0
21.5	1.11939e-14	5.31352e-13	0	8.64855e-15	3.33269e-13	0
21.7	1.26964e-14	5.65634e-13	0	7.42447e-15	3.33933e-13	0
21.9	1.12607e-14	4.90158e-13	0	7.56197e-15	3.07365e-13	0
22.1	1.96954e-14	5.58642e-13	0	7.71098e-15	3.13319e-13	0
22.3	1.93219e-14	5.05461e-13	0	7.16685e-15	3.1057e-13	0
22.5	1.33877e-14	4.97324e-13	0	6.00556e-15	2.54348e-13	0
22.7	1.27765e-14	4.91049e-13	0	8.33147e-15	3.00918e-13	0
22.9	1.32946e-14	4.35149e-13	0	8.34153e-15	2.12319e-13	0
23.1	1.20457e-14	4.62071e-13	0	1.04421e-14	2.55137e-13	0
23.3	1.15472e-14	4.05627e-13	0	8.05335e-15	3.16735e-13	0
23.5	9.95087e-15	3.52291e-13	0	6.87289e-15	2.65523e-13	0
23.7	1.2705e-14	4.00415e-13	0	8.36962e-15	2.81337e-13	0
23.9	1.02587e-14	3.85363e-13	0	7.32768e-15	1.4502e-13	0
24.1	1.37682e-14	4.91429e-13	0	4.81606e-15	2.15319e-13	0
24.3	1.27944e-14	3.70967e-13	0	4.71123e-15	2.12066e-13	0
24.5	8.70629e-15	2.82943e-13	0	6.06001e-15	1.63077e-13	0
24.7	1.07685e-14	3.86323e-13	0	4.36091e-15	1.82644e-13	0
24.9	1.09562e-14	3.76633e-13	0	4.713e-15	1.60898e-13	0
25.1	1.08796e-14	3.42986e-13	0	7.40561e-15	1.72364e-13	0
25.3	5.52273e-15	3.12242e-13	0	8.47415e-15	1.68917e-13	0
25.5	1.10393e-14	2.67227e-13	0	6.11674e-15	1.59436e-13	0
25.7	1.42371e-14	4.1045e-13	0	1.44386e-14	1.03981e-13	0
25.9	7.30425e-15	3.62011e-13	0	2.83002e-15	1.51007e-13	0
26.1	8.42865e-15	2.46385e-13	0	4.95087e-15	1.60752e-13	0
26.3	8.50137e-15	2.75455e-13	0	5.0855e-15	1.294e-13	0
26.5	1.37924e-14	2.88849e-13	0	5.43689e-15	8.5966e-14	0
26.7	9.79406e-15	3.13444e-13	0	7.50322e-15	1.26898e-13	0
26.9	8.77294e-15	2.20512e-13	0	5.8109e-15	1.27241e-13	0
27.1	7.63376e-15	2.82366e-13	0	2.40455e-15	1.3188e-13	0
27.3	8.73848e-15	2.5209e-13	0	4.6492e-15	1.68194e-13	0
27.5	1.04486e-14	2.36875e-13	0	5.66172e-15	8.94753e-14	0
27.7	4.88247e-15	2.39872e-13	0	2.09495e-15	1.21541e-13	0
27.9	6.7856e-15	2.17327e-13	0	5.95202e-15	1.17899e-13	0
28.1	1.15032e-14	2.54132e-13	0	4.62429e-15	7.4315e-14	0
28.3	5.08547e-15	3.51647e-13	0	3.70179e-15	8.26273e-14	0
28.5	1.21194e-14	2.35259e-13	0	1.86447e-15	1.03766e-13	0
28.7	8.62745e-15	1.96645e-13	0	9.5958e-16	7.59471e-14	0
28.9	7.93952e-15	1.57239e-13	0	3.97936e-15	5.8259e-14	0
29.1	5.47563e-15	2.22082e-13	0	3.80501e-15	8.32496e-14	0
29.3	7.17587e-15	1.75035e-13	0	5.50187e-15	9.93946e-14	0
29.5	6.63787e-15	1.77744e-13	0	3.2233e-15	7.07164e-14	0
29.7	8.85526e-15	1.89271e-13	0	4.27585e-15	1.05009e-13	0
29.9	4.81608e-15	1.33352e-13	0	3.0947e-15	1.21282e-13	0
30.1	1.16063e-14	1.75441e-13	0	1.03648e-15	5.65981e-14	0
30.3	9.13808e-15	2.57565e-13	0	4.59047e-15	5.43397e-14	0
30.5	5.85316e-15	1.52824e-13	0	3.82898e-15	8.88862e-14	0
30.7	6.00039e-15	1.62942e-13	0	3.07944e-15	4.03948e-14	0
30.9	4.65486e-15	1.28243e-13	0	1.84593e-14	6.68349e-14	0
31.1	5.5852e-15	1.50118e-13	0	1.35373e-15	3.84432e-14	0
31.3	7.11243e-15	1.69737e-13	0	3.78802e-15	6.87435e-14	0
31.5	5.41994e-15	2.67534e-13	0	3.9963e-15	4.98392e-14	0
31.7	5.70262e-15	1.24216e-13	0	4.91268e-15	7.27062e-14	0
31.9	6.83472e-15	2.04246e-13	0	1.91686e-15	7.32151e-14	0
32.1	6.27553e-15	1.63004e-13	0	5.24636e-15	6.23178e-14	0
32.3	5.93282e-15	1.40328e-13	0	1.60557e-15	5.67807e-14	0
32.5	5.42254e-15	1.30487e-13	0	2.43952e-15	3.59217e-14	0
32.7	5.52014e-15	1.28274e-13	0	1.69467e-15	4.76548e-14	0
32.9	3.35092e-15	1.4568e-13	0	1.91141e-15	3.52378e-14	0
33.1	3.13896e-15	1.28664e-13	0	2.68352e-15	4.43613e-14	0
33.3	5.29826e-15	8.64047e-14	0	4.609e-15	6.31946e-14	0
33.5	6.88175e-15	1.23053e-13	0	2.62226e-15	2.03909e-14	0
33.7	3.09047e-15	7.69156e-14	0	1.10422e-15	4.59256e-14	0
33.9	5.03411e-15	1.07744e-13	0	7.42389e-16	2.92507e-14	0
34.1	2.82831e-15	1.26292e-13	0	2.84666e-15	2.44406e-14	0
34.3	6.18424e-15	1.09272e-13	0	1.73314e-15	4.68649e-14	0
34.5	3.33496e-15	1.26538e-13	0	1.42657e-15	4.5102e-14	0
34.7	4.9293e-15	1.20707e-13	0	8.77995e-16	6.50121e-14	0
34.9	9.47624e-15	1.29448e-13	0	2.54993e-14	2.75524e-14	0
35.1	4.61878e-15	1.05106e-13	0	3.35338e-15	4.49876e-14	0
35.3	2.81512e-15	9.22005e-14	0	0	3.05625e-14	0
35.5	3.95516e-15	8.24916e-14	0	2.02747e-15	3.1986e-14	0
35.7	2.47838e-15	7.77069e-14	0	2.28042e-15	2.0727e-14	0
35.9	4.29843e-15	9.3726e-14	0	1.29406e-15	2.23401e-14	0
36.1	2.65099e-15	1.19623e-13	0	5.31095e-16	2.33034e-14	0
36.3	3.43577e-15	8.29259e-14	0	2.92644e-15	1.74899e-14	0
36.5	5.39837e-15	1.07674e-13	0	5.22572e-16	2.23747e-14	0
36.7	4.59466e-15	8.78421e-14	0	4.79581e-15	4.23373e-14	0
36.9	2.58587e-15	1.04687e-13	0	2.39267e-15	2.08199e-14	0
37.1	6.66996e-15	7.04679e-14	0	7.01393e-16	6.49157e-14	0
37.3	4.29861e-15	6.25853e-14	0	5.65374e-16	2.05089e-14	0
37.5	4.63367e-15	9.30673e-14	0	9.2659e-16	1.44653e-14	0
37.7	3.09802e-15	6.94201e-14	0	5.46631e-16	1.15687e-14	0
37.9	0	8.1752e-14	0	6.88397e-16	2.1278e-14	0
38.1	2.68447e-15	7.08266e-14	0	1.20152e-15	1.82793e-14	0
38.3	3.17101e-15	1.16647e-13	0	1.23718e-15	3.92208e-14	0
38.5	2.04385e-15	6.37622e-14	0	1.32552e-15	2.12979e-14	0
38.7	3.36013e-15	7.58047e-14	0	0	1.29916e-14	0
38.9	1.71804e-15	7.01778e-14	0	1.47499e-15	1.02427e-14	0
39.1	2.57659e-15	8.75992e-14	0	0	1.49236e-14	0
39.3	1.45617e-15	1.00715e-13	0	7.45867e-16	1.6755e-14	0
39.5	1.4194e-15	8.39097e-14	0	1.86856e-15	1.52226e-14	0
39.7	1.23575e-15	7.44804e-14	0	5.80808e-16	1.45241e-14	0
39.9	3.25941e-15	6.21898e-14	0	5.93863e-16	1.71138e-14	0
40.1	0	6.16612e-14	0	0	1.37592e-14	0
40.3	2.78924e-15	4.66661e-14	0	2.02162e-15	1.53071e-14	0
40.5	1.88839e-15	9.43085e-14	0	1.03489e-15	4.5711e-14	0
40.7	3.06572e-15	6.50416e-14	0	0	1.52615e-14	0
40.9	4.08407e-15	5.62663e-14	0	5.75611e-16	1.85984e-14	0
41.1	2.9119e-15	5.87473e-14	0	6.44733e-16	3.86278e-14	0
41.3	2.21587e-15	6.75007e-14	0	7.27806e-16	1.57211e-14	0
41.5	2.47224e-15	6.3054e-14	0	0	6.07106e-15	0
41.7	5.03979e-15	5.79748e-14	0	8.39862e-16	1.08441e-14	0
41.9	1.98691e-15	6.42511e-14	0	7.3591e-16	1.19066e-14	0
42.1	2.7159e-15	6.00471e-14	0	1.92576e-15	1.15311e-14	0
42.3	8.46559e-16	5.53343e-14	0	2.93969e-15	1.3104e-14	0
42.5	6.24358e-15	5.58013e-14	0	2.50291e-15	9.79572e-15	0
42.7	3.44387e-15	4.89056e-14	0	0	1.33348e-14	0
42.9	7.43618e-16	6.63585e-14	0	0	9.01984e-15	0
43.1	0	5.3053e-14	0	0	1.20718e-14	0
43.3	3.02477e-15	6.30292e-14	0	6.44298e-16	8.65115e-15	0
43.5	4.4615e-15	5.91218e-14	0	0	6.54931e-15	0
43.7	0	5.07275e-14	0	9.44086e-16	8.28432e-15	0
43.9	1.28942e-15	5.53826e-14	0	0	9.92786e-15	0
44.1	2.84291e-15	6.32634e-14	0	0	4.4007e-14	0
44.3	3.53057e-15	4.78751e-14	0	1.08617e-15	8.49949e-15	0
44.5	0	5.51263e-14	0	5.99031e-16	8.57967e-15	0
44.7	7.27632e-16	5.03928e-14	0	0	9.74482e-15	0
44.9	2.94731e-15	5.19245e-14	0	6.7181e-16	8.73784e-15	0
45.1	3.72694e-15	5.51761e-14	0	8.67086e-16	4.40691e-15	0
45.3	1.63208e-15	4.72961e-14	0	0	5.95612e-15	0
45.5	9.24774e-16	5.05166e-14	0	0	8.90635e-15	0
45.7	2.60539e-15	4.63204e-14	0	1.11631e-15	4.52509e-15	0
45.9	2.23128e-15	5.66219e-14	0	7.47464e-16	7.99591e-15	0
46.1	2.13937e-15	3.86159e-14	0	0	8.6414e-15	0
46.3	2.20448e-15	5.63774e-14	0	9.01772e-16	5.22436e-15	0
46.5	5.41767e-15	4.74668e-14	0	8.96927e-16	8.8032e-15	0
46.7	0	4.49103e-14	0	8.9051e-16	4.7255e-15	0
46.9	0	4.23421e-14	0	0	3.57994e-15	0
47.1	2.29598e-15	4.06529e-14	0	0	7.21752e-15	0
47.3	0	4.45678e-14	0	0	7.08401e-15	0
47.5	1.5645e-15	3.67072e-14	0	0	6.72427e-15	0
47.7	2.10384e-15	3.69539e-14	0	0	4.30797e-15	0
47.9	2.04842e-15	4.22908e-14	0	0	6.22529e-15	0
48.1	2.4659e-15	4.45172e-14	0	0	1.31777e-14	0
48.3	2.19089e-15	4.4913e-14	0	0	3.16653e-15	0
48.5	6.99005e-16	3.50818e-14	0	0	6.37419e-15	0
48.7	9.33316e-16	4.81223e-14	0	0	5.78372e-15	0
48.9	0	4.34428e-14	0	0	3.2419e-15	0
49.1	0	4.07955e-14	0	0	4.5833e-15	0
49.3	0	3.75512e-14	0	1.21039e-15	4.60979e-15	0
49.5	1.28891e-15	4.91719e-14	0	0	4.64874e-15	0
49.7	3.61209e-15	4.88729e-14	0	0	5.35038e-15	0
49.9	5.45003e-15	3.78064e-14	0	0	6.74972e-15	0
50.1	2.06147e-15	5.10533e-14	0	0	6.12911e-15	0
50.3	1.17018e-15	4.04615e-14	0	0	4.11694e-15	0
50.5	0	4.21874e-14	0	0	8.9859e-15	0
50.7	9.44223e-16	3.20633e-14	0	8.88052e-16	3.49146e-15	0
50.9	2.14275e-15	3.76565e-14	0	0	4.9156e-15	0
51.1	0	2.97393e-14	0	1.28353e-15	7.07772e-16	0
51.3	1.0222e-15	3.63943e-14	0	0	7.16663e-16	0
51.5	2.88319e-15	3.52513e-14	0	0	5.75466e-15	0
51.7	1.65486e-15	3.47813e-14	0	0	5.79327e-15	0
51.9	0	3.72602e-14	0	0	5.10952e-15	0
52.1	0	3.97045e-14	0	0	5.15168e-15	0
52.3	1.71932e-15	4.0782e-14	0	0	1.48022e-15	0
52.5	9.61329e-16	3.28843e-14	0	1.42502e-15	4.48368e-15	0
52.7	3.26411e-15	2.93827e-14	0	0	3.76626e-15	0
52.9	1.24783e-15	4.09925e-14	0	0	5.95259e-15	0
53.1	0	3.74436e-14	0	0	3.05761e-15	0
53.3	0	3.6962e-14	0	0	3.08056e-15	0
53.5	0	3.25927e-14	0	0	4.66083e-15	0
53.7	0	2.97023e-14	0	0	1.56263e-15	0
53.9	0	3.30891e-14	0	0	4.71874e-15	0
54.1	0	3.0911e-14	0	0	3.17485e-15	0
54.3	1.31598e-15	3.51592e-14	0	0	2.39954e-15	0
54.5	2.11557e-15	4.18872e-14	0	0	6.44197e-15	0
54.7	0	2.67804e-14	0	0	3.81759e-15	0
54.9	0	3.83821e-14	0	0	3.25945e-15	0
55.1	0	3.45764e-14	0	1.45108e-15	2.46982e-15	0
55.3	2.08797e-15	3.48229e-14	0	0	0	0
55.5	0	3.25643e-14	0	0	3.34852e-15	0
55.7	0	2.85926e-14	0	0	2.52547e-15	0
55.9	0	3.69799e-14	0	0	3.38692e-15	0
56.1	1.30014e-15	2.21908e-14	0	0	0	0
56.3	1.67953e-15	2.83603e-14	0	1.10999e-15	8.57163e-16	0
56.5	0	3.20264e-14	0	0	2.58821e-15	0
56.7	0	3.22496e-14	0	0	1.74279e-15	0
56.9	1.10609e-15	2.98657e-14	0	0	8.79244e-16	0
57.1	0	2.4756e-14	0	0	1.76962e-15	0
57.3	0	2.40464e-14	0	0	1.77622e-15	0
57.5	0	3.58656e-14	0	0	0	0
57.7	0	3.06811e-14	0	0	9.00726e-16	0
57.9	0	3.27293e-14	0	0	1.81702e-15	0
58.1	1.28679e-15	2.3793e-14	0	0	9.17715e-16	0
58.3	0	2.67244e-14	0	0	2.76799e-15	0
58.5	0	2.41229e-14	0	0	9.27064e-16	0
58.7	0	2.61673e-14	0	0	9.33505e-16	0
58.9	0	2.72685e-14	0	0	0	0
59.1	1.21011e-15	3.31637e-14	0	0	1.89398e-15	0
59.3	0	2.00257e-14	0	0	9.53202e-16	0
59.5	0	2.5912e-14	0	0	9.62799e-16	0
59.7	3.51223e-15	2.51092e-14	0	0	3.8686e-15	0
59.9	0	2.91946e-14	0	0	2.9233e-15	0
60.1	0	1.9588e-14	0	0	0	0
60.3	0	2.75947e-14	0	0	9.84256e-16	0
60.5	0	2.48234e-14	0	0	1.98194e-15	0
60.7	0	2.09849e-14	0	0	0	0
60.9	0	2.41477e-14	0	0	0	0
61.1	0	2.75935e-14	0	0	0	0
61.3	0	2.54892e-14	0	0	0	0
61.5	1.31978e-15	1.94874e-14	0	0	3.07485e-15	0
61.7	1.29265e-15	2.27121e-14	0	0	1.0344e-15	0
61.9	0	1.66383e-14	0	0	0	0
62.1	0	2.30186e-14	0	0	0	0
62.3	1.83505e-15	2.21002e-14	0	0	2.10142e-15	0
62.5	0	2.01345e-14	0	0	1.05955e-15	0
62.7	0	1.70681e-14	0	0	0	0
62.9	0	1.17978e-14	0	0	2.14422e-15	0
63.1	0	1.94508e-14	0	0	2.15984e-15	0
63.3	0	1.19486e-14	0	0	2.17358e-15	0
63.5	0	2.29448e-14	0	0	1.09364e-15	0
63.7	0	2.64015e-14	0	0	0	0
63.9	0	2.32493e-14	0	0	1.10624e-15	0
64.1	0	1.89341e-14	0	0	1.11781e-15	0
64.3	0	2.80279e-14	0	0	0	0
64.5	0	2.14404e-14	0	0	2.25305e-15	0
64.7	0	1.81705e-14	0	0	0	0
64.9	0	1.71419e-14	0	0	0	0
65.1	1.92321e-15	1.26418e-14	0	0	0	0
65.3	0	1.61828e-14	0	0	1.15652e-15	0
65.5	0	1.7443e-14	0	0	1.16615e-15	0
65.7	0	1.63838e-14	0	0	0	0
65.9	0	1.41484e-14	0	0	0	0
66.1	0	1.53854e-14	0	0	0	0
66.3	0	7.14824e-15	0	0	0	0
66.5	0	1.55808e-14	0	0	1.1977e-15	0
66.7	0	1.20742e-14	0	0	1.20716e-15	0
66.9	0	1.45497e-14	0	0	1.21458e-15	0
67.1	0	1.58582e-14	0	0	2.44678e-15	0
67.3	0	2.08878e-14	0	0	0	0
67.5	0	1.72933e-14	0	0	0	0
67.7	0	1.24304e-14	0	0	0	0
67.9	0	1.75135e-14	0	0	0	0
68.1	0	1.38301e-14	0	0	0	0
68.3	0	1.01278e-14	0	0	1.26536e-15	0
68.5	0	2.03441e-14	0	0	0	0
68.7	0	1.28012e-14	0	0	0	0
68.9	0	1.41715e-14	0	0	0	0
69.1	0	1.16467e-14	0	0	1.29328e-15	0
69.3	0	1.56261e-14	0	0	0	0
69.5	0	1.31001e-14	0	0	0	0
69.7	0	9.22561e-15	0	0	0	0
69.9	0	7.94819e-15	0	0	0	0
70.1	0	1.86569e-14	0	0	1.33524e-15	0
70.3	0	8.02704e-15	0	0	4.01711e-15	0
70.5	0	1.213e-14	0	0	0	0
70.7	0	9.4962e-15	0	0	0	0
70.9	0	6.81327e-15	0	0	0	0
71.1	0	4.11487e-15	0	0	1.37012e-15	0
71.3	0	1.10252e-14	0	0	0	0
71.5	0	6.93536e-15	0	0	0	0
71.7	0	1.53393e-14	0	0	1.39521e-15	0
71.9	0	8.41285e-15	0	0	0	0
72.1	0	9.86774e-15	0	0	0	0
72.3	0	7.08563e-15	0	0	0	0
72.5	0	7.12502e-15	0	0	0	0
72.7	0	1.14594e-14	0	0	0	0
72.9	0	1.15217e-14	0	0	0	0
73.1	0	1.15822e-14	0	0	0	0
73.3	0	2.9151e-15	0	0	0	0
73.5	0	1.02623e-14	0	0	0	0
73.7	0	1.32505e-14	0	0	0	0
73.9	0	8.88875e-15	0	0	1.4792e-15	0
74.1	0	2.97877e-15	0	0	0	0
74.3	0	2.99458e-15	0	0	0	0
74.5	0	1.05272e-14	0	0	0	0
74.7	1.90152e-15	6.0539e-15	0	0	0	0
74.9	0	4.55888e-15	0	0	0	0
75.1	0	4.58531e-15	0	0	0	0
75.3	0	7.68889e-15	0	0	0	0
75.5	0	3.08437e-15	0	0	0	0
75.7	0	4.66087e-15	0	0	0	0
75.9	0	4.69209e-15	0	0	0	0
76.1	0	6.28436e-15	0	0	0	0
76.3	0	6.3171e-15	0	0	0	0
76.5	0	7.93993e-15	0	0	0	0
76.7	0	6.38361e-15	0	0	0	0
76.9	0	4.80615e-15	0	0	1.60514e-15	0
77.1	0	3.21866e-15	0	0	0	0
77.3	0	1.2973e-14	0	0	0	0
77.5	0	4.88254e-15	0	0	0	0
77.7	0	6.54388e-15	0	0	0	0
77.9	0	3.29378e-15	0	0	0	0
78.1	0	6.61278e-15	0	0	0	0
78.3	0	4.99315e-15	0	0	0	0
78.5	0	1.67331e-15	0	0	0	0
78.7	0	6.72567e-15	0	0	0	0
78.9	0	5.0674e-15	0	0	0	0
79.1	0	1.69716e-15	0	0	0	0
79.3	0	1.70318e-15	0	0	0	0
79.5	0	3.42655e-15	0	0	0	0
79.7	0	6.89202e-15	0	0	0	0
79.9	0	1.73245e-15	0	0	0	0
80.1	0	5.22232e-15	0	0	0	0
80.3	0	3.50316e-15	0	0	0	0
80.5	0	1.7581e-15	0	0	0	0
80.7	0	8.83854e-15	0	0	0	0
80.9	0	5.32481e-15	0	0	0	0
81.1	0	1.78893e-15	0	0	0	0
81.3	0	3.58849e-15	0	0	0	0
81.5	0	0	0	0	0	0
81.7	0	1.81275e-15	0	0	0	0
81.9	0	5.45739e-15	0	0	0	0
82.1	0	0	0	0	0	0
82.3	0	0	0	0	0	0
82.5	0	3.69016e-15	0	0	0	0
82.7	0	3.70657e-15	0	0	0	0
82.9	0	7.46318e-15	0	0	0	0
83.1	0	3.74898e-15	0	0	0	0
83.3	0	0	0	0	0	0
83.5	0	1.89423e-15	0	0	0	0
83.7	0	0	0	0	0	0
83.9	0	1.90413e-15	0	0	0	0
84.1	0	1.92211e-15	0	0	0	0
84.3	0	3.86531e-15	0	0	0	0
84.5	0	1.93567e-15	0	0	0	0
84.7	0	1.94375e-15	0	0	0	0
84.9	0	1.95578e-15	0	0	0	0
85.1	0	1.96487e-15	0	0	0	0
85.3	0	1.97527e-15	0	0	0	0
85.5	0	5.94862e-15	0	0	0	0
85.7	0	1.99329e-15	0	0	0	0
85.9	0	0	0	0	0	0
86.1	0	4.01583e-15	0	0	0	0
86.3	0	0	0	0	0	0
86.5	0	0	0	0	0	0
86.7	0	0	0	0	0	0
86.9	0	0	0	0	0	0
87.1	0	2.05629e-15	0	0	0	0
87.3	0	0	0	0	0	0
87.5	0	0	0	0	0	0
87.7	0	2.08263e-15	0	0	0	0
87.9	0	0	0	0	0	0
88.1	0	2.10519e-15	0	0	0	0
88.3	0	0	0	0	0	0
88.5	0	0	0	0	0	0
88.7	0	0	0	0	0	0
88.9	0	0	0	0	0	0
89.1	0	0	0	0	0	0
89.3	0	2.16154e-15	0	0	0	0
89.5	0	2.17411e-15	0	0	0	0
89.7	0	0	0	0	0	0
89.9	0	0	0	0	0	0
90.1	0	0	0	0	0	0
90.3	0	0	0	0	0	0
90.5	0	0	0	0	0	0
90.7	0	0	0	0	0	0
90.9	0	2.24604e-15	0	0	0	0
91.1	0	0	0	0	0	0
91.3	0	0	0	0	0	0
91.5	0	0	0	0	0	0
91.7	0	0	0	0	0	0
91.9	0	0	0	0	0	0
92.1	0	0	0	0	0	0
92.3	0	2.30883e-15	0	0	0	0
92.5	0	0	0	0	0	0
92.7	0	4.66949e-15	0	0	0	0
92.9	0	0	0	0	0	0
93.1	0	0	0	0	0	0
93.3	0	0	0	0	0	0
93.5	0	0	0	0	0	0
93.7	0	0	0	0	0	0
93.9	0	0	0	0	0	0
94.1	0	0	0	0	0	0
94.3	0	2.40806e-15	0	0	0	0
94.5	0	0	0	0	0	0
94.7	0	2.42833e-15	0	0	0	0
94.9	0	0	0	0	0	0
95.1	0	0	0	0	0	0
95.3	0	0	0	0	0	0
95.5	0	0	0	0	0	0
95.7	0	0	0	0	0	0
95.9	0	0	0	0	0	0
96.1	0	2.51012e-15	0	0	0	0
96.3	0	0	0	0	0	0
96.5	0	2.52424e-15	0	0	0	0
96.7	0	0	0	0	0	0
96.9	0	0	0	0	0	0
97.1	0	0	0	0	0	0
97.3	0	2.56258e-15	0	0	0	0
97.5	0	0	0	0	0	0
97.7	0	0	0	0	0	0
97.9	0	0	0	0	0	0
98.1	0	0	0	0	0	0
98.3	0	0	0	0	0	0
98.5	0	0	0	0	0	0
98.7	0	0	0	0	0	0
98.9	0	0	0	0	0	0
99.1	0	0	0	0	0	0
99.3	0	0	0	0	0	0
99.5	0	2.68235e-15	0	0	0	0
99.7	0	2.69646e-15	0	0	0	0
99.9	0	2.71138e-15	0	0	0	0
100.1	0	0	0	0	0	0
