0.125	2.36367e-14	1.25027e-12	0	7.04214e-15	1.25276e-12	0
0.375	1.53824e-13	7.14893e-12	0	3.25785e-14	2.80877e-12	0
0.625	2.99149e-13	1.47888e-11	0	5.21125e-14	3.3339e-12	0
0.875	4.30369e-13	2.8284e-11	0	5.99376e-14	3.33924e-12	0
1.125	5.40098e-13	4.75516e-11	0	5.66588e-14	3.33736e-12	0
1.375	6.26938e-13	6.18971e-11	0	5.34156e-14	3.40163e-12	0
1.625	6.64849e-13	7.10098e-11	0	5.48162e-14	3.46009e-12	0
1.875	6.9045e-13	7.82112e-11	0	5.15002e-14	3.51904e-12	0
2.125	6.84389e-13	8.56381e-11	0	5.109e-14	3.56856e-12	0
2.375	6.85885e-13	9.23984e-11	0	4.76082e-14	3.57401e-12	0
2.625	6.79599e-13	9.89734e-11	0	4.82432e-14	3.68509e-12	0
2.875	6.53596e-13	1.04184e-10	0	5.03123e-14	3.69151e-12	0
3.125	6.14503e-13	1.06234e-10	0	4.63394e-14	3.63717e-12	0
3.375	5.80155e-13	1.04476e-10	0	4.73424e-14	3.59675e-12	0
3.625	5.34161e-13	9.79582e-11	0	4.66677e-14	3.51185e-12	0
3.875	5.14009e-13	8.72012e-11	0	4.44946e-14	3.4275e-12	0
4.125	4.70885e-13	7.30189e-11	0	4.51748e-14	3.30346e-12	0
4.375	4.45311e-13	5.78073e-11	0	4.63471e-14	3.17978e-12	0
4.625	4.12352e-13	4.42982e-11	0	4.51135e-14	3.09142e-12	0
4.875	3.6701e-13	3.38014e-11	0	4.38576e-14	2.94999e-12	0
5.125	3.48848e-13	2.58639e-11	0	4.33475e-14	2.84769e-12	0
5.375	3.31717e-13	2.00701e-11	0	4.0291e-14	2.73872e-12	0
5.625	2.89271e-13	1.61685e-11	0	4.05223e-14	2.61053e-12	0
5.875	2.73034e-13	1.33336e-11	0	3.99187e-14	2.49449e-12	0
6.125	2.42423e-13	1.13748e-11	0	3.85679e-14	2.4025e-12	0
6.375	2.18967e-13	9.878e-12	0	3.91466e-14	2.30241e-12	0
6.625	1.94368e-13	8.84136e-12	0	3.64959e-14	2.24347e-12	0
6.875	1.78468e-13	8.04009e-12	0	3.58924e-14	2.20001e-12	0
7.125	1.73846e-13	7.54269e-12	0	3.56614e-14	2.127e-12	0
7.375	1.58477e-13	7.01302e-12	0	3.52765e-14	2.13362e-12	0
7.625	1.39555e-13	6.50696e-12	0	3.35002e-14	2.10979e-12	0
7.875	1.27981e-13	6.00242e-12	0	3.33216e-14	2.11161e-12	0
8.125	1.13581e-13	5.5788e-12	0	3.09528e-14	2.11024e-12	0
8.375	1.16046e-13	5.25562e-12	0	3.09777e-14	2.11146e-12	0
8.625	1.00605e-13	4.89654e-12	0	3.18212e-14	2.09441e-12	0
8.875	1.03005e-13	4.57202e-12	0	3.28786e-14	2.03781e-12	0
9.125	9.76043e-14	4.27508e-12	0	2.84543e-14	1.95485e-12	0
9.375	9.0412e-14	3.96943e-12	0	2.98238e-14	1.91445e-12	0
9.625	8.18789e-14	3.80889e-12	0	2.78888e-14	1.82208e-12	0
9.875	7.53934e-14	3.63254e-12	0	2.81582e-14	1.76126e-12	0
10.125	7.39418e-14	3.45045e-12	0	2.64522e-14	1.7164e-12	0
10.375	7.25866e-14	3.31219e-12	0	2.81402e-14	1.61852e-12	0
10.625	6.65987e-14	3.14052e-12	0	2.8121e-14	1.53315e-12	0
10.875	6.42829e-14	3.00599e-12	0	2.64423e-14	1.43235e-12	0
11.125	6.29859e-14	2.92613e-12	0	2.43016e-14	1.42035e-12	0
11.375	5.92171e-14	2.82643e-12	0	2.31073e-14	1.39678e-12	0
11.625	6.22178e-14	2.69719e-12	0	2.38278e-14	1.28177e-12	0
11.875	5.62138e-14	2.58656e-12	0	2.32562e-14	1.25754e-12	0
12.125	5.51697e-14	2.49729e-12	0	2.59168e-14	1.27444e-12	0
12.375	5.20845e-14	2.40675e-12	0	2.38853e-14	1.18478e-12	0
12.625	5.2222e-14	2.31442e-12	0	2.08967e-14	1.13223e-12	0
12.875	4.62756e-14	2.24105e-12	0	2.2448e-14	1.08761e-12	0
13.125	4.74473e-14	2.14184e-12	0	2.03088e-14	1.04374e-12	0
13.375	4.52502e-14	2.06297e-12	0	2.10518e-14	1.00765e-12	0
13.625	4.68236e-14	1.97023e-12	0	1.85793e-14	9.85802e-13	0
13.875	4.82644e-14	1.93936e-12	0	1.78312e-14	9.01025e-13	0
14.125	4.19805e-14	1.85747e-12	0	1.88559e-14	8.50074e-13	0
14.375	3.9865e-14	1.81536e-12	0	1.86129e-14	8.28866e-13	0
14.625	3.88857e-14	1.74638e-12	0	1.72407e-14	7.90846e-13	0
14.875	3.96347e-14	1.67915e-12	0	1.7119e-14	7.62796e-13	0
15.125	3.7814e-14	1.64335e-12	0	1.58768e-14	7.53634e-13	0
15.375	3.54808e-14	1.56179e-12	0	1.60558e-14	7.15358e-13	0
15.625	3.38746e-14	1.48075e-12	0	1.5242e-14	6.92568e-13	0
15.875	3.22278e-14	1.50005e-12	0	1.47999e-14	6.98447e-13	0
16.125	3.1143e-14	1.42612e-12	0	1.57125e-14	6.27611e-13	0
16.375	3.43425e-14	1.36835e-12	0	1.26512e-14	6.57962e-13	0
16.625	3.04002e-14	1.29401e-12	0	1.40286e-14	5.79523e-13	0
16.875	3.74831e-14	1.27845e-12	0	1.22289e-14	5.62598e-13	0
17.125	2.70337e-14	1.23082e-12	0	1.1563e-14	5.57543e-13	0
17.375	3.08579e-14	1.13753e-12	0	1.26978e-14	5.24165e-13	0
17.625	2.97577e-14	1.15251e-12	0	1.31658e-14	4.9689e-13	0
17.875	3.06888e-14	1.13052e-12	0	1.41174e-14	5.00015e-13	0
18.125	3.22255e-14	1.06707e-12	0	1.1596e-14	4.80984e-13	0
18.375	2.71564e-14	1.0167e-12	0	1.21819e-14	4.45693e-13	0
18.625	2.61803e-14	1.03007e-12	0	1.76094e-14	4.53125e-13	0
18.875	2.35989e-14	9.41175e-13	0	1.14442e-14	4.36183e-13	0
19.125	2.32019e-14	9.39985e-13	0	9.5753e-15	4.02039e-13	0
19.375	1.96911e-14	9.32696e-13	0	1.11623e-14	4.08554e-13	0
19.625	2.61099e-14	8.52639e-13	0	9.464e-15	3.92851e-13	0
19.875	2.15673e-14	8.4614e-13	0	9.94217e-15	3.49641e-13	0
20.125	2.34626e-14	8.1995e-13	0	1.02095e-14	3.29448e-13	0
20.375	2.13166e-14	8.32006e-13	0	9.88262e-15	3.26648e-13	0
20.625	2.10683e-14	8.0194e-13	0	1.00209e-14	3.12845e-13	0
20.875	2.36616e-14	7.61299e-13	0	8.85794e-15	3.05036e-13	0
21.125	1.76784e-14	6.83082e-13	0	9.30003e-15	3.21332e-13	0
21.375	1.95446e-14	7.12291e-13	0	9.06664e-15	2.50628e-13	0
21.625	1.78662e-14	6.7869e-13	0	9.12644e-15	2.72484e-13	0
21.875	1.79114e-14	6.36707e-13	0	8.41262e-15	2.47497e-13	0
22.125	1.52608e-14	6.32252e-13	0	5.88331e-15	2.19085e-13	0
22.375	1.74825e-14	6.32502e-13	0	8.22295e-15	2.12655e-13	0
22.625	1.85236e-14	6.25648e-13	0	8.86733e-15	2.29418e-13	0
22.875	1.43996e-14	5.88843e-13	0	7.56973e-15	2.0368e-13	0
23.125	1.49948e-14	5.59136e-13	0	7.19802e-15	1.98651e-13	0
23.375	1.62352e-14	5.29107e-13	0	6.24663e-15	2.01008e-13	0
23.625	1.29092e-14	4.92027e-13	0	6.27114e-15	1.71212e-13	0
23.875	1.42338e-14	4.97045e-13	0	5.23298e-15	1.42501e-13	0
24.125	1.66472e-14	4.73784e-13	0	5.53509e-15	1.82402e-13	0
24.375	1.26338e-14	4.55808e-13	0	7.77369e-15	1.69298e-13	0
24.625	9.32179e-15	4.78494e-13	0	5.50146e-15	1.59499e-13	0
24.875	1.28597e-14	4.55556e-13	0	4.30616e-15	1.51806e-13	0
25.125	1.46658e-14	4.51796e-13	0	5.01714e-15	1.5682e-13	0
25.375	1.55088e-14	3.57599e-13	0	5.87256e-15	1.20615e-13	0
25.625	1.11546e-14	3.78292e-13	0	5.01468e-15	1.1673e-13	0
25.875	1.34936e-14	4.2126e-13	0	5.55697e-15	1.27631e-13	0
26.125	1.11772e-14	3.9297e-13	0	4.57713e-15	1.15238e-13	0
26.375	1.19175e-14	3.68771e-13	0	5.24754e-15	9.82461e-14	0
26.625	1.11247e-14	3.40326e-13	0	4.71212e-15	1.12187e-13	0
26.875	1.17835e-14	3.57144e-13	0	4.58577e-15	1.11094e-13	0
27.125	7.97935e-15	3.50654e-13	0	6.01505e-15	1.24563e-13	0
27.375	1.26877e-14	3.22148e-13	0	3.3942e-15	9.04993e-14	0
27.625	9.66573e-15	3.0491e-13	0	3.88031e-15	9.25463e-14	0
27.875	1.03125e-14	2.8615e-13	0	2.76453e-15	8.9376e-14	0
28.125	1.55623e-14	3.38469e-13	0	4.24371e-15	7.95625e-14	0
28.375	9.34792e-15	2.69202e-13	0	3.10299e-15	8.04434e-14	0
28.625	7.6968e-15	2.69925e-13	0	4.54629e-15	7.47591e-14	0
28.875	9.27009e-15	2.52266e-13	0	5.21899e-15	7.45105e-14	0
29.125	9.96297e-15	2.66645e-13	0	3.37229e-15	7.51725e-14	0
29.375	9.30057e-15	2.46997e-13	0	3.25741e-15	6.52766e-14	0
29.625	8.87069e-15	2.22987e-13	0	3.16799e-15	6.21573e-14	0
29.875	7.08427e-15	2.29718e-13	0	3.34164e-15	5.66436e-14	0
30.125	6.83267e-15	2.173e-13	0	3.14381e-15	7.38765e-14	0
30.375	7.1496e-15	2.06918e-13	0	6.14258e-15	6.9344e-14	0
30.625	9.19847e-15	2.01643e-13	0	2.42217e-15	4.16565e-14	0
30.875	1.03449e-14	1.94809e-13	0	3.21552e-15	6.26306e-14	0
31.125	8.2108e-15	1.9143e-13	0	2.53616e-15	5.04307e-14	0
31.375	1.08172e-14	2.02019e-13	0	2.83208e-15	4.55396e-14	0
31.625	7.468e-15	2.01996e-13	0	2.43585e-15	3.8493e-14	0
31.875	7.29166e-15	1.98156e-13	0	2.77346e-15	2.34896e-14	0
32.125	6.58731e-15	1.88997e-13	0	1.9587e-15	4.25515e-14	0
32.375	6.63096e-15	1.62648e-13	0	3.15159e-15	3.53013e-14	0
32.625	9.89769e-15	1.72829e-13	0	2.48438e-15	3.6283e-14	0
32.875	6.63808e-15	1.46309e-13	0	1.27703e-15	3.2815e-14	0
33.125	5.07081e-15	1.32442e-13	0	2.65456e-15	2.80743e-14	0
33.375	5.37023e-15	1.43468e-13	0	1.99829e-15	3.86309e-14	0
33.625	5.10609e-15	1.35195e-13	0	2.03238e-15	3.8033e-14	0
33.875	6.74222e-15	1.39212e-13	0	1.27285e-15	2.59947e-14	0
34.125	5.75516e-15	1.45433e-13	0	1.92768e-15	2.90896e-14	0
34.375	4.34585e-15	1.36181e-13	0	1.71687e-15	2.75695e-14	0
34.625	4.22718e-15	1.54815e-13	0	2.09471e-15	2.06459e-14	0
34.875	3.49531e-15	1.19252e-13	0	1.723e-15	2.03303e-14	0
35.125	5.36259e-15	1.34956e-13	0	2.7572e-15	2.48879e-14	0
35.375	4.3447e-15	1.37298e-13	0	1.93396e-15	3.1052e-14	0
35.625	3.9708e-15	1.29424e-13	0	2.40761e-15	2.36481e-14	0
35.875	5.41068e-15	1.25584e-13	0	1.7199e-15	2.43031e-14	0
36.125	5.27309e-15	1.18179e-13	0	1.91259e-15	1.48249e-14	0
36.375	4.20118e-15	1.16409e-13	0	1.59262e-15	1.74123e-14	0
36.625	3.9134e-15	1.05002e-13	0	1.89485e-15	1.35551e-14	0
36.875	4.81118e-15	1.0879e-13	0	1.01641e-15	1.83652e-14	0
37.125	2.83953e-15	1.0592e-13	0	1.63194e-15	1.34138e-14	0
37.375	2.67996e-15	9.74355e-14	0	1.15833e-15	1.6825e-14	0
37.625	2.79255e-15	9.83981e-14	0	1.28078e-15	2.2731e-14	0
37.875	3.39716e-15	9.35623e-14	0	1.20584e-15	1.27286e-14	0
38.125	4.26767e-15	9.3289e-14	0	1.21359e-15	1.30672e-14	0
38.375	3.02798e-15	1.02195e-13	0	1.26112e-15	1.76e-14	0
38.625	4.01557e-15	9.42506e-14	0	5.90506e-16	1.2222e-14	0
38.875	4.20166e-15	8.49585e-14	0	1.48062e-15	1.11262e-14	0
39.125	2.3473e-15	8.96476e-14	0	1.42961e-15	1.27707e-14	0
39.375	6.90048e-15	9.34127e-14	0	1.09992e-16	1.68924e-14	0
39.625	1.76963e-15	9.04341e-14	0	1.39778e-15	1.07568e-14	0
39.875	2.27471e-15	8.06135e-14	0	7.33612e-16	1.32663e-14	0
40.125	2.38979e-15	8.1814e-14	0	1.24173e-15	1.47767e-14	0
40.375	6.52864e-15	8.94626e-14	0	1.61175e-15	1.0219e-14	0
40.625	2.35191e-15	8.69454e-14	0	1.0135e-15	9.89773e-15	0
40.875	2.72008e-15	8.11948e-14	0	7.7951e-16	1.09526e-14	0
41.125	2.89225e-15	9.2756e-14	0	1.05419e-15	1.1319e-14	0
41.375	3.21148e-15	8.34971e-14	0	1.45959e-15	8.69406e-15	0
41.625	1.90631e-15	7.66137e-14	0	9.54973e-16	8.36672e-15	0
41.875	2.19506e-15	7.95767e-14	0	6.96854e-16	7.99345e-15	0
42.125	2.1917e-15	7.99079e-14	0	5.92563e-16	9.03567e-15	0
42.375	2.42823e-15	7.48694e-14	0	3.20234e-16	7.13014e-15	0
42.625	1.98566e-15	6.96276e-14	0	1.22111e-15	1.21841e-14	0
42.875	1.13008e-15	7.37632e-14	0	9.08474e-16	9.48536e-15	0
43.125	1.73743e-15	6.8948e-14	0	1.34711e-15	8.51297e-15	0
43.375	2.21006e-15	7.11563e-14	0	1.0543e-15	7.97576e-15	0
43.625	1.78513e-15	7.081e-14	0	5.48963e-16	8.77047e-15	0
43.875	4.04672e-15	6.9093e-14	0	5.44344e-16	6.8946e-15	0
44.125	2.56266e-15	7.48322e-14	0	7.55004e-16	7.60283e-15	0
44.375	1.80486e-15	6.12888e-14	0	2.20137e-15	6.26006e-15	0
44.625	1.85099e-15	6.68265e-14	0	9.62975e-16	8.59972e-15	0
44.875	1.65883e-15	6.68973e-14	0	5.63706e-16	5.58821e-15	0
45.125	1.58926e-15	6.17175e-14	0	4.91602e-16	6.49622e-15	0
45.375	6.87737e-16	6.20824e-14	0	1.63032e-16	5.47633e-15	0
45.625	9.32746e-16	5.97325e-14	0	1.05732e-15	5.97662e-15	0
45.875	1.20209e-15	5.98847e-14	0	8.03298e-16	5.23345e-15	0
46.125	1.04342e-15	6.11335e-14	0	4.27265e-16	4.11426e-15	0
46.375	8.00327e-16	5.9563e-14	0	4.72693e-16	5.64652e-15	0
46.625	1.73024e-15	6.23183e-14	0	8.43882e-16	5.70875e-15	0
46.875	1.47041e-15	5.57259e-14	0	5.67825e-16	4.86924e-15	0
47.125	1.34651e-15	5.99283e-14	0	5.89547e-16	4.84252e-15	0
47.375	7.55676e-16	5.79365e-14	0	1.47773e-16	5.68731e-15	0
47.625	1.44676e-15	5.47348e-14	0	3.29693e-16	6.05058e-15	0
47.875	2.57015e-15	5.21263e-14	0	5.29768e-16	5.91786e-15	0
48.125	6.86028e-16	5.53721e-14	0	5.05657e-16	4.5886e-15	0
48.375	1.55883e-15	5.04453e-14	0	6.15943e-16	4.98326e-15	0
48.625	1.43597e-15	5.11477e-14	0	0	3.65614e-15	0
48.875	7.92259e-16	5.08211e-14	0	0	4.14505e-15	0
49.125	1.3156e-15	5.46803e-14	0	2.32207e-16	4.3805e-15	0
49.375	1.11071e-15	4.78321e-14	0	1.7116e-16	6.01242e-15	0
49.625	1.6292e-15	5.28631e-14	0	8.45218e-16	4.39479e-15	0
49.875	4.47022e-16	4.75788e-14	0	7.4106e-16	2.34136e-15	0
50.125	2.1205e-15	4.78057e-14	0	2.24608e-16	4.35861e-15	0
50.375	1.61805e-15	4.50028e-14	0	1.4363e-16	3.51953e-15	0
50.625	1.05504e-15	5.26899e-14	0	1.77794e-16	3.81161e-15	0
50.875	8.70015e-16	4.50076e-14	0	0	3.84894e-15	0
51.125	1.00392e-15	4.68765e-14	0	1.73493e-16	2.71723e-15	0
51.375	1.21511e-15	4.36465e-14	0	6.33807e-16	2.22565e-15	0
51.625	4.88733e-16	4.3964e-14	0	0	3.65467e-15	0
51.875	1.47887e-15	4.01356e-14	0	2.30173e-16	2.53365e-15	0
52.125	3.69932e-16	4.12413e-14	0	1.99734e-16	3.59454e-15	0
52.375	6.17886e-16	4.00907e-14	0	8.37236e-16	2.85507e-15	0
52.625	6.41653e-16	4.14097e-14	0	5.35047e-16	1.964e-15	0
52.875	8.57158e-16	3.90762e-14	0	0	4.15437e-15	0
53.125	4.39941e-16	3.7192e-14	0	1.66873e-16	2.65952e-15	0
53.375	0	3.59983e-14	0	0	3.3889e-15	0
53.625	1.63925e-15	3.99991e-14	0	4.63117e-16	2.56478e-15	0
53.875	2.25049e-15	3.6816e-14	0	2.27084e-16	3.30799e-15	0
54.125	6.82816e-16	3.71577e-14	0	0	3.19053e-15	0
54.375	1.08684e-15	3.71611e-14	0	0	2.4917e-15	0
54.625	6.57622e-16	3.76745e-14	0	2.31292e-16	2.51186e-15	0
54.875	0	3.57918e-14	0	0	2.08822e-15	0
55.125	2.67584e-16	3.40258e-14	0	1.8613e-16	2.4122e-15	0
55.375	0	3.43637e-14	0	0	2.27919e-15	0
55.625	4.82672e-16	3.67911e-14	0	2.19205e-16	1.22703e-15	0
55.875	7.07091e-16	3.15576e-14	0	3.97562e-16	1.85801e-15	0
56.125	1.52634e-15	3.49119e-14	0	0	7.81103e-16	0
56.375	7.2609e-16	3.44822e-14	0	1.81363e-16	1.88966e-15	0
56.625	8.47515e-16	3.50745e-14	0	0	1.90693e-15	0
56.875	2.16043e-16	3.22166e-14	0	1.97545e-16	1.60251e-15	0
57.125	6.69627e-16	3.3312e-14	0	0	1.61706e-15	0
57.375	2.32605e-16	3.09982e-14	0	0	2.28032e-15	0
57.625	5.10453e-16	3.04403e-14	0	0	1.48068e-15	0
57.875	2.6542e-16	3.2369e-14	0	2.60318e-16	1.65882e-15	0
58.125	2.25512e-16	3.08116e-14	0	0	1.67337e-15	0
58.375	2.671e-16	2.49949e-14	0	2.60231e-16	1.52028e-15	0
58.625	0	2.8954e-14	0	0	2.72226e-15	0
58.875	0	2.52469e-14	0	0	8.59382e-16	0
59.125	2.50934e-16	2.76037e-14	0	0	1.73173e-15	0
59.375	2.60358e-16	2.41119e-14	0	0	1.92233e-15	0
59.625	0	2.23751e-14	0	0	0	0
59.875	6.67992e-16	2.50447e-14	0	0	1.59792e-15	0
60.125	5.59386e-16	2.65114e-14	0	2.03259e-16	1.07443e-15	0
60.375	2.16068e-16	2.492e-14	0	0	5.40768e-16	0
60.625	0	2.27627e-14	0	0	9.10372e-16	0
60.875	4.67932e-16	2.27596e-14	0	0	2.01848e-15	0
61.125	5.49891e-16	2.18489e-14	0	2.23404e-16	2.22151e-15	0
61.375	0	2.07196e-14	0	0	1.68126e-15	0
61.625	0	2.22016e-14	0	0	1.1306e-15	0
61.875	0	2.16312e-14	0	0	9.68448e-16	0
62.125	0	2.16038e-14	0	0	1.53074e-15	0
62.375	2.31217e-16	2.33246e-14	0	0	9.64097e-16	0
62.625	0	2.17613e-14	0	0	3.89834e-16	0
62.875	0	1.93953e-14	0	2.73852e-16	1.95294e-16	0
63.125	4.79958e-16	2.07352e-14	0	3.04453e-16	7.89951e-16	0
63.375	0	1.87009e-14	0	0	5.98809e-16	0
63.625	0	1.7658e-14	0	0	4.01716e-16	0
63.875	3.05545e-16	1.90056e-14	0	0	8.07468e-16	0
64.125	2.603e-16	1.73163e-14	0	2.32927e-15	4.07315e-16	0
64.375	0	1.90963e-14	0	0	8.22518e-16	0
64.625	2.65291e-16	1.44861e-14	0	0	1.03463e-15	0
64.875	0	1.48215e-14	0	0	1.46009e-15	0
65.125	0	1.36598e-14	0	0	1.26077e-15	0
65.375	0	1.88597e-14	0	0	1.06061e-15	0
65.625	2.42628e-15	2.00644e-14	0	0	6.3994e-16	0
65.875	3.15218e-16	1.24663e-14	0	0	0	0
66.125	0	1.90605e-14	0	0	4.34318e-16	0
66.375	0	1.2442e-14	0	0	4.36099e-16	0
66.625	3.64655e-16	1.34096e-14	0	0	4.40135e-16	0
66.875	0	1.59589e-14	0	0	4.4216e-16	0
67.125	0	1.4733e-14	0	0	8.93862e-16	0
67.375	0	1.52992e-14	0	0	6.74738e-16	0
67.625	0	1.58667e-14	0	0	4.52668e-16	0
67.875	0	1.34635e-14	0	0	4.57136e-16	0
68.125	0	1.08118e-14	0	0	4.6018e-16	0
68.375	2.93306e-16	1.20465e-14	0	0	2.3228e-16	0
68.625	0	1.12056e-14	0	0	4.66639e-16	0
68.875	0	1.29342e-14	0	0	7.06296e-16	0
69.125	2.96579e-16	1.11298e-14	0	0	2.35962e-16	0
69.375	0	1.02577e-14	0	0	7.16391e-16	0
69.625	0	1.03362e-14	0	0	2.4085e-16	0
69.875	0	1.18547e-14	0	0	4.83205e-16	0
70.125	0	1.02359e-14	0	0	4.86949e-16	0
70.375	0	1.17865e-14	0	0	2.45306e-16	0
70.625	0	1.4085e-14	0	0	7.40897e-16	0
70.875	0	8.72342e-15	0	0	2.49357e-16	0
71.125	0	9.53164e-15	0	0	2.50912e-16	0
71.375	0	1.06019e-14	0	0	2.52495e-16	0
71.625	0	9.65839e-15	0	0	2.54965e-16	0
71.875	0	8.96089e-15	0	0	2.55695e-16	0
72.125	0	7.73099e-15	0	0	2.57227e-16	0
72.375	0	8.5645e-15	0	0	0	0
72.625	0	6.53143e-15	0	0	2.61104e-16	0
72.875	0	9.21075e-15	0	0	0	0
73.125	0	1.05975e-14	0	0	2.64807e-16	0
73.375	0	9.33578e-15	0	0	2.67394e-16	0
73.625	0	8.05722e-15	0	0	2.68799e-16	0
73.875	0	8.38689e-15	0	0	0	0
74.125	0	7.8946e-15	0	0	0	0
74.375	0	5.21382e-15	0	0	2.74271e-16	0
74.625	0	6.6261e-15	0	0	8.29057e-16	0
74.875	0	6.665e-15	0	0	8.3389e-16	0
75.125	0	4.19366e-15	0	0	0	0
75.375	0	7.3176e-15	0	0	0	0
75.625	0	6.51679e-15	0	0	5.66755e-16	0
75.875	0	5.9899e-15	0	0	0	0
76.125	0	5.17123e-15	0	0	0	0
76.375	0	4.33368e-15	0	0	0	0
76.625	0	6.98529e-15	0	0	2.91377e-16	0
76.875	0	6.15184e-15	0	0	2.93051e-16	0
77.125	0	3.24193e-15	0	0	0	0
77.375	0	3.56442e-15	0	0	0	0
77.625	0	3.58429e-15	0	0	0	0
77.875	0	4.21081e-15	0	0	0	0
78.125	0	3.62594e-15	0	0	3.03179e-16	0
78.375	0	2.74056e-15	0	0	0	0
78.625	0	5.82206e-15	0	0	0	0
78.875	0	4.62088e-15	0	0	0	0
79.125	3.48667e-16	3.72211e-15	0	0	0	0
79.375	0	3.74486e-15	0	0	0	0
79.625	0	6.9137e-15	0	0	0	0
79.875	0	3.47914e-15	0	0	0	0
80.125	0	5.73148e-15	0	0	0	0
80.375	0	1.60126e-15	0	0	0	0
80.625	0	3.22158e-15	0	0	0	0
80.875	0	3.88906e-15	0	0	0	0
81.125	0	1.95651e-15	0	0	0	0
81.375	0	2.95605e-15	0	0	0	0
81.625	0	3.3019e-15	0	0	0	0
81.875	0	3.98462e-15	0	0	0	0
82.125	0	2.67671e-15	0	0	0	0
82.375	0	1.68144e-15	0	0	0	0
82.625	0	4.05953e-15	0	0	0	0
82.875	0	3.06796e-15	0	0	0	0
83.125	0	1.7113e-15	0	0	0	0
83.375	0	2.40888e-15	0	0	0	0
83.625	0	3.81248e-15	0	0	0	0
83.875	0	1.74221e-15	0	0	0	0
84.125	0	2.80383e-15	0	0	3.515e-16	0
84.375	0	1.76429e-15	0	0	0	0
84.625	0	1.77475e-15	0	0	0	0
84.875	0	2.4989e-15	0	0	0	0
85.125	0	2.51325e-15	0	0	0	0
85.375	0	2.52717e-15	0	0	0	0
85.625	0	1.09219e-15	0	0	0	0
85.875	0	7.28963e-16	0	0	0	0
86.125	0	1.10408e-15	0	0	0	0
86.375	0	1.8474e-15	0	0	0	0
86.625	0	1.11465e-15	0	0	0	0
86.875	0	1.49678e-15	0	0	0	0
87.125	0	1.12846e-15	0	0	0	0
87.375	0	1.88936e-15	0	0	0	0
87.625	0	1.52089e-15	0	0	0	0
87.875	0	1.9134e-15	0	0	0	0
88.125	0	1.5404e-15	0	0	0	0
88.375	0	1.93552e-15	0	0	0	0
88.625	0	1.5567e-15	0	0	0	0
88.875	0	1.17559e-15	0	0	0	0
89.125	0	1.18035e-15	0	0	0	0
89.375	0	1.58025e-15	0	0	0	0
89.625	0	1.99058e-15	0	0	0	0
89.875	0	1.20072e-15	0	0	0	0
90.125	0	2.01261e-15	0	0	0	0
90.375	0	1.21458e-15	0	0	0	0
90.625	0	8.12583e-16	0	0	0	0
90.875	0	1.63901e-15	0	0	0	0
91.125	0	4.11449e-16	0	0	0	0
91.375	0	2.06873e-15	0	0	0	0
91.625	0	1.66344e-15	0	0	0	0
91.875	0	8.38733e-16	0	0	0	0
92.125	0	4.21909e-16	0	0	0	0
92.375	0	1.26832e-15	0	0	0	0
92.625	0	8.51617e-16	0	0	0	0
92.875	0	8.54392e-16	0	0	0	0
93.125	0	4.30873e-16	0	0	0	0
93.375	0	8.65208e-16	0	0	0	0
93.625	0	0	0	0	0	0
93.875	0	0	0	0	0	0
94.125	0	4.39605e-16	0	0	0	0
94.375	0	0	0	0	0	0
94.625	0	0	0	0	4.44683e-16	0
94.875	0	0	0	0	0	0
95.125	0	0	0	0	0	0
95.375	0	0	0	0	0	0
95.625	0	0	0	0	0	0
95.875	0	4.55739e-16	0	0	0	0
96.125	0	9.15965e-16	0	0	0	0
96.375	0	0	0	0	0	0
96.625	0	4.61972e-16	0	0	0	0
96.875	0	0	0	0	0	0
97.125	0	4.66294e-16	0	0	0	0
97.375	0	0	0	0	0	0
97.625	0	0	0	0	0	0
97.875	0	0	0	0	0	0
98.125	0	4.77134e-16	0	0	0	0
98.375	0	0	0	0	0	0
98.625	0	0	0	0	0	0
98.875	0	0	0	0	0	0
99.125	0	4.87829e-16	0	0	0	0
99.375	0	0	0	0	0	0
99.625	0	0	0	0	0	0
99.875	0	0	0	0	0	0
100.125	0	0	0	0	0	0
100.375	0	0	0	0	0	0
100.625	0	0	0	0	0	0
100.875	0	0	0	0	0	0
101.125	0	0	0	0	0	0
101.375	0	0	0	0	0	0
101.625	0	0	0	0	0	0
101.875	0	0	0	0	0	0
102.125	0	0	0	0	0	0
102.375	0	0	0	0	0	0
102.625	0	0	0	0	0	0
102.875	0	5.24116e-16	0	0	0	0
103.125	0	0	0	0	0	0
103.375	0	0	0	0	0	0
103.625	0	0	0	0	0	0
103.875	0	0	0	0	0	0
104.125	0	0	0	0	0	0
104.375	0	0	0	0	0	0
104.625	0	5.44154e-16	0	0	0	0
104.875	0	0	0	0	0	0
105.125	0	0	0	0	0	0
105.375	0	0	0	0	0	0
105.625	0	0	0	0	0	0
105.875	0	0	0	0	0	0
106.125	0	0	0	0	0	0
106.375	0	0	0	0	0	0
106.625	0	0	0	0	0	0
106.875	0	0	0	0	0	0
107.125	0	0	0	0	0	0
107.375	0	0	0	0	0	0
107.625	0	0	0	0	0	0
107.875	0	0	0	0	0	0
108.125	0	0	0	0	0	0
108.375	0	0	0	0	0	0
108.625	0	0	0	0	0	0
108.875	0	0	0	0	0	0
109.125	0	0	0	0	0	0
109.375	0	0	0	0	0	0
109.625	0	0	0	0	0	0
109.875	0	0	0	0	0	0
110.125	0	0	0	0	0	0
110.375	0	0	0	0	0	0
110.625	0	0	0	0	0	0
110.875	0	0	0	0	0	0
111.125	0	0	0	0	0	0
111.375	0	0	0	0	0	0
111.625	0	0	0	0	0	0
111.875	0	0	0	0	0	0
112.125	0	0	0	0	0	0
112.375	0	0	0	0	0	0
112.625	0	0	0	0	0	0
112.875	0	0	0	0	0	0
113.125	0	0	0	0	0	0
113.375	0	0	0	0	0	0
113.625	0	0	0	0	0	0
113.875	0	0	0	0	0	0
114.125	0	0	0	0	0	0
114.375	0	0	0	0	0	0
114.625	0	0	0	0	0	0
114.875	0	0	0	0	0	0
115.125	0	0	0	0	0	0
115.375	0	0	0	0	0	0
115.625	0	0	0	0	0	0
115.875	0	0	0	0	0	0
116.125	0	0	0	0	0	0
116.375	0	0	0	0	0	0
116.625	0	0	0	0	0	0
116.875	0	0	0	0	0	0
117.125	0	0	0	0	0	0
117.375	0	0	0	0	0	0
117.625	0	0	0	0	0	0
117.875	0	0	0	0	0	0
118.125	0	0	0	0	0	0
118.375	0	0	0	0	0	0
118.625	0	0	0	0	0	0
118.875	0	0	0	0	0	0
119.125	0	0	0	0	0	0
119.375	0	0	0	0	0	0
119.625	0	0	0	0	0	0
119.875	0	0	0	0	0	0
120.125	0	0	0	0	0	0
120.375	0	0	0	0	0	0
120.625	0	0	0	0	0	0
120.875	0	0	0	0	0	0
121.125	0	0	0	0	0	0
121.375	0	0	0	0	0	0
121.625	0	0	0	0	0	0
121.875	0	0	0	0	0	0
122.125	0	0	0	0	0	0
122.375	0	0	0	0	0	0
122.625	0	0	0	0	0	0
122.875	0	0	0	0	0	0
123.125	0	0	0	0	0	0
123.375	0	0	0	0	0	0
123.625	0	0	0	0	0	0
123.875	0	0	0	0	0	0
124.125	0	0	0	0	0	0
124.375	0	0	0	0	0	0
124.625	0	0	0	0	0	0
124.875	0	0	0	0	0	0
125.125	0	0	0	0	0	0
