0.025	26925.1	5.67214e+06	0	0	6.83457e+06	0
0.075	2.56426e+06	5.80915e+07	0	194495	8.50855e+07	0
0.125	3.8416e+06	1.48711e+08	0	1.38771e+06	2.63977e+08	0
0.175	7.19588e+06	2.57985e+08	0	854790	3.07191e+08	0
0.225	3.79729e+07	3.76733e+08	0	2.60271e+07	3.19525e+08	0
0.275	2.15e+07	4.84397e+08	0	3.67189e+06	3.50111e+08	0
0.325	4.7849e+07	6.00749e+08	0	5.66586e+06	4.75834e+08	0
0.375	2.29572e+08	7.41761e+08	0	2.62741e+07	5.15623e+08	0
0.425	4.59672e+07	8.91249e+08	0	7.11469e+06	6.07002e+08	0
0.475	1.06856e+08	1.01647e+09	0	9.38056e+06	8.95694e+08	0
0.525	7.48096e+07	1.22748e+09	0	5.51601e+06	8.1453e+08	0
0.575	5.6212e+07	1.41126e+09	0	9.04385e+06	9.55865e+08	0
0.625	2.17915e+08	1.82407e+09	0	1.04763e+07	1.02645e+09	0
0.675	1.79806e+08	2.02559e+09	0	1.50975e+07	1.22776e+09	0
0.725	8.10681e+07	2.34708e+09	0	1.93199e+07	1.22049e+09	0
0.775	2.05418e+08	3.23021e+09	0	1.44927e+07	1.17494e+09	0
0.825	4.26718e+08	5.87937e+09	0	1.13615e+07	1.41361e+09	0
0.875	1.40403e+08	1.04102e+10	0	8.35488e+06	1.56744e+09	0
0.925	1.61878e+08	1.15403e+10	0	8.09073e+06	1.49002e+09	0
0.975	1.98172e+08	1.32185e+10	0	2.84229e+07	1.49938e+09	0
1.025	2.07582e+08	1.42734e+10	0	1.48626e+07	1.45061e+09	0
1.075	2.07766e+08	1.57605e+10	0	2.09284e+07	1.37477e+09	0
1.125	2.09427e+08	1.61322e+10	0	1.73831e+07	1.5617e+09	0
1.175	3.48583e+08	1.82039e+10	0	1.33913e+07	1.37538e+09	0
1.225	1.57108e+08	1.89581e+10	0	1.33907e+07	1.51431e+09	0
1.275	2.10224e+08	1.9059e+10	0	1.16721e+07	1.45578e+09	0
1.325	1.31048e+08	2.03224e+10	0	1.06186e+07	1.50597e+09	0
1.375	1.39709e+08	2.17786e+10	0	1.54736e+07	1.77417e+09	0
1.425	1.87644e+08	2.23397e+10	0	3.25959e+07	1.4688e+09	0
1.475	2.17019e+08	2.28435e+10	0	8.88412e+06	1.32015e+09	0
1.525	2.86572e+08	2.46184e+10	0	6.14768e+06	1.51167e+09	0
1.575	4.4775e+08	2.46653e+10	0	1.23566e+07	1.48689e+09	0
1.625	1.77263e+08	2.47746e+10	0	1.04456e+07	1.4078e+09	0
1.675	2.65682e+08	2.65593e+10	0	3.06598e+07	1.31063e+09	0
1.725	3.44274e+08	2.63158e+10	0	1.12181e+07	1.54447e+09	0
1.775	2.49838e+08	2.6665e+10	0	3.75087e+07	2.13779e+09	0
1.825	3.11621e+08	2.89944e+10	0	1.74999e+07	1.82339e+09	0
1.875	2.3007e+08	2.8656e+10	0	1.09893e+07	1.44708e+09	0
1.925	3.31595e+08	2.96372e+10	0	3.59639e+07	1.62685e+09	0
1.975	1.09888e+08	3.02634e+10	0	1.34951e+07	1.47487e+09	0
2.025	3.01004e+08	3.12393e+10	0	2.97434e+07	1.69702e+09	0
2.075	3.44139e+08	3.2118e+10	0	6.80667e+06	1.68861e+09	0
2.125	2.33946e+08	3.25167e+10	0	1.64035e+07	1.56673e+09	0
2.175	5.33676e+08	3.33441e+10	0	2.26485e+07	1.68e+09	0
2.225	2.97301e+08	3.44686e+10	0	1.32245e+07	1.60853e+09	0
2.275	6.55422e+08	3.50826e+10	0	9.65034e+06	1.67816e+09	0
2.325	2.24754e+08	3.65498e+10	0	8.30238e+06	1.71785e+09	0
2.375	1.8685e+08	3.71784e+10	0	9.27273e+06	1.58817e+09	0
2.425	3.86033e+08	3.87412e+10	0	1.82545e+07	1.8404e+09	0
2.475	5.21241e+08	3.88996e+10	0	1.08051e+07	1.33704e+09	0
2.525	5.04565e+08	3.96909e+10	0	1.37279e+07	1.69365e+09	0
2.575	1.19823e+08	4.15128e+10	0	6.23877e+06	1.79568e+09	0
2.625	3.21173e+08	4.26991e+10	0	8.62425e+06	1.56969e+09	0
2.675	3.29634e+08	4.19693e+10	0	1.24559e+07	1.49647e+09	0
2.725	4.84248e+08	4.23875e+10	0	1.44238e+07	1.51345e+09	0
2.775	1.87218e+08	4.28926e+10	0	1.14019e+07	1.479e+09	0
2.825	2.14566e+08	4.4007e+10	0	2.19726e+07	1.56606e+09	0
2.875	5.53567e+08	4.52126e+10	0	1.36429e+07	1.61218e+09	0
2.925	4.48466e+08	4.56038e+10	0	3.53524e+07	1.54096e+09	0
2.975	5.25843e+08	4.47495e+10	0	8.90631e+06	1.5464e+09	0
3.025	3.49937e+08	4.73742e+10	0	1.13972e+07	1.62277e+09	0
3.075	1.82768e+08	4.65759e+10	0	7.76231e+06	1.62477e+09	0
3.125	5.45076e+08	4.53293e+10	0	2.98784e+07	1.63857e+09	0
3.175	2.81078e+08	4.72285e+10	0	1.47611e+07	2.17936e+09	0
3.225	3.05688e+08	4.70522e+10	0	1.6568e+07	1.25307e+09	0
3.275	1.74529e+08	4.70586e+10	0	5.93797e+06	1.60424e+09	0
3.325	3.91045e+08	4.59254e+10	0	4.69499e+07	1.82994e+09	0
3.375	9.10295e+07	4.51623e+10	0	1.63365e+07	1.80218e+09	0
3.425	2.04045e+08	4.37705e+10	0	8.01345e+06	1.46793e+09	0
3.475	4.71779e+08	4.39604e+10	0	1.83297e+07	1.58276e+09	0
3.525	1.34101e+08	4.23579e+10	0	7.4182e+06	1.55651e+09	0
3.575	3.05124e+08	4.34725e+10	0	7.63696e+06	1.61711e+09	0
3.625	1.3832e+08	4.24311e+10	0	6.68653e+06	1.67328e+09	0
3.675	3.71957e+08	4.00761e+10	0	4.95211e+06	1.24815e+09	0
3.725	2.61351e+08	3.91032e+10	0	6.98659e+06	1.69912e+09	0
3.775	3.83303e+08	4.05533e+10	0	1.1983e+07	1.45278e+09	0
3.825	2.23179e+08	3.711e+10	0	1.3303e+07	1.59921e+09	0
3.875	1.31221e+08	3.37204e+10	0	1.13153e+07	1.54305e+09	0
3.925	1.7378e+08	3.38499e+10	0	4.48566e+07	1.41528e+09	0
3.975	2.24694e+08	3.11286e+10	0	7.29877e+06	1.80936e+09	0
4.025	1.64517e+08	3.0738e+10	0	1.02096e+07	1.20102e+09	0
4.075	3.62323e+08	2.89605e+10	0	7.95063e+06	1.55231e+09	0
4.125	2.02508e+08	2.48498e+10	0	1.69582e+07	1.49751e+09	0
4.175	3.94974e+08	2.46387e+10	0	9.29136e+06	1.16132e+09	0
4.225	5.53588e+08	2.2609e+10	0	1.57679e+07	1.64934e+09	0
4.275	2.51002e+08	2.2512e+10	0	5.25328e+06	1.44228e+09	0
4.325	2.97322e+08	1.95439e+10	0	2.2301e+07	1.35169e+09	0
4.375	4.02661e+08	1.88902e+10	0	3.47005e+07	1.75527e+09	0
4.425	1.64485e+08	1.68689e+10	0	8.16612e+06	1.67026e+09	0
4.475	3.20246e+08	1.58363e+10	0	9.77444e+06	1.37832e+09	0
4.525	4.62384e+07	1.54292e+10	0	1.29355e+07	1.27959e+09	0
4.575	2.64648e+08	1.4678e+10	0	8.09078e+06	1.50807e+09	0
4.625	2.13653e+08	1.31258e+10	0	7.61131e+06	1.39077e+09	0
4.675	1.76818e+08	1.19971e+10	0	7.71936e+06	1.28382e+09	0
4.725	6.6403e+07	1.12326e+10	0	6.8301e+06	1.41748e+09	0
4.775	1.02325e+08	1.00876e+10	0	1.5144e+07	1.16592e+09	0
4.825	3.83688e+07	1.0034e+10	0	1.36791e+07	1.27467e+09	0
4.875	1.01819e+08	9.16877e+09	0	5.71073e+06	1.42151e+09	0
4.925	5.29688e+08	8.32925e+09	0	4.57202e+06	1.0939e+09	0
4.975	1.31575e+08	9.49435e+09	0	6.6995e+06	1.22376e+09	0
5.025	2.32829e+08	9.45464e+09	0	1.00207e+07	1.5342e+09	0
5.075	3.77718e+08	7.73006e+09	0	6.23452e+06	1.52386e+09	0
5.125	2.08386e+08	7.63094e+09	0	1.3536e+07	1.90713e+09	0
5.175	1.2196e+08	6.25731e+09	0	6.78835e+06	1.05251e+09	0
5.225	7.15522e+07	6.46617e+09	0	8.4533e+07	1.26374e+09	0
5.275	6.30623e+07	6.61822e+09	0	1.06424e+07	1.25859e+09	0
5.325	1.92846e+08	6.0327e+09	0	1.18208e+07	1.53561e+09	0
5.375	2.21633e+08	5.25992e+09	0	3.98879e+07	1.4274e+09	0
5.425	9.17504e+07	6.01574e+09	0	3.58724e+06	1.38498e+09	0
5.475	1.60782e+08	5.24469e+09	0	6.76094e+06	1.45099e+09	0
5.525	9.91298e+07	4.87424e+09	0	7.64684e+06	1.37213e+09	0
5.575	3.9798e+08	4.88738e+09	0	2.93211e+07	9.5564e+08	0
5.625	1.23485e+08	4.46936e+09	0	2.55382e+06	1.07563e+09	0
5.675	2.14275e+08	4.2871e+09	0	8.25588e+06	1.36473e+09	0
5.725	4.12319e+07	5.30443e+09	0	1.14632e+07	1.09447e+09	0
5.775	5.22751e+08	3.81702e+09	0	1.05283e+07	1.19818e+09	0
5.825	1.69295e+07	4.32784e+09	0	1.51512e+07	1.29434e+09	0
5.875	1.62855e+08	4.12673e+09	0	4.19818e+07	1.08746e+09	0
5.925	2.51019e+07	3.89153e+09	0	8.92094e+06	9.24464e+08	0
5.975	4.9291e+07	3.88292e+09	0	1.79494e+07	1.24991e+09	0
6.025	6.37503e+07	3.75159e+09	0	8.24718e+06	1.24582e+09	0
6.075	1.11878e+08	3.47928e+09	0	1.10124e+07	1.56585e+09	0
6.125	1.28086e+08	3.86768e+09	0	2.0088e+06	1.60199e+09	0
6.175	1.28881e+08	4.1892e+09	0	9.96026e+06	1.10988e+09	0
6.225	3.13407e+07	3.36413e+09	0	5.75144e+06	9.83867e+08	0
6.275	3.355e+07	3.15453e+09	0	3.3572e+06	1.2066e+09	0
6.325	1.30249e+08	2.9222e+09	0	3.86583e+06	8.90872e+08	0
6.375	7.22072e+07	2.98785e+09	0	8.85941e+06	9.57965e+08	0
6.425	1.12269e+08	3.09061e+09	0	5.78101e+06	7.5072e+08	0
6.475	1.56028e+08	2.85219e+09	0	1.79928e+06	1.00413e+09	0
6.525	1.50915e+07	3.77416e+09	0	7.50344e+06	1.00858e+09	0
6.575	5.18631e+07	3.31931e+09	0	8.26808e+06	1.07327e+09	0
6.625	7.2656e+07	2.99788e+09	0	2.86437e+06	1.41701e+09	0
6.675	4.10354e+07	3.04825e+09	0	4.68477e+06	9.75985e+08	0
6.725	2.06419e+08	3.05198e+09	0	9.93396e+06	1.70111e+09	0
6.775	4.46387e+07	3.37301e+09	0	3.9417e+06	9.44043e+08	0
6.825	2.15894e+07	2.74972e+09	0	1.52521e+07	8.51577e+08	0
6.875	3.1867e+07	2.74638e+09	0	1.16401e+07	1.28882e+09	0
6.925	1.39749e+07	3.50177e+09	0	5.20336e+06	1.15513e+09	0
6.975	1.50238e+08	3.25657e+09	0	1.19377e+07	1.2825e+09	0
7.025	2.5983e+07	3.74488e+09	0	1.43479e+07	1.43808e+09	0
7.075	1.9033e+07	2.62478e+09	0	9.94815e+06	8.05083e+08	0
7.125	1.73028e+07	2.0993e+09	0	6.3526e+06	1.42721e+09	0
7.175	9.49471e+07	2.48873e+09	0	5.51225e+06	1.35619e+09	0
7.225	3.24997e+07	2.4137e+09	0	2.49204e+07	1.79966e+09	0
7.275	1.45419e+08	2.60365e+09	0	1.35809e+07	1.66607e+09	0
7.325	2.00196e+08	3.4119e+09	0	7.17452e+06	1.36986e+09	0
7.375	3.43666e+07	3.07655e+09	0	1.16913e+06	1.23416e+09	0
7.425	1.63769e+07	3.13793e+09	0	7.30059e+06	6.8721e+08	0
7.475	8.50307e+07	2.50637e+09	0	1.54868e+07	7.68378e+08	0
7.525	1.64623e+07	2.35952e+09	0	2.83644e+06	1.28433e+09	0
7.575	4.60058e+08	2.53082e+09	0	1.69751e+07	1.45713e+09	0
7.625	2.7974e+07	2.15878e+09	0	8.14001e+06	1.20909e+09	0
7.675	6.40222e+07	2.45077e+09	0	3.22761e+06	8.23878e+08	0
7.725	2.46652e+07	2.71718e+09	0	8.82385e+07	9.90809e+08	0
7.775	2.33787e+07	2.14138e+09	0	9.94592e+06	1.02632e+09	0
7.825	2.4935e+07	1.68942e+09	0	4.44219e+06	8.80734e+08	0
7.875	2.93928e+07	1.62188e+09	0	2.97764e+06	1.17464e+09	0
7.925	3.55562e+07	2.90782e+09	0	1.12735e+07	7.92389e+08	0
7.975	2.51811e+07	1.86717e+09	0	1.3449e+06	8.50222e+08	0
8.025	9.83357e+07	3.2386e+09	0	4.92855e+06	1.09263e+09	0
8.075	1.64629e+07	2.90371e+09	0	3.08135e+06	1.68203e+09	0
8.125	3.2255e+07	2.21909e+09	0	1.0241e+08	1.00917e+09	0
8.175	2.2238e+07	2.25295e+09	0	6.58388e+06	1.20081e+09	0
8.225	2.20358e+07	2.51697e+09	0	1.48718e+07	8.72365e+08	0
8.275	2.92156e+07	1.58849e+09	0	1.01895e+07	8.62201e+08	0
8.325	1.7835e+07	1.96662e+09	0	6.30312e+06	1.56085e+09	0
8.375	1.1273e+07	1.53146e+09	0	8.4073e+06	7.33625e+08	0
8.425	2.49758e+07	2.83859e+09	0	6.50701e+06	9.70344e+08	0
8.475	2.62321e+07	1.56984e+09	0	1.22964e+07	1.44379e+09	0
8.525	2.65025e+07	1.78395e+09	0	6.31661e+06	6.30864e+08	0
8.575	1.38895e+07	1.80593e+09	0	1.00449e+06	1.38333e+09	0
8.625	2.71843e+07	1.39783e+09	0	1.94155e+07	8.41916e+08	0
8.675	1.36046e+07	2.04552e+09	0	1.19162e+07	1.95152e+09	0
8.725	1.59853e+07	1.08513e+09	0	6.28374e+06	7.59982e+08	0
8.775	9.06229e+07	1.2574e+09	0	1.35077e+07	7.28314e+08	0
8.825	1.31077e+07	2.10511e+09	0	1.84e+07	7.45637e+08	0
8.875	7.33851e+07	1.8117e+09	0	1.4139e+06	7.98739e+08	0
8.925	8.8956e+07	2.1914e+09	0	5.71945e+06	8.44835e+08	0
8.975	2.0323e+07	1.33672e+09	0	3.26553e+06	1.16184e+09	0
9.025	2.21785e+07	1.52773e+09	0	3.47441e+06	9.4523e+08	0
9.075	2.15799e+08	1.60037e+09	0	3.17048e+06	9.29286e+08	0
9.125	3.32505e+07	1.11831e+09	0	1.15819e+07	6.86104e+08	0
9.175	1.64859e+07	1.5787e+09	0	7.79391e+06	6.12494e+08	0
9.225	2.8638e+07	2.12559e+09	0	7.98859e+06	7.74606e+08	0
9.275	1.24348e+07	1.50505e+09	0	4.92945e+06	9.69932e+08	0
9.325	2.2941e+07	1.78998e+09	0	4.33082e+06	5.69061e+08	0
9.375	1.63226e+07	1.37327e+09	0	1.99927e+06	1.23286e+09	0
9.425	1.1371e+08	1.66411e+09	0	8.1209e+06	8.02811e+08	0
9.475	2.47219e+07	2.15157e+09	0	2.0753e+06	5.35112e+08	0
9.525	1.15354e+07	1.91459e+09	0	3.92093e+07	6.71466e+08	0
9.575	1.87324e+07	2.17808e+09	0	7.71877e+06	4.20283e+08	0
9.625	1.31563e+08	9.74149e+08	0	5.24633e+06	1.26882e+09	0
9.675	2.29023e+07	1.79257e+09	0	2.49072e+06	6.31644e+08	0
9.725	1.60763e+07	1.86732e+09	0	0	6.53946e+08	0
9.775	1.08114e+07	1.58902e+09	0	4.74257e+06	8.78112e+08	0
9.825	1.12024e+07	1.34695e+09	0	6.98112e+06	5.35301e+08	0
9.875	1.93714e+07	1.39345e+09	0	1.68038e+06	4.35979e+08	0
9.925	4.25036e+07	2.03293e+09	0	4.8594e+06	9.44783e+08	0
9.975	1.53828e+07	1.78024e+09	0	1.0203e+07	1.17627e+09	0
10.025	2.8429e+07	9.32751e+08	0	5.5419e+06	7.31743e+08	0
10.075	2.11809e+07	1.71942e+09	0	3.64871e+06	5.92852e+08	0
10.125	1.22512e+07	7.67916e+08	0	4.98825e+06	4.35507e+08	0
10.175	1.33784e+07	1.10069e+09	0	4.17898e+06	6.36969e+08	0
10.225	9.22131e+06	8.34753e+08	0	1.58657e+07	9.90279e+08	0
10.275	2.32936e+07	1.68483e+09	0	3.49553e+06	1.06807e+09	0
10.325	3.17903e+07	1.24551e+09	0	0	7.11169e+08	0
10.375	9.7982e+06	1.48526e+09	0	0	8.74456e+08	0
10.425	1.10636e+07	9.24472e+08	0	7.06595e+06	3.52585e+08	0
10.475	2.02597e+07	1.13236e+09	0	6.83712e+06	9.97284e+08	0
10.525	1.15463e+07	1.04689e+09	0	2.84589e+06	5.42225e+08	0
10.575	2.28641e+07	1.1682e+09	0	1.50722e+06	3.24075e+08	0
10.625	2.3669e+07	1.11243e+09	0	6.38962e+06	3.6365e+08	0
10.675	1.10602e+07	1.06195e+09	0	6.83123e+06	7.365e+08	0
10.725	2.38217e+07	1.6418e+09	0	6.19012e+06	7.24352e+08	0
10.775	1.001e+07	1.19033e+09	0	5.36438e+06	7.60681e+08	0
10.825	1.6277e+07	7.21735e+08	0	1.61867e+06	5.89908e+08	0
10.875	3.08266e+07	6.7741e+08	0	6.09215e+06	7.2266e+08	0
10.925	1.81216e+07	1.31817e+09	0	1.80442e+07	1.04244e+09	0
10.975	6.11174e+06	7.3866e+08	0	5.91563e+06	8.41778e+08	0
11.025	1.64243e+08	9.67723e+08	0	3.35386e+06	4.51093e+08	0
11.075	7.91493e+06	1.12593e+09	0	4.96014e+06	2.9885e+08	0
11.125	1.60942e+07	7.72706e+08	0	2.83744e+06	9.46725e+08	0
11.175	1.95018e+08	7.60341e+08	0	7.99098e+06	6.43097e+08	0
11.225	1.69417e+07	1.13219e+09	0	9.46729e+06	6.03136e+08	0
11.275	1.09817e+07	5.7763e+08	0	4.58755e+06	5.46916e+08	0
11.325	4.31688e+07	1.1388e+09	0	1.90677e+06	2.25318e+08	0
11.375	2.59286e+07	7.43059e+08	0	2.14137e+07	1.09486e+09	0
11.425	2.75237e+07	1.13737e+09	0	6.09137e+06	3.21997e+08	0
11.475	1.53666e+07	1.35335e+09	0	2.82704e+07	1.57069e+08	0
11.525	1.01931e+07	6.59484e+08	0	4.76405e+06	3.75794e+08	0
11.575	7.93391e+06	1.27476e+09	0	4.21331e+07	2.48354e+08	0
11.625	1.50007e+07	9.05091e+08	0	0	3.86311e+08	0
11.675	2.09961e+07	1.08125e+09	0	5.13303e+06	2.25705e+08	0
11.725	4.2463e+06	8.99353e+08	0	0	2.46496e+08	0
11.775	8.46982e+06	7.49422e+08	0	0	2.76889e+08	0
11.825	2.02609e+07	5.24296e+08	0	3.54359e+07	2.68225e+08	0
11.875	1.53535e+07	5.8131e+08	0	4.38313e+06	3.34153e+08	0
11.925	3.05123e+07	1.10417e+09	0	4.45973e+06	5.69655e+08	0
11.975	3.89713e+07	1.77964e+09	0	4.9537e+06	2.66179e+08	0
12.025	8.94696e+06	1.10062e+09	0	6.84089e+06	1.46836e+08	0
12.075	1.65875e+07	9.59721e+08	0	5.85691e+06	4.40063e+08	0
12.125	2.24907e+07	6.15957e+08	0	2.86526e+06	1.37629e+09	0
12.175	1.92215e+07	1.34599e+09	0	7.51737e+06	1.7955e+08	0
12.225	4.27217e+06	1.34057e+09	0	7.67675e+06	1.16717e+09	0
12.275	9.22862e+06	9.14962e+08	0	8.48979e+06	4.06867e+08	0
12.325	8.57132e+06	1.14584e+09	0	5.69776e+06	1.10851e+08	0
12.375	1.34458e+07	9.0497e+08	0	1.05969e+07	6.32202e+08	0
12.425	1.53573e+07	3.20692e+08	0	1.58112e+06	2.92674e+08	0
12.475	1.28047e+07	7.83145e+08	0	6.64498e+06	2.18329e+08	0
12.525	1.29395e+07	1.14307e+09	0	6.29922e+06	2.82209e+08	0
12.575	1.08449e+07	7.93153e+08	0	4.19329e+06	3.50523e+08	0
12.625	3.39906e+07	1.09329e+09	0	5.23579e+06	4.02663e+08	0
12.675	1.03344e+07	8.95415e+08	0	3.09744e+06	1.61058e+08	0
12.725	1.75846e+07	8.3669e+08	0	0	1.89927e+08	0
12.775	2.64816e+07	3.31114e+08	0	7.81502e+06	3.83025e+08	0
12.825	5.11483e+06	1.29591e+09	0	2.02676e+06	3.55026e+08	0
12.875	1.43703e+07	7.08159e+08	0	0	2.0307e+08	0
12.925	2.19109e+07	9.05023e+08	0	7.17918e+06	1.02633e+09	0
12.975	1.63377e+07	4.22662e+08	0	1.42214e+07	6.26567e+08	0
13.025	9.49339e+06	7.4086e+08	0	1.58218e+06	1.89214e+08	0
13.075	9.52612e+06	5.7613e+08	0	2.26489e+06	1.25238e+08	0
13.125	9.97551e+06	6.37487e+08	0	0	5.6638e+08	0
13.175	1.05986e+07	1.02588e+09	0	3.55634e+06	3.3707e+07	0
13.225	1.27862e+07	4.51546e+08	0	2.25646e+06	4.57088e+08	0
13.275	7.9981e+06	5.41691e+08	0	3.00689e+06	1.86799e+08	0
13.325	9.9988e+06	4.74587e+08	0	2.90538e+06	5.01912e+08	0
13.375	4.06342e+06	9.24895e+08	0	0	7.90212e+08	0
13.425	9.81701e+06	6.63039e+08	0	3.92551e+06	8.91146e+08	0
13.475	5.91193e+06	1.34642e+09	0	2.81882e+06	2.29836e+07	0
13.525	1.94317e+07	7.66818e+08	0	4.07112e+06	5.97874e+08	0
13.575	7.03967e+06	2.13747e+08	0	0	8.67257e+07	0
13.625	2.38157e+07	2.58603e+08	0	2.34769e+06	3.4698e+08	0
13.675	6.61705e+06	1.27263e+09	0	8.27696e+06	2.9757e+08	0
13.725	1.19644e+07	9.26412e+08	0	4.11463e+06	1.24668e+08	0
13.775	1.1795e+07	5.65032e+08	0	0	2.75433e+08	0
13.825	9.66192e+06	7.3646e+08	0	1.80661e+06	2.50586e+08	0
13.875	1.09298e+07	1.14682e+09	0	4.38816e+06	6.13115e+08	0
13.925	2.22032e+07	8.51997e+08	0	1.63201e+07	5.41258e+08	0
13.975	2.88562e+07	8.65557e+08	0	2.44519e+06	5.78032e+08	0
14.025	1.95305e+07	9.64735e+08	0	1.02613e+07	1.3456e+08	0
14.075	3.96831e+06	4.46532e+08	0	2.59786e+06	9.91727e+07	0
14.125	1.49596e+07	2.42383e+08	0	5.46133e+06	8.0018e+06	0
14.175	8.48366e+06	9.50994e+08	0	7.74808e+06	1.0796e+08	0
14.225	5.24994e+06	1.77822e+08	0	0	3.57898e+08	0
14.275	1.93197e+07	2.74844e+08	0	2.7278e+06	3.96039e+07	0
14.325	1.97997e+07	3.04462e+08	0	4.13343e+06	5.00776e+08	0
14.375	1.98281e+07	3.10345e+08	0	0	2.24858e+08	0
14.425	7.08189e+06	3.30694e+08	0	4.4913e+06	3.23696e+08	0
14.475	5.43197e+06	8.84756e+08	0	3.12506e+06	6.92051e+08	0
14.525	1.88152e+07	5.35272e+08	0	2.40532e+06	5.11958e+08	0
14.575	2.3144e+07	6.49932e+08	0	0	2.07573e+08	0
14.625	8.23887e+06	1.13191e+08	0	0	2.04433e+08	0
14.675	1.56843e+07	5.78747e+08	0	8.75711e+06	1.2082e+07	0
14.725	2.31698e+07	3.46395e+08	0	5.26165e+06	5.49773e+08	0
14.775	6.33682e+06	5.32776e+08	0	0	2.1852e+08	0
14.825	2.45171e+06	5.94196e+08	0	1.10664e+07	1.97426e+07	0
14.875	8.91592e+06	7.876e+08	0	2.35525e+06	2.25713e+07	0
14.925	6.258e+06	3.03323e+08	0	1.96041e+06	3.81934e+07	0
14.975	0	7.19482e+08	0	1.89937e+06	9.95743e+07	0
15.025	2.64595e+07	1.56573e+09	0	0	1.44378e+08	0
15.075	9.83425e+06	5.24578e+08	0	1.75609e+06	1.91436e+07	0
15.125	6.86378e+06	2.34434e+08	0	6.25613e+06	3.62263e+08	0
15.175	1.48098e+07	6.73767e+08	0	2.11613e+06	4.9328e+08	0
15.225	1.31584e+07	1.06692e+09	0	1.35735e+07	1.84889e+07	0
15.275	0	3.36764e+08	0	1.44378e+08	5.22544e+08	0
15.325	5.02149e+06	4.11752e+08	0	7.37672e+06	2.10152e+07	0
15.375	2.22967e+07	7.33204e+08	0	0	1.99724e+08	0
15.425	2.1531e+07	5.44939e+08	0	8.92983e+06	2.3407e+08	0
15.475	1.16988e+07	1.50005e+08	0	1.72861e+06	7.6472e+08	0
15.525	1.90088e+07	4.2995e+08	0	3.0653e+06	9.24006e+08	0
15.575	1.88142e+07	3.72283e+08	0	0	1.41561e+08	0
15.625	2.79506e+06	3.94254e+08	0	0	1.71277e+08	0
15.675	1.40575e+07	3.22772e+08	0	2.19932e+07	2.01683e+08	0
15.725	4.91779e+06	3.18908e+08	0	3.78683e+06	3.96789e+08	0
15.775	1.02555e+07	1.24894e+08	0	1.89652e+06	2.31898e+07	0
15.825	6.04727e+06	3.71717e+08	0	3.22677e+06	2.78432e+08	0
15.875	1.50332e+07	5.76761e+08	0	0	1.67236e+07	0
15.925	6.01125e+06	7.5205e+07	0	0	1.22552e+08	0
15.975	1.04629e+07	4.75873e+08	0	2.93344e+06	1.28585e+08	0
16.025	0	3.15613e+08	0	6.63383e+06	1.26424e+08	0
16.075	5.60301e+06	4.18189e+08	0	0	2.01564e+08	0
16.125	8.44572e+06	6.78018e+08	0	1.58796e+07	1.13319e+08	0
16.175	3.28467e+07	2.54029e+08	0	6.94935e+06	1.1642e+08	0
16.225	1.44686e+07	1.38661e+08	0	1.17352e+07	1.22235e+08	0
16.275	8.74147e+06	2.02991e+08	0	3.05747e+06	7.31403e+08	0
16.325	1.30342e+07	1.89581e+08	0	0	1.53537e+08	0
16.375	0	2.91231e+08	0	1.62444e+07	3.17795e+07	0
16.425	2.51036e+07	1.05438e+09	0	4.93285e+06	2.14776e+07	0
16.475	0	1.00638e+08	0	3.3775e+06	1.52571e+08	0
16.525	1.1775e+07	1.26556e+08	0	7.00944e+06	6.25004e+08	0
16.575	1.65601e+07	3.49576e+08	0	6.75722e+07	4.80808e+08	0
16.625	4.71255e+06	4.4932e+08	0	0	2.31825e+08	0
16.675	0	2.26838e+08	0	3.98983e+06	1.28411e+08	0
16.725	7.64992e+06	4.25292e+08	0	3.26581e+06	1.67697e+08	0
16.775	6.33944e+06	3.75889e+08	0	0	1.00573e+07	0
16.825	8.75605e+06	2.29556e+08	0	2.78255e+06	2.70559e+08	0
16.875	3.25905e+07	2.14264e+08	0	0	2.06054e+08	0
16.925	9.20962e+06	9.29471e+07	0	4.73846e+06	1.16039e+08	0
16.975	1.02895e+07	9.4688e+07	0	0	3.15175e+07	0
17.025	1.03003e+07	9.21938e+08	0	6.0549e+06	1.60217e+07	0
17.075	1.07951e+07	4.75222e+08	0	6.85783e+06	3.46256e+07	0
17.125	1.42263e+07	1.92998e+08	0	0	2.48557e+07	0
17.175	6.56776e+06	1.11112e+09	0	6.80852e+06	2.67049e+08	0
17.225	9.38801e+06	1.05733e+09	0	0	2.63878e+07	0
17.275	3.80269e+06	4.44165e+08	0	4.54653e+07	8.30433e+08	0
17.325	0	1.05563e+08	0	1.80043e+07	1.31153e+07	0
17.375	0	1.09029e+08	0	0	2.81126e+07	0
17.425	2.08565e+07	1.90405e+08	0	0	2.60809e+08	0
17.475	5.35614e+06	2.40042e+08	0	9.25356e+06	1.58596e+07	0
17.525	0	2.92206e+08	0	4.74941e+06	1.01184e+07	0
17.575	1.25387e+07	1.10953e+08	0	6.91098e+06	2.39931e+08	0
17.625	1.16036e+07	7.43486e+08	0	0	2.54935e+07	0
17.675	1.78665e+07	2.21928e+08	0	0	1.76633e+08	0
17.725	9.74901e+06	1.1296e+08	0	3.55144e+06	1.55499e+08	0
17.775	3.31969e+07	3.2079e+08	0	2.13445e+06	2.32603e+07	0
17.825	7.23358e+06	9.27391e+08	0	2.6058e+06	2.41744e+07	0
17.875	9.54878e+06	4.4009e+08	0	3.99842e+06	4.40457e+08	0
17.925	2.36071e+07	5.92247e+08	0	7.0883e+06	7.08272e+08	0
17.975	0	3.38576e+08	0	7.6617e+06	1.77866e+08	0
18.025	0	2.41054e+08	0	0	2.23968e+08	0
18.075	1.34814e+07	1.03355e+08	0	2.24172e+07	1.58372e+07	0
18.125	6.75038e+06	5.73734e+08	0	8.68537e+06	2.46333e+08	0
18.175	3.16665e+06	7.9706e+07	0	0	1.32861e+07	0
18.225	4.77685e+06	7.70099e+08	0	0	1.24716e+08	0
18.275	4.6143e+06	4.16542e+08	0	0	2.60237e+08	0
18.325	3.72837e+06	1.08648e+08	0	0	9.13688e+06	0
18.375	0	7.10859e+08	0	5.24138e+06	1.57148e+07	0
18.425	0	7.40581e+07	0	0	1.4301e+07	0
18.475	0	3.53595e+08	0	5.43091e+06	1.38905e+08	0
18.525	1.16717e+07	8.36202e+08	0	0	2.53178e+07	0
18.575	7.07718e+06	1.21589e+08	0	0	2.10742e+08	0
18.625	4.39792e+06	2.08804e+08	0	4.96248e+06	1.79819e+07	0
18.675	5.35006e+06	2.17141e+08	0	0	2.1352e+08	0
18.725	9.71266e+06	8.91577e+07	0	1.23782e+07	3.27584e+07	0
18.775	9.58294e+06	7.19653e+08	0	0	4.23364e+08	0
18.825	1.43223e+07	4.16807e+08	0	0	3.16171e+08	0
18.875	1.19668e+07	2.47308e+08	0	0	1.89454e+08	0
18.925	1.5059e+07	5.60914e+08	0	4.17495e+06	4.48015e+07	0
18.975	5.9641e+06	2.53811e+08	0	4.11667e+06	1.36877e+09	0
19.025	1.31007e+07	2.27378e+08	0	0	1.88219e+08	0
19.075	8.7438e+06	3.10733e+08	0	1.53412e+07	1.89283e+08	0
19.125	9.60206e+06	2.32729e+08	0	0	1.55682e+07	0
19.175	3.66955e+06	3.04843e+08	0	1.17237e+07	1.40785e+07	0
19.225	6.75042e+06	2.82864e+08	0	1.57186e+07	1.5234e+07	0
19.275	2.00836e+07	6.03153e+08	0	0	1.13935e+07	0
19.325	0	1.0839e+08	0	2.60546e+06	2.32485e+07	0
19.375	7.66279e+06	2.58963e+08	0	1.42966e+07	3.21997e+06	0
19.425	4.8362e+06	1.11725e+08	0	4.50167e+06	1.99234e+07	0
19.475	0	1.21987e+08	0	3.05561e+06	1.65978e+07	0
19.525	9.55941e+06	7.40589e+07	0	0	1.45032e+07	0
19.575	3.0482e+06	7.26759e+07	0	5.69579e+06	2.34884e+07	0
19.625	1.45685e+07	7.04854e+08	0	0	4.85496e+07	0
19.675	2.52892e+07	4.66196e+08	0	0	9.07035e+06	0
19.725	0	2.7777e+08	0	1.97796e+07	1.60882e+07	0
19.775	7.44905e+06	8.40885e+07	0	0	4.32456e+07	0
19.825	6.91002e+06	2.3205e+08	0	0	3.70348e+08	0
19.875	0	6.71516e+08	0	5.81594e+07	1.16277e+07	0
19.925	8.09266e+06	2.95178e+08	0	0	4.57586e+07	0
19.975	0	1.093e+08	0	0	5.31714e+06	0
20.025	4.79696e+06	4.35651e+08	0	4.28667e+06	2.81409e+06	0
20.075	5.8877e+06	1.14916e+08	0	0	8.41626e+06	0
20.125	1.84114e+07	2.46105e+08	0	9.41344e+06	5.48756e+06	0
20.175	4.72135e+06	9.15161e+07	0	1.58931e+07	1.66368e+07	0
20.225	6.81968e+06	9.3261e+07	0	1.72913e+07	3.04969e+07	0
20.275	5.55543e+06	2.77483e+08	0	0	2.25695e+07	0
20.325	3.32528e+06	3.0172e+08	0	3.66055e+06	9.00034e+06	0
20.375	0	2.78504e+08	0	0	2.29334e+07	0
20.425	2.30921e+07	6.18832e+07	0	4.02873e+06	2.79526e+07	0
20.475	4.17539e+06	8.42633e+07	0	3.66583e+06	3.26634e+07	0
20.525	5.94404e+06	7.09415e+07	0	0	4.55037e+08	0
20.575	8.24038e+06	4.33635e+08	0	0	3.49586e+06	0
20.625	4.56433e+06	3.2341e+08	0	2.06514e+07	1.76721e+07	0
20.675	1.94995e+07	9.95023e+07	0	0	1.01723e+07	0
20.725	0	9.38634e+07	0	0	3.09273e+07	0
20.775	0	4.94582e+08	0	1.31946e+07	1.38291e+07	0
20.825	8.76755e+06	1.08422e+08	0	7.22422e+06	4.03854e+07	0
20.875	1.89371e+07	9.12448e+07	0	0	1.73425e+07	0
20.925	1.66041e+07	2.17922e+08	0	0	1.49955e+07	0
20.975	2.95715e+06	8.37762e+07	0	5.46001e+06	5.48969e+06	0
21.025	5.13253e+06	4.42551e+08	0	0	1.1107e+07	0
21.075	0	4.37828e+08	0	0	1.70954e+07	0
21.125	1.638e+07	1.05269e+08	0	0	8.48997e+06	0
21.175	4.86928e+06	5.55482e+07	0	0	1.20565e+07	0
21.225	4.16979e+06	7.65722e+08	0	9.64728e+06	4.9663e+07	0
21.275	3.85857e+06	1.03812e+08	0	0	9.4066e+06	0
21.325	0	6.94611e+07	0	0	1.69512e+07	0
21.375	8.33606e+06	7.86901e+08	0	0	2.66577e+08	0
21.425	4.5518e+06	5.43409e+08	0	0	2.4499e+06	0
21.475	4.27446e+06	1.26572e+08	0	8.11136e+06	1.5609e+07	0
21.525	1.30405e+07	3.37398e+08	0	0	3.09833e+08	0
21.575	5.63282e+06	1.24705e+08	0	4.82655e+06	3.97479e+07	0
21.625	3.39688e+06	2.46012e+08	0	5.09727e+06	1.58764e+07	0
21.675	5.71848e+06	8.71928e+07	0	0	1.16031e+07	0
21.725	5.91282e+06	2.46723e+08	0	0	1.42434e+07	0
21.775	6.68555e+06	6.66772e+07	0	0	2.09417e+07	0
21.825	5.20447e+06	3.49161e+08	0	0	4.20637e+08	0
21.875	0	6.39383e+07	0	0	1.96956e+07	0
21.925	2.33485e+07	7.68675e+07	0	0	0	0
21.975	7.29457e+06	1.11911e+08	0	0	3.09031e+07	0
22.025	0	7.49716e+07	0	0	4.46983e+07	0
22.075	1.3012e+07	4.94465e+07	0	0	6.04109e+06	0
22.125	8.86768e+06	8.46364e+07	0	0	2.69765e+08	0
22.175	0	1.07675e+08	0	5.26083e+06	0	0
22.225	0	3.10925e+08	0	0	1.46834e+07	0
22.275	5.20875e+06	2.72393e+08	0	7.19187e+06	1.7031e+07	0
22.325	0	7.80638e+07	0	0	1.15224e+07	0
22.375	4.7633e+06	5.40798e+07	0	0	8.82757e+06	0
22.425	0	7.75621e+07	0	4.61516e+06	1.79817e+07	0
22.475	0	8.81866e+07	0	4.06044e+06	1.7291e+07	0
22.525	0	1.15429e+08	0	3.92572e+06	1.27105e+07	0
22.575	1.75053e+07	1.4933e+09	0	0	3.94692e+07	0
22.625	9.86102e+06	9.57624e+07	0	0	1.96186e+08	0
22.675	0	4.8521e+07	0	4.52608e+06	6.54919e+06	0
22.725	4.77794e+06	5.72581e+07	0	0	6.56635e+06	0
22.775	1.91265e+07	4.75138e+07	0	0	2.09339e+07	0
22.825	0	7.39118e+07	0	0	1.25579e+07	0
22.875	1.12549e+07	6.47533e+07	0	6.33148e+06	1.97596e+07	0
22.925	0	1.01964e+08	0	0	1.68712e+07	0
22.975	1.51759e+07	7.05959e+07	0	1.30812e+07	5.21011e+08	0
23.025	3.76733e+06	3.01537e+08	0	2.73338e+07	3.78324e+07	0
23.075	1.35996e+07	1.09083e+08	0	0	9.85175e+06	0
23.125	0	7.04825e+07	0	0	9.90493e+08	0
23.175	0	4.14137e+08	0	5.63343e+07	6.76432e+06	0
23.225	0	4.8562e+07	0	1.48003e+07	6.23694e+06	0
23.275	1.7883e+07	9.52004e+07	0	9.4267e+06	2.03752e+07	0
23.325	0	6.786e+07	0	0	1.01126e+07	0
23.375	6.03666e+06	1.77629e+09	0	0	6.33114e+06	0
23.425	0	7.10121e+07	0	0	1.29267e+07	0
23.475	1.31872e+07	6.80098e+07	0	0	6.66716e+06	0
23.525	6.45441e+06	8.9337e+07	0	0	2.0371e+07	0
23.575	0	8.62902e+07	0	0	7.26946e+06	0
23.625	4.23454e+06	8.03853e+07	0	1.37302e+07	0	0
23.675	0	6.34655e+07	0	0	1.43183e+07	0
23.725	0	6.79989e+07	0	0	7.674e+06	0
23.775	0	6.34496e+07	0	0	2.57249e+07	0
23.825	0	1.0371e+08	0	0	1.51503e+07	0
23.875	0	9.85929e+07	0	1.21138e+07	0	0
23.925	9.9051e+06	4.24816e+07	0	1.3912e+07	1.70797e+07	0
23.975	1.63189e+07	4.66905e+07	0	0	3.77331e+06	0
24.025	4.28429e+06	7.0044e+07	0	0	2.0113e+07	0
24.075	2.73442e+07	4.97176e+07	0	0	7.63784e+06	0
24.125	6.52228e+06	3.90532e+07	0	0	7.33407e+06	0
24.175	2.06047e+07	5.30314e+07	0	0	4.42756e+06	0
24.225	1.33642e+07	6.5535e+07	0	0	4.68278e+07	0
24.275	0	5.46935e+07	0	7.66294e+06	1.52853e+07	0
24.325	0	8.81772e+07	0	0	1.81611e+07	0
24.375	4.7436e+06	5.19292e+07	0	0	1.92571e+07	0
24.425	0	4.7815e+07	0	0	1.20499e+07	0
24.475	4.10282e+06	8.76084e+07	0	0	3.85594e+07	0
24.525	0	5.78129e+07	0	0	8.07032e+06	0
24.575	0	6.47993e+07	0	0	8.33599e+06	0
24.625	7.78819e+06	5.60767e+07	0	0	4.17529e+06	0
24.675	0	2.54803e+07	0	0	1.92479e+07	0
24.725	2.30455e+07	3.56805e+08	0	0	1.24735e+07	0
24.775	0	6.80496e+07	0	0	0	0
24.825	0	3.42297e+07	0	0	1.17173e+07	0
24.875	1.12666e+07	5.84934e+07	0	0	4.33577e+07	0
24.925	0	6.65121e+08	0	0	1.85848e+07	0
24.975	0	6.76206e+07	0	7.55212e+07	7.13461e+06	0
25.025	5.61749e+06	3.83025e+07	0	0	2.20597e+08	0
25.075	6.73362e+06	7.57346e+07	0	4.8526e+06	3.58425e+07	0
25.125	0	7.55962e+07	0	0	0	0
25.175	1.33762e+07	6.4381e+07	0	6.69504e+06	1.52496e+07	0
25.225	0	9.26629e+07	0	0	1.7345e+07	0
25.275	0	6.01336e+07	0	0	1.23683e+07	0
25.325	1.653e+07	6.42913e+07	0	0	6.37238e+08	0
25.375	9.74606e+06	3.32328e+07	0	0	7.75695e+06	0
25.425	0	5.83262e+07	0	0	2.50022e+07	0
25.475	0	5.98079e+07	0	0	2.43602e+07	0
25.525	1.51896e+07	3.50859e+08	0	0	3.31004e+07	0
25.575	7.63803e+06	4.66909e+07	0	1.25511e+07	4.28042e+06	0
25.625	0	6.36772e+07	0	0	1.14557e+07	0
25.675	0	8.76328e+07	0	7.49843e+06	1.30201e+07	0
25.725	1.05964e+07	7.46634e+07	0	0	8.45015e+06	0
25.775	0	6.46886e+07	0	0	2.67117e+07	0
25.825	0	5.3995e+07	0	0	1.83918e+07	0
25.875	0	5.42512e+07	0	0	3.91184e+06	0
25.925	0	9.38487e+07	0	0	5.27334e+07	0
25.975	8.16313e+06	3.94219e+07	0	0	1.69592e+07	0
26.025	1.12661e+07	4.49541e+07	0	0	1.20403e+07	0
26.075	5.51214e+06	4.03754e+07	0	0	1.6215e+07	0
26.125	0	3.81655e+07	0	0	4.77291e+06	0
26.175	1.75454e+07	4.55939e+07	0	0	3.69645e+06	0
26.225	0	3.92728e+07	0	0	1.94761e+07	0
26.275	0	4.96971e+07	0	0	4.08631e+06	0
26.325	6.48635e+06	6.32124e+07	0	0	0	0
26.375	0	4.56348e+07	0	0	1.23056e+07	0
26.425	0	4.0853e+07	0	0	0	0
26.475	0	4.71686e+07	0	0	8.52498e+06	0
26.525	0	4.78701e+07	0	0	8.04693e+07	0
26.575	5.10354e+06	8.58071e+07	0	0	2.47147e+07	0
26.625	4.87636e+06	2.63496e+07	0	0	9.43922e+06	0
26.675	0	2.96445e+07	0	0	9.32574e+06	0
26.725	0	6.58481e+07	0	0	5.14148e+06	0
26.775	0	2.69434e+07	0	9.51253e+06	2.20509e+07	0
26.825	0	1.56646e+09	0	0	2.63038e+07	0
26.875	0	4.42708e+08	0	0	2.722e+07	0
26.925	1.27146e+08	4.67028e+07	0	0	1.46579e+07	0
26.975	0	4.14062e+07	0	0	1.2848e+07	0
27.025	1.34748e+07	5.86204e+07	0	0	1.69977e+07	0
27.075	1.16103e+07	3.43366e+08	0	4.62197e+06	2.35921e+07	0
27.125	1.08838e+07	4.18439e+07	0	0	8.48361e+06	0
27.175	0	4.12118e+07	0	5.3847e+06	4.78177e+06	0
27.225	0	4.71043e+07	0	0	1.19817e+07	0
27.275	0	4.8112e+07	0	0	8.80782e+06	0
27.325	0	6.50259e+07	0	0	6.07842e+06	0
27.375	0	6.21229e+07	0	0	2.82903e+08	0
27.425	8.624e+06	4.35018e+08	0	0	4.13918e+06	0
27.475	0	6.09615e+07	0	0	0	0
27.525	8.75107e+06	4.65909e+07	0	1.37147e+07	1.84239e+07	0
27.575	0	3.71048e+07	0	0	8.83983e+06	0
27.625	9.79018e+06	8.94715e+07	0	0	0	0
27.675	0	6.50681e+07	0	0	0	0
27.725	9.4065e+06	3.28458e+07	0	0	4.1998e+06	0
27.775	0	5.34526e+07	0	0	4.44203e+06	0
27.825	0	5.62349e+07	0	1.17532e+07	4.74804e+06	0
27.875	0	5.08659e+07	0	1.2299e+07	1.46594e+07	0
27.925	1.63217e+07	6.6687e+07	0	0	0	0
27.975	0	6.33376e+07	0	0	4.22816e+06	0
28.025	0	5.28605e+07	0	0	5.03516e+07	0
28.075	1.01075e+07	1.99657e+07	0	0	3.79121e+07	0
28.125	0	3.83514e+07	0	0	1.0676e+07	0
28.175	8.77298e+06	6.81077e+07	0	0	1.8973e+07	0
28.225	1.11485e+07	8.34883e+07	0	8.14e+06	4.48397e+06	0
28.275	0	6.30208e+07	0	0	1.0714e+07	0
28.325	0	5.06927e+07	0	0	0	0
28.375	0	3.08308e+07	0	0	4.33699e+08	0
28.425	0	8.01746e+07	0	0	6.16996e+06	0
28.475	0	4.84838e+08	0	1.66416e+07	1.2363e+07	0
28.525	0	6.30915e+07	0	0	1.65152e+07	0
28.575	0	2.65603e+07	0	5.07726e+06	2.51362e+07	0
28.625	0	4.71007e+07	0	0	1.05795e+07	0
28.675	7.28983e+06	6.27764e+07	0	0	9.59979e+06	0
28.725	0	4.24275e+07	0	0	1.7978e+07	0
28.775	0	3.54033e+07	0	0	4.8561e+06	0
28.825	2.88333e+07	4.76175e+07	0	0	1.00882e+07	0
28.875	0	7.27331e+07	0	0	4.84711e+06	0
28.925	9.36493e+06	4.55213e+07	0	0	2.08266e+07	0
28.975	1.46656e+07	5.44306e+07	0	0	0	0
29.025	0	2.7686e+07	0	0	6.10736e+06	0
29.075	0	6.57068e+07	0	0	9.20047e+06	0
29.125	0	6.25562e+07	0	0	1.01708e+07	0
29.175	0	2.12016e+07	0	1.22604e+07	0	0
29.225	0	4.10575e+07	0	0	1.51692e+07	0
29.275	0	5.24158e+07	0	6.05097e+06	1.52195e+07	0
29.325	0	8.81795e+07	0	0	0	0
29.375	0	6.43257e+07	0	0	0	0
29.425	0	3.24556e+07	0	0	2.37644e+07	0
29.475	2.25979e+07	2.15126e+07	0	0	0	0
29.525	8.47625e+06	3.90699e+08	0	0	1.62497e+07	0
29.575	0	3.87977e+07	0	0	0	0
29.625	0	7.58552e+07	0	0	1.48871e+07	0
29.675	0	1.70424e+07	0	0	0	0
29.725	0	1.63982e+07	0	0	0	0
29.775	0	4.28195e+07	0	0	2.45478e+07	0
29.825	0	6.92029e+07	0	0	0	0
29.875	0	2.84937e+07	0	0	0	0
29.925	1.06957e+07	6.13228e+07	0	0	3.34775e+07	0
29.975	0	4.43114e+07	0	0	1.22762e+07	0
30.025	0	4.15573e+07	0	0	2.02062e+07	0
30.075	0	5.23668e+07	0	0	1.02264e+07	0
30.125	0	5.3395e+08	0	0	2.88449e+07	0
30.175	0	4.37002e+07	0	0	0	0
30.225	7.39082e+06	3.61065e+07	0	0	6.45806e+06	0
30.275	0	5.07211e+07	0	0	2.37111e+07	0
30.325	0	5.25897e+07	0	0	5.30201e+06	0
30.375	8.28257e+07	7.98832e+07	0	0	1.43638e+07	0
30.425	0	5.01638e+07	0	0	6.13651e+06	0
30.475	0	2.58886e+07	0	0	5.59251e+06	0
30.525	9.05596e+06	6.65759e+07	0	0	1.09827e+07	0
30.575	0	3.28883e+07	0	0	5.16226e+06	0
30.625	8.92656e+06	4.02711e+07	0	0	6.09241e+06	0
30.675	0	3.7667e+07	0	0	5.50741e+06	0
30.725	1.04394e+07	2.74313e+07	0	0	5.41489e+06	0
30.775	0	4.44142e+07	0	0	0	0
30.825	0	5.78922e+08	0	0	1.59297e+07	0
30.875	0	4.82601e+07	0	0	0	0
30.925	0	3.54232e+07	0	0	2.14113e+07	0
30.975	6.49636e+06	1.75143e+07	0	0	0	0
31.025	0	7.59709e+07	0	0	0	0
31.075	0	4.59817e+07	0	0	0	0
31.125	0	3.7984e+07	0	0	7.54524e+06	0
31.175	0	2.48557e+07	0	0	5.40029e+06	0
31.225	0	4.13321e+07	0	0	2.94355e+09	0
31.275	0	6.43643e+07	0	7.54022e+06	5.74508e+06	0
31.325	0	2.95965e+07	0	0	0	0
31.375	0	3.49011e+07	0	0	0	0
31.425	0	4.25127e+07	0	0	8.99218e+06	0
31.475	9.69585e+06	1.83726e+07	0	0	0	0
31.525	0	7.00694e+07	0	0	7.34638e+06	0
31.575	0	4.13012e+07	0	0	1.53876e+07	0
31.625	0	6.97339e+07	0	0	0	0
31.675	0	6.01172e+07	0	0	0	0
31.725	0	5.5768e+06	0	0	6.7968e+06	0
31.775	8.43377e+06	3.93464e+07	0	0	3.81946e+07	0
31.825	0	4.03858e+07	0	0	0	0
31.875	0	5.32056e+07	0	0	0	0
31.925	0	5.38087e+07	0	0	1.22138e+07	0
31.975	0	3.77559e+07	0	6.20095e+07	0	0
32.025	1.53457e+07	6.06208e+07	0	0	7.00173e+06	0
32.075	0	1.23359e+07	0	0	5.74994e+06	0
32.125	0	3.59671e+07	0	0	7.30293e+06	0
32.175	8.75239e+06	2.21749e+07	0	0	0	0
32.225	0	6.39525e+07	0	0	2.10867e+07	0
32.275	0	2.55324e+07	0	0	0	0
32.325	0	5.16084e+07	0	0	0	0
32.375	0	7.58952e+07	0	0	6.04466e+06	0
32.425	1.0274e+07	5.54694e+07	0	0	0	0
32.475	0	2.6091e+07	0	0	0	0
32.525	0	3.85217e+07	0	0	0	0
32.575	0	8.86103e+07	0	0	0	0
32.625	0	2.65176e+07	0	0	5.9595e+06	0
32.675	0	2.94818e+07	0	7.34712e+06	0	0
32.725	0	4.8676e+07	0	0	0	0
32.775	0	9.68699e+07	0	0	0	0
32.825	0	5.36069e+07	0	0	2.62727e+07	0
32.875	0	3.27461e+07	0	0	0	0
32.925	0	5.62079e+07	0	0	0	0
32.975	0	3.9561e+07	0	0	1.41894e+07	0
33.025	0	5.10576e+07	0	0	6.58342e+06	0
33.075	0	2.71349e+07	0	0	5.88428e+06	0
33.125	0	3.47994e+07	0	0	0	0
33.175	8.22238e+06	2.07534e+07	0	1.52055e+07	1.07587e+07	0
33.225	0	2.21107e+07	0	3.59198e+07	8.01682e+06	0
33.275	0	5.1517e+07	0	0	1.48246e+07	0
33.325	0	2.50798e+07	0	0	1.52079e+07	0
33.375	0	3.86142e+07	0	0	5.97498e+06	0
33.425	0	2.48579e+07	0	0	0	0
33.475	0	2.56048e+07	0	0	6.38242e+06	0
33.525	1.48143e+07	5.19328e+07	0	0	0	0
33.575	0	1.47657e+07	0	0	5.48041e+07	0
33.625	0	4.29875e+07	0	0	0	0
33.675	0	1.09206e+07	0	0	6.38856e+06	0
33.725	0	9.70245e+07	0	0	0	0
33.775	0	2.7826e+07	0	0	1.42094e+07	0
33.825	0	3.66421e+07	0	0	0	0
33.875	0	2.29107e+07	0	0	6.80664e+06	0
33.925	0	2.28548e+07	0	0	0	0
33.975	0	2.77448e+07	0	0	6.78616e+06	0
34.025	3.53492e+07	4.29418e+07	0	0	0	0
34.075	8.51857e+06	2.8608e+07	0	0	0	0
34.125	0	2.12223e+07	0	0	2.18245e+07	0
34.175	0	2.22602e+07	0	0	9.87409e+06	0
34.225	0	2.44259e+07	0	0	0	0
34.275	0	6.37466e+07	0	0	0	0
34.325	0	2.68265e+07	0	0	0	0
34.375	0	3.10185e+07	0	0	0	0
34.425	1.54322e+07	2.2135e+07	0	0	1.12032e+07	0
34.475	1.09643e+07	2.71022e+07	0	0	0	0
34.525	0	3.73275e+07	0	0	0	0
34.575	1.0295e+07	2.26399e+07	0	0	7.06971e+06	0
34.625	0	3.30256e+07	0	0	0	0
34.675	0	1.38721e+07	0	0	0	0
34.725	0	2.65191e+07	0	0	1.35251e+07	0
34.775	0	1.46413e+07	0	0	6.49415e+06	0
34.825	0	9.68945e+06	0	0	0	0
34.875	0	4.19136e+07	0	0	0	0
34.925	0	6.19724e+07	0	0	6.83553e+06	0
34.975	0	3.86542e+07	0	0	1.74766e+07	0
35.025	0	3.76245e+07	0	0	0	0
35.075	0	2.59798e+07	0	0	1.26565e+07	0
35.125	0	7.6752e+06	0	0	0	0
35.175	0	1.76193e+07	0	0	0	0
35.225	0	1.85564e+07	0	0	0	0
35.275	0	1.56265e+09	0	7.78751e+07	6.68974e+06	0
35.325	0	2.73968e+07	0	0	0	0
35.375	0	5.46598e+07	0	0	0	0
35.425	1.43245e+07	1.83903e+07	0	0	0	0
35.475	0	9.15483e+07	0	0	0	0
35.525	0	5.0903e+07	0	0	0	0
35.575	0	1.61697e+07	0	0	8.31945e+06	0
35.625	0	4.11569e+07	0	1.12071e+07	0	0
35.675	0	4.85698e+07	0	0	0	0
35.725	0	7.21088e+07	0	0	7.03097e+06	0
35.775	0	4.0071e+07	0	0	0	0
35.825	1.31745e+07	2.69348e+07	0	0	8.0908e+06	0
35.875	0	1.53503e+07	0	0	0	0
35.925	0	2.56774e+07	0	0	0	0
35.975	1.43121e+07	1.90519e+07	0	0	0	0
36.025	0	8.00473e+06	0	0	8.19338e+06	0
36.075	0	0	0	0	0	0
36.125	0	1.23077e+07	0	0	2.34761e+07	0
36.175	0	2.81392e+07	0	0	0	0
36.225	0	7.66319e+07	0	0	2.28327e+07	0
36.275	1.5831e+07	2.83684e+07	0	0	0	0
36.325	0	3.93232e+07	0	0	0	0
36.375	0	1.67315e+07	0	0	9.56564e+06	0
36.425	1.1393e+07	2.38932e+07	0	0	0	0
36.475	0	1.55743e+07	0	0	0	0
36.525	0	1.74468e+07	0	0	1.15171e+07	0
36.575	0	4.334e+07	0	0	7.7996e+06	0
36.625	0	0	0	0	0	0
36.675	0	2.49623e+07	0	0	8.42428e+06	0
36.725	0	2.83747e+07	0	0	0	0
36.775	0	4.63251e+07	0	1.4716e+07	0	0
36.825	0	1.85186e+07	0	0	0	0
36.875	1.03035e+08	1.14947e+08	0	0	9.31996e+06	0
36.925	0	2.21253e+07	0	0	7.28218e+06	0
36.975	2.93754e+07	5.02211e+07	0	0	0	0
37.025	0	1.00334e+07	0	0	0	0
37.075	0	8.20829e+06	0	0	0	0
37.125	0	2.95149e+07	0	0	0	0
37.175	0	3.46823e+07	0	0	0	0
37.225	0	1.92024e+07	0	0	0	0
37.275	0	2.86376e+07	0	0	0	0
37.325	0	2.11677e+07	0	0	0	0
37.375	0	3.82866e+07	0	0	1.65349e+07	0
37.425	1.2237e+07	1.08863e+07	0	0	0	0
37.475	1.28059e+07	1.63332e+07	0	0	0	0
37.525	0	1.12626e+07	0	0	1.13886e+07	0
37.575	0	4.04035e+07	0	0	0	0
37.625	0	4.91377e+07	0	0	0	0
37.675	0	6.21238e+07	0	0	0	0
37.725	0	8.63441e+07	0	4.57323e+07	0	0
37.775	0	7.62683e+06	0	0	0	0
37.825	0	1.95041e+07	0	0	0	0
37.875	0	2.01404e+07	0	0	0	0
37.925	0	1.98269e+07	0	0	1.83957e+07	0
37.975	0	2.04302e+07	0	0	0	0
38.025	0	2.94244e+07	0	0	0	0
38.075	1.10228e+07	5.52144e+07	0	0	0	0
38.125	0	0	0	2.17532e+07	0	0
38.175	0	5.60156e+07	0	0	0	0
38.225	0	2.47195e+07	0	0	6.66611e+07	0
38.275	1.40381e+07	1.84193e+07	0	0	0	0
38.325	0	9.93257e+06	0	0	0	0
38.375	0	4.54502e+07	0	0	0	0
38.425	1.58929e+07	8.66982e+06	0	0	0	0
38.475	0	3.68559e+07	0	0	0	0
38.525	0	0	0	0	0	0
38.575	4.41708e+07	1.98561e+07	0	0	1.04885e+07	0
38.625	0	3.60327e+07	0	0	0	0
38.675	0	3.4131e+07	0	0	9.51506e+06	0
38.725	0	7.63929e+07	0	1.8303e+07	0	0
38.775	0	3.00888e+07	0	0	1.31788e+07	0
38.825	0	1.93151e+07	0	0	0	0
38.875	0	3.3345e+07	0	0	0	0
38.925	0	8.64614e+06	0	0	1.1313e+07	0
38.975	0	1.06462e+07	0	0	0	0
39.025	0	9.78523e+06	0	0	8.96493e+06	0
39.075	0	3.02641e+07	0	0	0	0
39.125	0	4.72573e+07	0	0	0	0
39.175	0	0	0	0	0	0
39.225	0	4.11066e+07	0	0	9.22059e+06	0
39.275	0	3.89187e+07	0	0	0	0
39.325	0	2.84582e+07	0	0	0	0
39.375	0	5.13066e+07	0	0	0	0
39.425	0	4.03953e+07	0	0	0	0
39.475	0	3.41209e+07	0	0	0	0
39.525	0	8.98291e+06	0	0	0	0
39.575	0	1.93597e+07	0	0	2.18074e+07	0
39.625	0	6.10052e+07	0	0	8.66761e+06	0
39.675	0	0	0	0	0	0
39.725	0	5.90738e+07	0	0	0	0
39.775	0	9.48795e+06	0	0	1.11973e+07	0
39.825	0	3.4083e+07	0	0	0	0
39.875	0	0	0	0	1.39701e+07	0
39.925	2.46513e+07	2.3434e+07	0	0	1.14848e+07	0
39.975	0	0	0	0	0	0
40.025	2.39416e+07	1.15516e+07	0	0	0	0
40.075	0	5.11986e+07	0	0	0	0
40.125	0	1.20315e+07	0	0	0	0
40.175	0	1.00204e+07	0	0	1.23355e+07	0
40.225	1.36408e+07	3.10876e+07	0	0	0	0
40.275	0	2.54638e+07	0	0	0	0
40.325	0	1.98681e+07	0	0	0	0
40.375	0	3.18875e+07	0	0	0	0
40.425	0	4.08739e+07	0	0	1.42848e+07	0
40.475	0	2.21413e+07	0	0	0	0
40.525	2.00562e+07	2.23716e+07	0	0	0	0
40.575	0	0	0	0	0	0
40.625	0	1.04839e+07	0	0	0	0
40.675	0	5.57317e+07	0	0	0	0
40.725	0	6.3669e+07	0	0	0	0
40.775	0	1.30372e+07	0	0	9.38814e+06	0
40.825	0	9.68222e+06	0	0	0	0
40.875	0	2.23232e+07	0	0	0	0
40.925	0	1.0795e+07	0	0	0	0
40.975	0	1.95755e+07	0	0	0	0
41.025	0	3.39226e+07	0	0	1.55824e+07	0
41.075	0	5.08327e+07	0	0	0	0
41.125	0	3.65644e+07	0	0	0	0
41.175	0	2.66117e+07	0	0	0	0
41.225	0	1.42372e+07	0	0	0	0
41.275	0	2.34008e+07	0	0	0	0
41.325	0	1.20104e+07	0	0	3.80497e+07	0
41.375	0	5.29824e+07	0	0	0	0
41.425	0	5.36842e+07	0	0	0	0
41.475	0	3.48557e+07	0	0	0	0
41.525	0	5.30671e+07	0	0	0	0
41.575	0	4.60374e+07	0	0	0	0
41.625	1.56558e+07	2.26127e+07	0	0	0	0
41.675	0	2.2644e+07	0	0	0	0
41.725	0	3.48365e+07	0	0	1.11467e+07	0
41.775	0	4.07301e+07	0	0	0	0
41.825	1.91833e+07	1.00404e+07	0	0	0	0
41.875	0	1.02151e+07	0	0	0	0
41.925	0	0	0	0	0	0
41.975	0	1.26657e+07	0	0	0	0
42.025	0	3.93965e+07	0	0	0	0
42.075	0	1.32094e+07	0	0	0	0
42.125	0	1.30079e+07	0	0	0	0
42.175	2.58843e+07	2.5121e+07	0	0	0	0
42.225	0	3.66477e+07	0	0	0	0
42.275	0	2.5633e+07	0	0	0	0
42.325	0	1.22155e+08	0	0	0	0
42.375	0	1.58448e+07	0	0	0	0
42.425	0	3.27896e+07	0	0	0	0
42.475	0	1.61388e+07	0	0	0	0
42.525	0	7.33562e+07	0	0	0	0
42.575	0	1.01301e+07	0	0	0	0
42.625	0	4.3832e+07	0	0	0	0
42.675	0	1.13211e+07	0	0	0	0
42.725	0	0	0	0	3.13869e+07	0
42.775	0	1.97054e+07	0	0	0	0
42.825	0	4.86537e+07	0	0	0	0
42.875	0	9.83616e+06	0	0	0	0
42.925	0	0	0	0	0	0
42.975	0	0	0	0	0	0
43.025	0	2.92373e+07	0	0	0	0
43.075	0	2.83159e+07	0	0	0	0
43.125	0	0	0	0	0	0
43.175	0	0	0	0	0	0
43.225	1.95433e+07	2.94425e+07	0	0	1.22357e+07	0
43.275	0	0	0	0	0	0
43.325	0	3.75628e+07	0	0	9.35928e+07	0
43.375	0	0	0	0	0	0
43.425	0	0	0	0	0	0
43.475	0	2.99415e+07	0	0	1.0295e+07	0
43.525	0	2.2766e+07	0	0	1.18103e+07	0
43.575	0	3.14198e+07	0	0	0	0
43.625	0	2.14094e+07	0	0	5.13692e+07	0
43.675	0	5.63389e+07	0	0	1.44323e+07	0
43.725	0	1.054e+07	0	0	0	0
43.775	0	7.32404e+07	0	0	0	0
43.825	0	0	0	0	0	0
43.875	0	1.04556e+07	0	0	0	0
43.925	0	1.23873e+07	0	0	0	0
43.975	0	1.24512e+07	0	0	0	0
44.025	0	2.24362e+07	0	0	0	0
44.075	0	1.72392e+07	0	0	0	0
44.125	0	3.96931e+07	0	0	0	0
44.175	0	1.37905e+07	0	0	0	0
44.225	0	6.18261e+07	0	0	1.07238e+07	0
44.275	0	2.94329e+07	0	0	0	0
44.325	0	1.90517e+07	0	0	1.13159e+07	0
44.375	0	4.21557e+07	0	0	0	0
44.425	0	1.20655e+07	0	0	0	0
44.475	0	1.52655e+07	0	0	1.1317e+07	0
44.525	2.16255e+07	1.14924e+07	0	0	0	0
44.575	0	2.61526e+07	0	0	0	0
44.625	0	2.6678e+07	0	0	8.72535e+07	0
44.675	0	0	0	0	0	0
44.725	0	0	0	0	0	0
44.775	0	0	0	0	0	0
44.825	0	1.47944e+07	0	0	0	0
44.875	0	1.38039e+07	0	0	0	0
44.925	0	0	0	0	0	0
44.975	0	1.56413e+07	0	0	0	0
45.025	0	1.12616e+07	0	0	0	0
45.075	0	1.14766e+07	0	0	0	0
45.125	0	3.04315e+07	0	0	0	0
45.175	0	0	0	0	0	0
45.225	0	1.52494e+07	0	0	0	0
45.275	0	0	0	0	1.34446e+07	0
45.325	0	0	0	0	0	0
45.375	0	0	0	0	0	0
45.425	0	3.38536e+07	0	0	0	0
45.475	0	1.46505e+07	0	0	0	0
45.525	0	1.10222e+07	0	0	1.28661e+07	0
45.575	0	1.90009e+07	0	0	0	0
45.625	0	0	0	0	0	0
45.675	0	1.77653e+07	0	0	3.96478e+07	0
45.725	0	3.06179e+07	0	0	0	0
45.775	0	1.34726e+07	0	0	0	0
45.825	0	0	0	0	0	0
45.875	4.7223e+07	1.23368e+07	0	0	0	0
45.925	0	4.15621e+07	0	0	1.41266e+07	0
45.975	0	3.26898e+07	0	0	0	0
46.025	0	1.55002e+07	0	0	0	0
46.075	0	1.452e+07	0	0	0	0
46.125	0	7.22572e+07	0	0	0	0
46.175	0	3.02161e+07	0	0	0	0
46.225	0	1.19493e+07	0	0	1.6446e+07	0
46.275	0	4.08069e+07	0	0	0	0
46.325	0	2.53129e+07	0	0	0	0
46.375	0	1.65067e+07	0	0	0	0
46.425	0	1.31463e+07	0	0	0	0
46.475	0	3.56767e+07	0	0	0	0
46.525	0	0	0	0	0	0
46.575	0	4.10121e+07	0	0	0	0
46.625	0	0	0	0	0	0
46.675	0	3.53744e+07	0	0	0	0
46.725	0	3.48024e+07	0	0	1.45238e+07	0
46.775	0	1.14145e+08	0	0	0	0
46.825	0	1.94659e+07	0	0	0	0
46.875	0	1.26677e+07	0	0	3.5322e+07	0
46.925	0	5.31605e+07	0	0	2.14909e+07	0
46.975	0	2.47918e+07	0	0	0	0
47.025	0	1.18037e+07	0	0	0	0
47.075	0	1.38946e+07	0	0	0	0
47.125	0	0	0	0	1.5995e+07	0
47.175	0	3.47557e+07	0	0	1.19969e+07	0
47.225	0	3.68856e+07	0	0	0	0
47.275	0	0	0	0	0	0
47.325	0	4.16891e+07	0	0	0	0
47.375	0	0	0	0	0	0
47.425	0	1.43578e+07	0	0	1.34091e+07	0
47.475	0	1.92116e+07	0	0	0	0
47.525	0	0	0	0	0	0
47.575	0	0	0	0	0	0
47.625	0	1.36743e+07	0	0	3.76251e+07	0
47.675	0	0	0	0	0	0
47.725	0	6.34344e+07	0	0	0	0
47.775	0	2.57054e+07	0	0	0	0
47.825	0	0	0	0	0	0
47.875	0	2.78038e+07	0	1.57937e+08	0	0
47.925	0	1.79694e+07	0	0	0	0
47.975	0	0	0	0	0	0
48.025	0	5.27585e+07	0	0	0	0
48.075	0	0	0	0	0	0
48.125	0	0	0	0	0	0
48.175	0	2.78724e+07	0	0	0	0
48.225	0	1.72234e+07	0	0	0	0
48.275	0	5.25262e+07	0	0	0	0
48.325	0	0	0	0	0	0
48.375	0	1.67934e+07	0	0	0	0
48.425	0	0	0	0	0	0
48.475	0	1.56677e+07	0	0	0	0
48.525	0	1.6808e+07	0	0	0	0
48.575	0	0	0	0	0	0
48.625	0	0	0	0	0	0
48.675	0	1.94406e+07	0	0	0	0
48.725	0	0	0	0	1.32539e+07	0
48.775	0	9.74044e+07	0	0	0	0
48.825	0	4.66878e+07	0	0	0	0
48.875	0	2.24151e+07	0	0	0	0
48.925	0	5.16021e+07	0	0	0	0
48.975	0	0	0	0	3.31062e+07	0
49.025	0	0	0	0	0	0
49.075	0	1.30168e+07	0	0	0	0
49.125	0	0	0	0	0	0
49.175	0	0	0	0	0	0
49.225	0	0	0	0	0	0
49.275	0	1.29744e+07	0	0	0	0
49.325	0	2.98376e+07	0	0	0	0
49.375	0	1.39909e+07	0	0	0	0
49.425	0	0	0	0	0	0
49.475	0	2.36026e+07	0	0	2.90885e+07	0
49.525	0	0	0	0	0	0
49.575	0	0	0	0	0	0
49.625	0	4.02331e+07	0	0	0	0
49.675	0	2.74897e+07	0	0	0	0
49.725	0	0	0	0	0	0
49.775	0	5.63449e+07	0	0	2.76298e+07	0
49.825	0	2.94065e+07	0	0	0	0
49.875	0	0	0	0	0	0
49.925	0	1.02052e+08	0	0	0	0

