0.5   5.008326684047003e-8   7.854394405864197e-6   0.   0.   0.   0.
0.5228542914171656   7.510196662970597e-8   8.164479886327493e-6   0.   0.   0.   0.
0.5457085828343313   1.022082687784361e-7   8.483846718820425e-6   0.   0.   0.   0.
0.5685628742514969   1.305127491193423e-7   8.828008410521324e-6   0.   0.   0.   0.
0.5914171656686626   1.591467707982862e-7   9.213051639853158e-6   0.   0.   0.   0.
0.6142714570858283   1.8723724185333e-7   9.616626392130672e-6   0.   0.   0.   0.
0.6371257485029939   2.139086882517873e-7   0.0000100337834772936   0.   0.   0.   0.
0.6599800399201596   2.376758923508399e-7   0.0000104997120564434   0.   0.   0.   0.
0.6828343313373253   2.576848202669665e-7   0.00001094548870017225   0.   0.   0.   0.
0.7056886227544909   2.742833065656174e-7   0.00001134045094038875   0.   0.   0.   0.
0.7285429141716566   2.870378716712855e-7   0.00001155458114451518   0.   0.   0.   0.
0.7513972055888222   2.950852738977513e-7   0.00001167231247990238   0.   0.   0.   0.
0.7742514970059879   2.922592228017313e-7   0.00001179113072612171   0.   0.   0.   0.
0.7971057884231536   2.866269916948409e-7   0.00001202747447464301   0.   0.   0.   0.
0.8199600798403192   2.799585709566233e-7   0.00001242153769270211   0.   0.   0.   0.
0.8428143712574849   2.740239509666216e-7   0.00001285583418820705   0.   0.   0.   0.
0.8656686626746505   2.774358597838082e-7   0.00001329758093367816   0.   0.   0.   0.
0.8885229540918163   2.861235645152463e-7   0.00001371062545485819   0.   0.   0.   0.
0.911377245508982   2.954499924031646e-7   0.00001407344870593889   0.   0.   0.   0.
0.9342315369261476   3.039785116528741e-7   0.00001435849922410122   0.   0.   0.   0.
0.9570858283433133   3.074588984307555e-7   0.00001442660360025758   0.   0.   0.   0.
0.979940119760479   3.020179565048528e-7   0.0000144086201354686   0.   0.   0.   0.
1.002794411177644   2.952137365062016e-7   0.00001437482813243984   0.   0.   0.   0.
1.02564870259481   2.884679281149189e-7   0.00001443931953428503   0.   0.   0.   0.
1.048502994011975   2.832022210111217e-7   0.00001459974997634449   0.   0.   0.   0.
1.071357285429141   2.895388569927932e-7   0.00001479499136503416   0.   0.   0.   0.
1.094211576846307   2.979808356940683e-7   0.00001501519134311485   0.   0.   0.   0.
1.117065868263472   3.062537413983766e-7   0.00001524961771604615   0.   0.   0.   0.
1.139920159680638   3.127220138504402e-7   0.00001546998168197861   0.   0.   0.   0.
1.162774451097804   3.108258185330099e-7   0.00001565551554222691   0.   0.   0.   0.
1.185628742514969   3.015128089800321e-7   0.00001573933697251862   0.   0.   0.   0.
1.208483033932135   2.898640370998251e-7   0.00001577867156194364   0.   0.   0.   0.
1.231337325349301   2.770506690718572e-7   0.00001578299834926584   0.   0.   0.   0.
1.254191616766467   2.649676364345924e-7   0.00001574312870995888   0.   0.   0.   0.
1.277045908183632   2.569508349378194e-7   0.00001569094938047486   0.   0.   0.   0.
1.299900199600798   2.498168200224202e-7   0.00001565812439410275   0.   0.   0.   0.
1.322754491017964   2.434978629589224e-7   0.00001571726019944639   0.   0.   0.   0.
1.345608782435129   2.379262350178537e-7   0.0000158759207559951   0.   0.   0.   0.
1.368463073852295   2.333144100420205e-7   0.00001603906546379188   0.   0.   0.   0.
1.391317365269461   2.292924063167904e-7   0.00001615635925875444   0.   0.   0.   0.
1.414171656686626   2.256110990502757e-7   0.00001614806126887867   0.   0.   0.   0.
1.437025948103792   2.220902251100021e-7   0.00001608902651550889   0.   0.   0.   0.
1.459880239520958   2.182479545023948e-7   0.00001598920091543766   0.   0.   0.   0.
1.482734530938123   2.13907861713798e-7   0.00001584450081326532   0.   0.   0.   0.
1.505588822355289   2.095036183473398e-7   0.00001568537513545046   0.   0.   0.   0.
1.528443113772455   2.050757266911873e-7   0.00001553324788947294   0.   0.   0.   0.
1.55129740518962   2.007166438762988e-7   0.00001545540726310821   0.   0.   0.   0.
1.574151696606786   1.972219055344807e-7   0.00001542794001140161   0.   0.   0.   0.
1.597005988023952   1.935218755180226e-7   0.00001539261960497727   0.   0.   0.   0.
1.619860279441117   1.893701907964002e-7   0.00001530494427628462   0.   0.   0.   0.
1.642714570858283   1.845204883390889e-7   0.0000151300649990922   0.   0.   0.   0.
1.665568862275449   1.770961698967083e-7   0.00001491094328924075   0.   0.   0.   0.
1.688423153692614   1.682270331222784e-7   0.00001465199570429687   0.   0.   0.   0.
1.71127744510978   1.592129893964671e-7   0.0000143322437549631   0.   0.   0.   0.
1.734131736526946   1.505762828876508e-7   0.00001400448436554691   0.   0.   0.   0.
1.756986027944111   1.435520095484118e-7   0.00001369273204410466   0.   0.   0.   0.
1.779840319361277   1.393112262153498e-7   0.00001346049190420059   0.   0.   0.   0.
1.802694610778443   1.360555892264153e-7   0.0000132822384311695   0.   0.   0.   0.
1.825548902195608   1.335729164838935e-7   0.00001313815553679205   0.   0.   0.   0.
1.848403193612774   1.316510258900697e-7   0.000013033743929717   0.   0.   0.   0.
1.871257485029939   1.298648089364369e-7   0.00001295659027111226   0.   0.   0.   0.
1.894111776447105   1.282681501030773e-7   0.00001287238235238772   0.   0.   0.   0.
1.916966067864271   1.267407515439416e-7   0.00001274239044198905   0.   0.   0.   0.
1.939820359281436   1.251455682470062e-7   0.00001250451236610605   0.   0.   0.   0.
1.962674650698602   1.228021217584111e-7   0.00001225668816646461   0.   0.   0.   0.
1.985528942115768   1.198509006090448e-7   0.00001202832549974318   0.   0.   0.   0.
2.008383233532934   1.169059508213291e-7   0.0000119247370332008   0.   0.   0.   0.
2.031237524950099   1.141423306698539e-7   0.00001186134243354042   0.   0.   0.   0.
2.054091816367265   1.118317270511244e-7   0.00001180961731954005   0.   0.   0.   0.
2.076946107784431   1.104504331035192e-7   0.00001170793032924041   0.   0.   0.   0.
2.099800399201596   1.095758874414631e-7   0.00001157563988522451   0.   0.   0.   0.
2.122654690618762   1.092137255100958e-7   0.0000114537850733281   0.   0.   0.   0.
2.145508982035928   1.093695827545572e-7   0.00001137246870838953   0.   0.   0.   0.
2.168363273453093   1.118487635778755e-7   0.00001135153891605362   0.   0.   0.   0.
2.191217564870259   1.147281292390165e-7   0.00001136175959709346   0.   0.   0.   0.
2.214071856287425   1.16832306444283e-7   0.00001140110013935027   0.   0.   0.   0.
2.23692614770459   1.174404994076499e-7   0.00001149686188098179   0.   0.   0.   0.
2.259780439121756   1.133346890404106e-7   0.00001158312237053792   0.   0.   0.   0.
2.282634730538922   1.037687123596466e-7   0.00001163087009027363   0.   0.   0.   0.
2.305489021956087   9.318093923362843e-8   0.00001154446007188715   0.   0.   0.   0.
2.328343313373253   8.269698277673146e-8   0.00001138186338969678   0.   0.   0.   0.
2.351197604790419   7.372607504737099e-8   0.00001118315331512565   0.   0.   0.   0.
2.374051896207584   7.191024510979392e-8   0.00001097419643068618   0.   0.   0.   0.
2.39690618762475   7.17897346277231e-8   0.00001077316647205068   0.   0.   0.   0.
2.419760479041916   7.279371658485451e-8   0.00001059090242772728   0.   0.   0.   0.
2.442614770459081   7.435136396488413e-8   0.00001045677251703068   0.   0.   0.   0.
2.465469061876247   7.503284850440739e-8   0.00001041021224735388   0.   0.   0.   0.
2.488323353293413   7.498428134717869e-8   0.00001038691751316691   0.   0.   0.   0.
2.511177644710578   7.446017865434057e-8   0.00001036796136214397   0.   0.   0.   0.
2.534031936127744   7.329719033850214e-8   0.0000102987906068344   0.   0.   0.   0.
2.55688622754491   7.077305807050987e-8   0.00001021535252889633   0.   0.   0.   0.
2.579740518962075   6.61903405641914e-8   0.00001012406411839063   0.   0.   0.   0.
2.602594810379241   6.123876626715423e-8   0.00001003199531360994   0.   0.   0.   0.
2.625449101796407   5.633907271828281e-8   9.939988906975348e-6   0.   0.   0.   0.
2.648303393213572   5.191199745646158e-8   9.847798975017374e-6   0.   0.   0.   0.
2.671157684630738   5.012634429213331e-8   9.754609654643178e-6   0.   0.   0.   0.
2.694011976047904   4.922798514332397e-8   9.661702338302246e-6   0.   0.   0.   0.
2.716866267465069   4.887146619616077e-8   9.577181465435275e-6   0.   0.   0.   0.
2.739720558882235   4.885803548664576e-8   9.507571225165331e-6   0.   0.   0.   0.
2.762574850299401   4.868252766692633e-8   9.47094185682676e-6   0.   0.   0.   0.
2.785429141716566   4.829835833961866e-8   9.44449598145096e-6   0.   0.   0.   0.
2.808283433133732   4.793592123662308e-8   9.421872456636426e-6   0.   0.   0.   0.
2.831137724550898   4.757379417482227e-8   9.404859754504089e-6   0.   0.   0.   0.
2.853992015968063   4.718898819248171e-8   9.376066692969312e-6   0.   0.   0.   0.
2.876846307385229   4.675498864743675e-8   9.321239072135056e-6   0.   0.   0.   0.
2.899700598802394   4.626033993808183e-8   9.194211306497048e-6   0.   0.   0.   0.
2.92255489021956   4.568643542680525e-8   9.006174974256759e-6   0.   0.   0.   0.
2.945409181636726   4.501466847599528e-8   8.810910846848732e-6   0.   0.   0.   0.
2.968263473053891   4.417404136832998e-8   8.648434421986858e-6   0.   0.   0.   0.
2.991117764471057   4.320172894946387e-8   8.563043742858614e-6   0.   0.   0.   0.
3.013972055888223   4.211397466730421e-8   8.497937355653557e-6   0.   0.   0.   0.
3.036826347305388   4.09134269133611e-8   8.441567527506258e-6   0.   0.   0.   0.
3.059680638722554   3.935686417971824e-8   8.366813370858085e-6   0.   0.   0.   0.
3.08253493013972   3.74386975879247e-8   8.28669006947915e-6   0.   0.   0.   0.
3.105389221556885   3.567709569387067e-8   8.199964955851448e-6   0.   0.   0.   0.
3.128243512974051   3.425833748984331e-8   8.098805306164666e-6   0.   0.   0.   0.
3.151097804391217   3.346799615323633e-8   7.988238857307078e-6   0.   0.   0.   0.
3.173952095808382   3.523684478613412e-8   7.874507951243954e-6   0.   0.   0.   0.
3.196806387225548   3.722835577220603e-8   7.761898886691669e-6   0.   0.   0.   0.
3.219660678642714   3.8980911462737e-8   7.653685409186644e-6   0.   0.   0.   0.
3.242514970059879   4.003289420901198e-8   7.550747737427546e-6   0.   0.   0.   0.
3.265369261477045   3.771747890045228e-8   7.458027037474605e-6   0.   0.   0.   0.
3.288223552894211   3.339228299391407e-8   7.391390122552996e-6   0.   0.   0.   0.
3.311077844311376   2.874199907991041e-8   7.322561544887731e-6   0.   0.   0.   0.
3.333932135728542   2.435753529351812e-8   7.241316958607365e-6   0.   0.   0.   0.
3.356786427145708   2.172077828516364e-8   7.098784670606131e-6   0.   0.   0.   0.
3.379640718562873   2.231570921376205e-8   6.938805896486222e-6   0.   0.   0.   0.
3.402495009980039   2.372398653317186e-8   6.786116714775199e-6   0.   0.   0.   0.
3.425349301397205   2.559183698276294e-8   6.691267841983848e-6   0.   0.   0.   0.
3.44820359281437   2.756548730190516e-8   6.645060244512545e-6   0.   0.   0.   0.
3.471057884231536   2.84921105233473e-8   6.604080673625248e-6   0.   0.   0.   0.
3.493912175648702   2.900771739646151e-8   6.53760451001212e-6   0.   0.   0.   0.
3.516766467065867   2.911423006356227e-8   6.41630557745527e-6   0.   0.   0.   0.
3.539620758483033   2.874226500662996e-8   6.28408499812601e-6   0.   0.   0.   0.
3.562475049900199   2.71620112605225e-8   6.151231631950654e-6   0.   0.   0.   0.
3.585329341317364   2.462260772252176e-8   6.042307282115064e-6   0.   0.   0.   0.
3.60818363273453   2.199198720110573e-8   5.944581006702815e-6   0.   0.   0.   0.
3.631037924151696   1.958593337170385e-8   5.859550845408467e-6   0.   0.   0.   0.
3.653892215568861   1.807365219051653e-8   5.797968492211991e-6   0.   0.   0.   0.
3.676746506986027   1.896898774850705e-8   5.750503997907973e-6   0.   0.   0.   0.
3.699600798403193   2.027397017756828e-8   5.707342592731899e-6   0.   0.   0.   0.
3.722455089820358   2.165303977993536e-8   5.66153044125722e-6   0.   0.   0.   0.
3.745309381237524   2.277063685784345e-8   5.607316573975798e-6   0.   0.   0.   0.
3.76816367265469   2.183971322812456e-8   5.541094502167512e-6   0.   0.   0.   0.
3.791017964071855   2.005983034025493e-8   5.452730279147087e-6   0.   0.   0.   0.
3.813872255489021   1.807407995422177e-8   5.318313536267309e-6   0.   0.   0.   0.
3.836726546906187   1.61387833050732e-8   5.1797965147902e-6   0.   0.   0.   0.
3.859580838323352   1.512771816987023e-8   5.051715532877424e-6   0.   0.   0.   0.
3.882435129740518   1.5332599628709e-8   4.983889159348284e-6   0.   0.   0.   0.
3.905289421157684   1.569573300241764e-8   4.939970776067827e-6   0.   0.   0.   0.
3.928143712574849   1.600757212383065e-8   4.904697075661091e-6   0.   0.   0.   0.
3.950998003992015   1.598756703169338e-8   4.856444422836355e-6   0.   0.   0.   0.
3.973852295409181   1.403858006986706e-8   4.795869888135285e-6   0.   0.   0.   0.
3.996706586826346   1.19415352437803e-8   4.733273174766887e-6   0.   0.   0.   0.
4.019560878243512   9.996507096320958e-9   4.672125869073531e-6   0.   0.   0.   0.
4.042415169660678   8.503570170376996e-9   4.615262275255701e-6   0.   0.   0.   0.
4.065269461077844   9.115287630298848e-9   4.558332416822073e-6   0.   0.   0.   0.
4.088123752495009   1.10291740690088e-8   4.500347005453803e-6   0.   0.   0.   0.
4.110978043912175   1.321185246218956e-8   4.439441581991165e-6   0.   0.   0.   0.
4.133832335329341   1.531385090477826e-8   4.376202432220629e-6   0.   0.   0.   0.
4.156686626746506   1.648877585866791e-8   4.310265957192595e-6   0.   0.   0.   0.
4.179540918163672   1.586514689367137e-8   4.236580021841628e-6   0.   0.   0.   0.
4.202395209580838   1.480351719958993e-8   4.16054753757047e-6   0.   0.   0.   0.
4.225249500998003   1.348907953522329e-8   4.087175292427731e-6   0.   0.   0.   0.
4.248103792415169   1.210702665937116e-8   4.024828639581977e-6   0.   0.   0.   0.
4.270958083832335   1.113598014806502e-8   3.97471777040969e-6   0.   0.   0.   0.
4.2938123752495   1.039927921859599e-8   3.928226639584647e-6   0.   0.   0.   0.
4.316666666666666   9.949473611392706e-9   3.881193496799269e-6   0.   0.   0.   0.
4.339520958083832   9.866871089659474e-9   3.827259688643909e-6   0.   0.   0.   0.
4.362375249500997   1.082548874171704e-8   3.773223256286694e-6   0.   0.   0.   0.
4.385229540918163   1.262791822962611e-8   3.720300346253209e-6   0.   0.   0.   0.
4.408083832335329   1.450055594142191e-8   3.674714577968198e-6   0.   0.   0.   0.
4.430938123752494   1.61747485733854e-8   3.630254287388302e-6   0.   0.   0.   0.
4.45379241516966   1.714430310086118e-8   3.584188915307661e-6   0.   0.   0.   0.
4.476646706586826   1.630043196229829e-8   3.527799176166296e-6   0.   0.   0.   0.
4.499500998003991   1.497596820071574e-8   3.465194814204323e-6   0.   0.   0.   0.
4.522355289421157   1.335152080552214e-8   3.404534550393737e-6   0.   0.   0.   0.
4.545209580838323   1.160769876612612e-8   3.353423379377306e-6   0.   0.   0.   0.
4.568063872255488   1.01646977444615e-8   3.317099929250626e-6   0.   0.   0.   0.
4.590918163672654   8.951452270447505e-9   3.286737566302733e-6   0.   0.   0.   0.
4.61377245508982   7.984841559457619e-9   3.260253627101041e-6   0.   0.   0.   0.
4.636626746506985   7.347274060732537e-9   3.23429100607692e-6   0.   0.   0.   0.
4.659481037924151   7.444541442557452e-9   3.209371133375083e-6   0.   0.   0.   0.
4.682335329341317   8.385450419346664e-9   3.184490362712087e-6   0.   0.   0.   0.
4.705189620758482   9.553851480237452e-9   3.156935885978577e-6   0.   0.   0.   0.
4.728043912175648   1.078564130602069e-8   3.127895657905241e-6   0.   0.   0.   0.
4.750898203592814   1.189493911627732e-8   3.098194660885621e-6   0.   0.   0.   0.
4.773752495009979   1.223952805099591e-8   3.069644247815516e-6   0.   0.   0.   0.
4.796606786427145   1.233569009962002e-8   3.041726236579306e-6   0.   0.   0.   0.
4.819461077844311   1.219299083462397e-8   3.011432112725349e-6   0.   0.   0.   0.
4.842315369261476   1.182099582848209e-8   2.976410031252383e-6   0.   0.   0.   0.
4.865169660678642   1.100415350038039e-8   2.93342176242163e-6   0.   0.   0.   0.
4.888023952095808   9.933321647461324e-9   2.886596755191883e-6   0.   0.   0.   0.
4.910878243512973   8.842894472447898e-9   2.836873858835336e-6   0.   0.   0.   0.
4.933732534930139   7.851229798924487e-9   2.788269548180719e-6   0.   0.   0.   0.
4.956586826347305   7.2924391614223e-9   2.737036415186539e-6   0.   0.   0.   0.
4.97944111776447   7.522222729936396e-9   2.681851432133321e-6   0.   0.   0.   0.
5.002295409181636   7.902305388897565e-9   2.615925026794109e-6   0.   0.   0.   0.
5.025149700598801   8.315418026529842e-9   2.544023158865157e-6   0.   0.   0.   0.
5.048003992015967   8.644291531057263e-9   2.473407460207862e-6   0.   0.   0.   0.
5.070858283433133   8.225320191420186e-9   2.410444630072512e-6   0.   0.   0.   0.
5.093712574850298   7.611939224064582e-9   2.359482870703295e-6   0.   0.   0.   0.
5.116566866267464   6.937651468630982e-9   2.317108229882905e-6   0.   0.   0.   0.
5.13942115768463   6.281322486405607e-9   2.284508368815222e-6   0.   0.   0.   0.
5.162275449101795   5.925775269463047e-9   2.268085425453933e-6   0.   0.   0.   0.
5.185129740518961   5.85748174256391e-9   2.256724662257899e-6   0.   0.   0.   0.
5.207984031936127   5.858024003210872e-9   2.2463048195377e-6   0.   0.   0.   0.
5.230838323353292   5.885444304962132e-9   2.226371475826029e-6   0.   0.   0.   0.
5.253692614770458   5.852541748410674e-9   2.201236603727019e-6   0.   0.   0.   0.
5.276546906187624   5.550336072678516e-9   2.173108680810548e-6   0.   0.   0.   0.
5.299401197604789   5.251208492641729e-9   2.142135833222803e-6   0.   0.   0.   0.
5.322255489021955   5.001076390831721e-9   2.109137732414318e-6   0.   0.   0.   0.
5.345109780439121   4.845857149779899e-9   2.075494070020504e-6   0.   0.   0.   0.
5.367964071856286   5.109381612590929e-9   2.043620319920722e-6   0.   0.   0.   0.
5.390818363273452   5.547643802973863e-9   2.01659224292512e-6   0.   0.   0.   0.
5.413672654690618   6.014071004713096e-9   1.987827853831045e-6   0.   0.   0.   0.
5.436526946107783   6.440080602021917e-9   1.95502134108964e-6   0.   0.   0.   0.
5.459381237524949   6.601841337934437e-9   1.902440539216209e-6   0.   0.   0.   0.
5.482235528942115   6.414244877617254e-9   1.848729791910855e-6   0.   0.   0.   0.
5.50508982035928   6.149149254172156e-9   1.800775700741478e-6   0.   0.   0.   0.
5.527944111776446   5.857552595167676e-9   1.778425677898295e-6   0.   0.   0.   0.
5.550798403193612   5.600433147951103e-9   1.773134528519517e-6   0.   0.   0.   0.
5.573652694610777   5.677986766550594e-9   1.772661326247095e-6   0.   0.   0.   0.
5.596506986027943   5.789370260127271e-9   1.766563372223321e-6   0.   0.   0.   0.
5.619361277445109   5.896046164997721e-9   1.749644443738674e-6   0.   0.   0.   0.
5.642215568862274   5.959477017478543e-9   1.730994575311037e-6   0.   0.   0.   0.
5.66506986027944   5.707142553805832e-9   1.712343875115034e-6   0.   0.   0.   0.
5.687924151696606   5.286595741981168e-9   1.695935514274277e-6   0.   0.   0.   0.
5.710778443113771   4.896014068247721e-9   1.682069651508101e-6   0.   0.   0.   0.
5.733632734530937   4.610650519371072e-9   1.671834820014254e-6   0.   0.   0.   0.
5.756487025948103   4.688835901098582e-9   1.676836714232061e-6   0.   0.   0.   0.
5.779341317365268   5.416572874491744e-9   1.68366865555958e-6   0.   0.   0.   0.
5.802195608782434   6.214678833897535e-9   1.683600465826378e-6   0.   0.   0.   0.
5.8250499001996   6.955416103825512e-9   1.657114953737214e-6   0.   0.   0.   0.
5.847904191616765   7.511047008785234e-9   1.607493909831215e-6   0.   0.   0.   0.
5.870758483033931   7.062386709562092e-9   1.552764299138831e-6   0.   0.   0.   0.
5.893612774451097   6.326675080724124e-9   1.504489049528992e-6   0.   0.   0.   0.
5.916467065868262   5.498410105716157e-9   1.474488125385538e-6   0.   0.   0.   0.
5.939321357285428   4.699168581282849e-9   1.449354568719153e-6   0.   0.   0.   0.
5.962175648702594   4.342468793854325e-9   1.42712409633286e-6   0.   0.   0.   0.
5.985029940119759   4.422013658084898e-9   1.401261628477446e-6   0.   0.   0.   0.
6.007884231536925   4.628124739573174e-9   1.377100518688611e-6   0.   0.   0.   0.
6.030738522954091   4.908059844200098e-9   1.355588280039356e-6   0.   0.   0.   0.
6.053592814371256   5.192517005592175e-9   1.344858811685324e-6   0.   0.   0.   0.
6.076447105788422   5.364914660338969e-9   1.33746027583771e-6   0.   0.   0.   0.
6.099301397205588   5.491160991429793e-9   1.325076400707642e-6   0.   0.   0.   0.
6.122155688622753   5.551568646043043e-9   1.294473513553812e-6   0.   0.   0.   0.
6.145009980039919   5.526450271357114e-9   1.242282652750308e-6   0.   0.   0.   0.
6.167864271457085   5.203690408142007e-9   1.185098934241469e-6   0.   0.   0.   0.
6.19071856287425   4.762938534855811e-9   1.130045361818834e-6   0.   0.   0.   0.
6.213572854291416   4.31958542254371e-9   1.08870367596459e-6   0.   0.   0.   0.
6.236427145708582   3.933637317308176e-9   1.053040322015132e-6   0.   0.   0.   0.
6.259281437125747   3.793862840989517e-9   1.023118916967846e-6   0.   0.   0.   0.
6.282135728542913   3.977237076904836e-9   1.001578127790436e-6   0.   0.   0.   0.
6.304990019960079   4.257104193418886e-9   9.848186472968592e-7   0.   0.   0.   0.
6.327844311377244   4.593243206709222e-9   9.70659112014189e-7   0.   0.   0.   0.
6.35069860279441   4.940558138438485e-9   9.58292908353691e-7   0.   0.   0.   0.
6.373552894211576   5.118205972215374e-9   9.452231380102163e-7   0.   0.   0.   0.
6.396407185628741   5.282973286519814e-9   9.281173581240789e-7   0.   0.   0.   0.
6.419261477045907   5.444621777889782e-9   8.993689953581853e-7   0.   0.   0.   0.
6.442115768463073   5.612913142863256e-9   8.527233128012781e-7   0.   0.   0.   0.
6.464970059880238   5.933251493946964e-9   8.063001728445025e-7   0.   0.   0.   0.
6.487824351297404   6.30889423839884e-9   7.671520425570373e-7   0.   0.   0.   0.
6.51067864271457   6.610596341490902e-9   7.595787327411818e-7   0.   0.   0.   0.
6.533532934131735   6.781734511771172e-9   7.612073696409529e-7   0.   0.   0.   0.
6.556387225548901   6.635217068097453e-9   7.67639764156834e-7   0.   0.   0.   0.
6.579241516966067   5.957360900083552e-9   7.705033225650021e-7   0.   0.   0.   0.
6.602095808383232   5.167026460313484e-9   7.701875630391078e-7   0.   0.   0.   0.
6.624950099800398   4.354490858732015e-9   7.669927268020895e-7   0.   0.   0.   0.
6.647804391217563   3.610031205283916e-9   7.578881347233752e-7   0.   0.   0.   0.
6.670658682634729   3.302781087995729e-9   7.423121403178831e-7   0.   0.   0.   0.
6.693512974051895   3.183817247196894e-9   7.235207729574108e-7   0.   0.   0.   0.
6.71636726546906   3.211484423769246e-9   7.025104542163061e-7   0.   0.   0.   0.
6.739221556886226   3.375070590784624e-9   6.801318662773586e-7   0.   0.   0.   0.
6.762075848303392   3.790355729726797e-9   6.580149309225992e-7   0.   0.   0.   0.
6.784930139720557   4.393149375042448e-9   6.374619229835101e-7   0.   0.   0.   0.
6.807784431137723   4.983363625776747e-9   6.231795972304484e-7   0.   0.   0.   0.
6.830638722554889   5.474152261655996e-9   6.114841040122752e-7   0.   0.   0.   0.
6.853493013972054   5.683161922224279e-9   6.00907147750082e-7   0.   0.   0.   0.
6.87634730538922   5.138860678818358e-9   5.882921119285504e-7   0.   0.   0.   0.
6.899201596806386   4.46063693428095e-9   5.746015530898291e-7   0.   0.   0.   0.
6.922055888223551   3.75771858337899e-9   5.623107503073977e-7   0.   0.   0.   0.
6.944910179640717   3.139333520879414e-9   5.53388869569665e-7   0.   0.   0.   0.
6.967764471057883   3.182324296305086e-9   5.49300100338884e-7   0.   0.   0.   0.
6.990618762475048   3.514969416537198e-9   5.476291294423907e-7   0.   0.   0.   0.
7.013473053892214   3.913831973619204e-9   5.478729212801253e-7   0.   0.   0.   0.
7.03632734530938   4.293461990793693e-9   5.504687725180683e-7   0.   0.   0.   0.
7.059181636726545   4.40841571576272e-9   5.531047244882709e-7   0.   0.   0.   0.
7.082035928143711   4.14801845869754e-9   5.545425876505554e-7   0.   0.   0.   0.
7.104890219560877   3.788473345932041e-9   5.513096233057999e-7   0.   0.   0.   0.
7.127744510978042   3.370198085181679e-9   5.449796990296165e-7   0.   0.   0.   0.
7.150598802395208   2.936288750278786e-9   5.367820481620581e-7   0.   0.   0.   0.
7.173453093812374   2.618264031720249e-9   5.276569449221295e-7   0.   0.   0.   0.
7.196307385229539   2.329885536852248e-9   5.178765936909003e-7   0.   0.   0.   0.
7.219161676646705   2.079533628339804e-9   5.069120761357939e-7   0.   0.   0.   0.
7.242015968063871   1.875588668847937e-9   4.945245713570779e-7   0.   0.   0.   0.
7.264870259481036   1.761625806717342e-9   4.80225620617067e-7   0.   0.   0.   0.
7.287724550898202   1.718752121116638e-9   4.652792060587647e-7   0.   0.   0.   0.
7.310578842315368   1.718812265403504e-9   4.501977050969052e-7   0.   0.   0.   0.
7.333433133732533   1.752851540252678e-9   4.332280029815672e-7   0.   0.   0.   0.
7.356287425149699   1.793268699898984e-9   4.182914641024226e-7   0.   0.   0.   0.
7.379141716566865   1.807649117317731e-9   4.076202566480623e-7   0.   0.   0.   0.
7.40199600798403   1.856336978847811e-9   4.10146966870858e-7   0.   0.   0.   0.
7.424850299401196   1.951703140777605e-9   4.210412429488779e-7   0.   0.   0.   0.
7.447704590818362   2.106118459395489e-9   4.318937186930998e-7   0.   0.   0.   0.
7.470558882235527   2.492377415951263e-9   4.337844069876798e-7   0.   0.   0.   0.
7.493413173652693   2.928625124535361e-9   4.213791354815121e-7   0.   0.   0.   0.
7.516267465069859   3.350185355613677e-9   4.059570306098163e-7   0.   0.   0.   0.
7.539121756487024   3.71107386777226e-9   3.909543336294375e-7   0.   0.   0.   0.
7.56197604790419   3.834034366541684e-9   3.834446036315977e-7   0.   0.   0.   0.
7.584830339321356   3.726550500243942e-9   3.788532025405325e-7   0.   0.   0.   0.
7.607684630738521   3.54183060318314e-9   3.772228340440602e-7   0.   0.   0.   0.
7.630538922155687   3.313540710275599e-9   3.812179168691321e-7   0.   0.   0.   0.
7.653393213572853   3.098972467034082e-9   3.874488498272432e-7   0.   0.   0.   0.
7.676247504990018   3.031271974855452e-9   3.932543738677499e-7   0.   0.   0.   0.
7.699101796407184   2.963661006039322e-9   3.944914262028863e-7   0.   0.   0.   0.
7.72195608782435   2.879879602769707e-9   3.905703243742389e-7   0.   0.   0.   0.
7.744810379241515   2.76366780723062e-9   3.842253293852446e-7   0.   0.   0.   0.
7.767664670658681   2.492350388420878e-9   3.764983174677331e-7   0.   0.   0.   0.
7.790518962075847   2.158323136410578e-9   3.687524144984327e-7   0.   0.   0.   0.
7.813373253493012   1.822046355615767e-9   3.588985357479064e-7   0.   0.   0.   0.
7.836227544910178   1.511797055603805e-9   3.463602178247414e-7   0.   0.   0.   0.
7.859081836327344   1.262455366649644e-9   3.24586922609708e-7   0.   0.   0.   0.
7.881936127744509   1.103513893054647e-9   3.022210199805457e-7   0.   0.   0.   0.
7.904790419161675   1.048093540717429e-9   2.829133021886088e-7   0.   0.   0.   0.
7.927644710578841   1.119220500755293e-9   2.768480139064717e-7   0.   0.   0.   0.
7.950499001996006   1.349473980918699e-9   2.799885253459466e-7   0.   0.   0.   0.
7.973353293413172   2.155930077956596e-9   2.859055707700984e-7   0.   0.   0.   0.
7.996207584830338   3.01789727299263e-9   2.894689161981312e-7   0.   0.   0.   0.
8.019061876247503   3.821280875135946e-9   2.878268864432674e-7   0.   0.   0.   0.
8.04191616766467   4.451986193495701e-9   2.853473337710912e-7   0.   0.   0.   0.
8.064770459081835   4.343535167519946e-9   2.831485517012612e-7   0.   0.   0.   0.
8.087624750499001   3.72769525124473e-9   2.850112805308109e-7   0.   0.   0.   0.
8.110479041916166   2.966085393583384e-9   2.852055269577193e-7   0.   0.   0.   0.
8.133333333333332   2.16886836531875e-9   2.818311003662377e-7   0.   0.   0.   0.
8.156187624750497   1.571474234222444e-9   2.648474205414884e-7   0.   0.   0.   0.
8.179041916167664   1.448691640950656e-9   2.434006581236657e-7   0.   0.   0.   0.
8.201896207584829   1.435824259890554e-9   2.234343933999093e-7   0.   0.   0.   0.
8.224750499001995   1.497477480851632e-9   2.156799871178427e-7   0.   0.   0.   0.
8.24760479041916   1.598256693643376e-9   2.194431125073606e-7   0.   0.   0.   0.
8.270459081836326   1.60589550723992e-9   2.257094884676355e-7   0.   0.   0.   0.
8.293313373253491   1.601726364148867e-9   2.29381569661746e-7   0.   0.   0.   0.
8.316167664670658   1.597578875964879e-9   2.249038655909091e-7   0.   0.   0.   0.
8.339021956087822   1.593452911864664e-9   2.188060532759571e-7   0.   0.   0.   0.
8.361876247504989   1.552902355497252e-9   2.12198259728802e-7   0.   0.   0.   0.
8.384730538922154   1.490198603433963e-9   2.094882463483362e-7   0.   0.   0.   0.
8.40758483033932   1.461395552220531e-9   2.065758376500594e-7   0.   0.   0.   0.
8.430439121756485   1.488787385272272e-9   2.023987475192779e-7   0.   0.   0.   0.
8.453293413173652   1.635629610140487e-9   1.927317412696041e-7   0.   0.   0.   0.
8.476147704590816   2.104634948761155e-9   1.802681119653942e-7   0.   0.   0.   0.
8.499001996007983   2.594689709305685e-9   1.683149180484479e-7   0.   0.   0.   0.
8.521856287425148   3.03891091914928e-9   1.614605942710804e-7   0.   0.   0.   0.
8.544710578842314   3.370415605667279e-9   1.610856203101414e-7   0.   0.   0.   0.
8.567564870259479   3.247599780119469e-9   1.61154896945999e-7   0.   0.   0.   0.
8.590419161676646   2.882014144302602e-9   1.585417983286077e-7   0.   0.   0.   0.
8.61327345309381   2.407486707148341e-9   1.461100799298657e-7   0.   0.   0.   0.
8.636127744510977   1.872722183756546e-9   1.331103200414479e-7   0.   0.   0.   0.
8.658982035928142   1.351381178953792e-9   1.220832033374006e-7   0.   0.   0.   0.
8.681836327345308   8.974366676905151e-10   1.231060763265857e-7   0.   0.   0.   0.
8.704690618762473   5.014228091160451e-10   1.281507456956445e-7   0.   0.   0.   0.
8.72754491017964   1.919824780182266e-10   1.329761213679801e-7   0.   0.   0.   0.
8.750399201596804   1.991409250909512e-12   1.296648212619122e-7   0.   0.   0.   0.
8.773253493013971   1.806293774392968e-10   1.195175013421447e-7   0.   0.   0.   0.
8.796107784431136   4.54497251740556e-10   1.090073280871673e-7   0.   0.   0.   0.
8.818962075848302   7.762922233735352e-10   1.026222035455991e-7   0.   0.   0.   0.
8.841816367265467   1.098711483556994e-9   1.045904614736545e-7   0.   0.   0.   0.
8.864670658682634   1.257559532834668e-9   1.083856317946218e-7   0.   0.   0.   0.
8.887524950099798   1.293671760117049e-9   1.124241197577291e-7   0.   0.   0.   0.
8.910379241516965   1.284262010467805e-9   1.119363616464551e-7   0.   0.   0.   0.
8.93323353293413   1.240350706055935e-9   1.105021137428747e-7   0.   0.   0.   0.
8.956087824351296   1.182198597592114e-9   1.085056586808794e-7   0.   0.   0.   0.
8.978942115768461   1.133504547667553e-9   1.062525082180924e-7   0.   0.   0.   0.
9.001796407185628   1.069551900394167e-9   1.04219783147953e-7   0.   0.   0.   0.
9.024650698602792   9.904493786915129e-10   1.028878824355376e-7   0.   0.   0.   0.
9.047504990019959   8.963057054791269e-10   1.031995197078262e-7   0.   0.   0.   0.
9.070359281437124   7.214366392715746e-10   1.054557272295159e-7   0.   0.   0.   0.
9.09321357285429   5.448481303083411e-10   1.088369233614541e-7   0.   0.   0.   0.
9.116067864271455   3.99201830742633e-10   1.134731441740841e-7   0.   0.   0.   0.
9.138922155688622   3.087531078404629e-10   1.203008223995193e-7   0.   0.   0.   0.
9.161776447105786   4.045610954186622e-10   1.263442225497353e-7   0.   0.   0.   0.
9.184630738522953   6.707659244341269e-10   1.302583646425497e-7   0.   0.   0.   0.
9.207485029940118   9.651216951407659e-10   1.26028918864062e-7   0.   0.   0.   0.
9.230339321357284   1.246013121431645e-9   1.190598998322876e-7   0.   0.   0.   0.
9.253193612774449   1.440961733254587e-9   1.119292196992261e-7   0.   0.   0.   0.
9.276047904191616   1.366053952237848e-9   1.104272911707488e-7   0.   0.   0.   0.
9.29890219560878   1.231805797613442e-9   1.129634653685039e-7   0.   0.   0.   0.
9.321756487025947   1.065889687759244e-9   1.148232914369392e-7   0.   0.   0.   0.
9.344610778443112   8.959780410531698e-10   1.115851055436299e-7   0.   0.   0.   0.
9.367465069860278   8.314762142078912e-10   9.987541509466371e-8   0.   0.   0.   0.
9.390319361277443   8.178418063929137e-10   8.741925556065071e-8   0.   0.   0.   0.
9.413173652694609   8.222360218806935e-10   7.688289505644144e-8   0.   0.   0.   0.
9.436027944111774   8.377584603605119e-10   7.614896230452957e-8   0.   0.   0.   0.
9.458882235528941   8.490188960681031e-10   7.840577538791971e-8   0.   0.   0.   0.
9.481736526946106   8.470903505748648e-10   8.254317019209849e-8   0.   0.   0.   0.
9.504590818363272   8.451709682427101e-10   8.67446646887203e-8   0.   0.   0.   0.
9.527445109780437   8.432606956545525e-10   9.077169120871278e-8   0.   0.   0.   0.
9.550299401197603   8.413594793201792e-10   9.431897250444118e-8   0.   0.   0.   0.
9.573153692614768   8.394672606899582e-10   9.613131810938041e-8   0.   0.   0.   0.
9.596007984031935   8.375839933247282e-10   9.595519829116181e-8   0.   0.   0.   0.
9.6188622754491   8.3570962555674e-10   9.488611043855118e-8   0.   0.   0.   0.
9.641716566866266   8.33844105718244e-10   9.323702957108385e-8   0.   0.   0.   0.
9.664570858283431   8.449374856596863e-10   9.13435043461844e-8   0.   0.   0.   0.
9.687425149700597   8.593632565395512e-10   8.940312079629679e-8   0.   0.   0.   0.
9.710279441117762   8.631475092901894e-10   8.767208535202118e-8   0.   0.   0.   0.
9.733133732534929   8.497864633593104e-10   8.666245447960796e-8   0.   0.   0.   0.
9.755988023952094   7.937879962498558e-10   8.625013118525532e-8   0.   0.   0.   0.
9.77884231536926   6.614595033664575e-10   8.649074433622823e-8   0.   0.   0.   0.
9.801696606786425   5.212404334489652e-10   8.834182243713009e-8   0.   0.   0.   0.
9.824550898203591   3.894208761757994e-10   9.105695809804234e-8   0.   0.   0.   0.
9.847405189620756   2.822909212254214e-10   9.336598395043434e-8   0.   0.   0.   0.
9.870259481037923   2.956960024501748e-10   9.359066325768289e-8   0.   0.   0.   0.
9.893113772455087   3.509901184404601e-10   9.069665564820219e-8   0.   0.   0.   0.
9.915968063872254   4.245160439909747e-10   8.733512600621038e-8   0.   0.   0.   0.
9.938822355289419   5.032348730585878e-10   8.45617707962947e-8   0.   0.   0.   0.
9.961676646706585   5.529955020099236e-10   8.593110765437292e-8   0.   0.   0.   0.
9.98453093812375   5.683457226435551e-10   8.733969265284304e-8   0.   0.   0.   0.
10.00738522954091   5.696089707795584e-10   8.769867219828877e-8   0.   0.   0.   0.
10.03023952095808   5.568753485951885e-10   8.280241173857543e-8   0.   0.   0.   0.
10.05309381237524   5.26180674138572e-10   7.55705795283383e-8   0.   0.   0.   0.
10.07594810379241   4.580333249908285e-10   6.823190258073447e-8   0.   0.   0.   0.
10.09880239520958   3.868260732066637e-10   6.393798379638093e-8   0.   0.   0.   0.
10.12165668662674   3.220438879012358e-10   6.294275665487352e-8   0.   0.   0.   0.
10.14451097804391   2.73171738189683e-10   6.246097434845662e-8   0.   0.   0.   0.
10.16736526946107   2.870011539171607e-10   6.081305527385957e-8   0.   0.   0.   0.
10.19021956087824   3.357777986333813e-10   5.55634515050197e-8   0.   0.   0.   0.
10.2130738522954   4.009987335005667e-10   5.076479266168428e-8   0.   0.   0.   0.
10.23592814371257   4.762833457764715e-10   4.765536048619e-8   0.   0.   0.   0.
10.25878243512973   5.437421147878444e-10   5.200115692980316e-8   0.   0.   0.   0.
10.2816367265469   5.939224039634118e-10   5.813294786109466e-8   0.   0.   0.   0.
10.30449101796407   6.481181672293274e-10   6.397898581266212e-8   0.   0.   0.   0.
10.32734530938123   7.094076006573029e-10   6.462652597459459e-8   0.   0.   0.   0.
10.3501996007984   7.812968393466955e-10   6.165166578088018e-8   0.   0.   0.   0.
10.37305389221556   9.12380452868952e-10   5.798621790295541e-8   0.   0.   0.   0.
10.39590818363273   1.044302290374701e-9   5.589660713007561e-8   0.   0.   0.   0.
10.41876247504989   1.164784626393899e-9   5.665982652702801e-8   0.   0.   0.   0.
10.44161676646706   1.26154973545646e-9   5.785479008439622e-8   0.   0.   0.   0.
10.46447105788423   1.285592154585683e-9   5.880751535648508e-8   0.   0.   0.   0.
10.48732534930139   1.251539116371249e-9   5.798528392659314e-8   0.   0.   0.   0.
10.51017964071856   1.187258925110405e-9   5.67643926585775e-8   0.   0.   0.   0.
10.53303393213572   1.099040765288646e-9   5.535834121701067e-8   0.   0.   0.   0.
10.55588822355289   9.933534503511139e-10   5.360390169554323e-8   0.   0.   0.   0.
10.57874251497005   8.767544714417872e-10   5.221760254067956e-8   0.   0.   0.   0.
10.60159680638722   7.548093296832211e-10   5.178749426589417e-8   0.   0.   0.   0.
10.62445109780438   6.335879518055324e-10   5.458168169557542e-8   0.   0.   0.   0.
10.64730538922155   5.19160264538801e-10   5.992684012254571e-8   0.   0.   0.   0.
10.67015968063872   4.261836131823646e-10   6.47425873774109e-8   0.   0.   0.   0.
10.69301397205588   3.505308562835014e-10   6.606910503355456e-8   0.   0.   0.   0.
10.71586826347305   2.938961551026739e-10   6.02939789397086e-8   0.   0.   0.   0.
10.73872255489021   2.59169250629694e-10   5.398012374206037e-8   0.   0.   0.   0.
10.76157684630738   2.681818470296273e-10   4.917711197079805e-8   0.   0.   0.   0.
10.78443113772455   3.173297199410933e-10   5.519785358831646e-8   0.   0.   0.   0.
10.80728542914171   3.791595679990749e-10   6.273803305933766e-8   0.   0.   0.   0.
10.83013972055888   4.446829722004981e-10   6.890102799953871e-8   0.   0.   0.   0.
10.85299401197604   4.962479167223722e-10   6.51809194685603e-8   0.   0.   0.   0.
10.87584830339321   4.80995791875652e-10   5.549781655343265e-8   0.   0.   0.   0.
10.89870259481037   4.659333160003637e-10   4.531340589030623e-8   0.   0.   0.   0.
10.92155688622754   4.628158890614887e-10   3.999659337543399e-8   0.   0.   0.   0.
10.9444111776447   4.833989110240099e-10   4.188514021052384e-8   0.   0.   0.   0.
10.96726546906187   6.283875535497622e-10   4.526014851671348e-8   0.   0.   0.   0.
10.99011976047904   8.214398352586797e-10   4.818422189432835e-8   0.   0.   0.   0.
11.0129740518962   1.00669288145094e-9   4.667559721792538e-8   0.   0.   0.   0.
11.03582834331337   1.157868789833585e-9   4.457349190956985e-8   0.   0.   0.   0.
11.05868263473053   1.178550176950248e-9   4.253974111721622e-8   0.   0.   0.   0.
11.0815369261477   1.021713195247446e-9   4.225152346577117e-8   0.   0.   0.   0.
11.10439121756486   8.324112142962655e-10   4.296776831103974e-8   0.   0.   0.   0.
11.12724550898203   6.426641122018056e-10   4.440737006615533e-8   0.   0.   0.   0.
11.1500998003992   4.853793625159232e-10   4.706055799572845e-8   0.   0.   0.   0.
11.17295409181636   5.833048968427033e-10   5.044681771040554e-8   0.   0.   0.   0.
11.19580838323353   7.128670258465675e-10   5.347003609239999e-8   0.   0.   0.   0.
11.21866267465069   8.423858740007375e-10   5.490469523671739e-8   0.   0.   0.   0.
11.24151696606786   9.401815657784714e-10   5.350718193038271e-8   0.   0.   0.   0.
11.26437125748502   8.559990264022162e-10   5.1370217332479e-8   0.   0.   0.   0.
11.28722554890219   6.437236090130889e-10   4.907026073513921e-8   0.   0.   0.   0.
11.31007984031935   4.029711487926416e-10   4.801011945578868e-8   0.   0.   0.   0.
11.33293413173652   1.624034176369086e-10   4.744468617712256e-8   0.   0.   0.   0.
11.35578842315369   -2.149368091507464e-11   4.742695070920431e-8   0.   0.   0.   0.
11.37864271457085   -7.671985898841892e-11   4.851133071317803e-8   0.   0.   0.   0.
11.40149700598802   -8.906921128753095e-11   5.019710335293571e-8   0.   0.   0.   0.
11.42435129740518   -6.442403262758345e-11   5.193056373005068e-8   0.   0.   0.   0.
11.44720558882235   -8.666617823750479e-12   5.31141235128703e-8   0.   0.   0.   0.
11.47005988023952   9.421404022160528e-11   5.346536594766102e-8   0.   0.   0.   0.
11.49291417165668   2.12468710126644e-10   5.332617140288651e-8   0.   0.   0.   0.
11.51576846307385   3.288952018510654e-10   5.260357177333923e-8   0.   0.   0.   0.
11.53862275449101   4.29466526760398e-10   5.092217743904907e-8   0.   0.   0.   0.
11.56147704590818   4.515059270067837e-10   4.916518776042536e-8   0.   0.   0.   0.
11.58433133732534   3.968482277096525e-10   4.769555346651985e-8   0.   0.   0.   0.
11.60718562874251   3.304698055331628e-10   4.828993255008293e-8   0.   0.   0.   0.
11.63003992015967   2.691091626950567e-10   4.929561854087894e-8   0.   0.   0.   0.
11.65289421157684   2.418624374584166e-10   4.984952647259975e-8   0.   0.   0.   0.
11.67574850299401   3.311327452032585e-10   4.791216383366976e-8   0.   0.   0.   0.
11.69860279441117   4.411531185453726e-10   4.405600016647678e-8   0.   0.   0.   0.
11.72145708582834   5.580548602051948e-10   4.011650841732824e-8   0.   0.   0.   0.
11.7443113772455   6.67969272903195e-10   3.761970277767724e-8   0.   0.   0.   0.
11.76716566866267   7.244630796014605e-10   3.78743601142564e-8   0.   0.   0.   0.
11.79001996007983   7.456640471022282e-10   3.861417917098865e-8   0.   0.   0.   0.
11.812874251497   7.427869060706964e-10   3.921063320327292e-8   0.   0.   0.   0.
11.83572854291417   7.159629754602655e-10   3.743280114970171e-8   0.   0.   0.   0.
11.85858283433133   6.653235742243409e-10   3.541002410854134e-8   0.   0.   0.   0.
11.8814371257485   5.910000213163159e-10   3.359065381560233e-8   0.   0.   0.   0.
11.90429141716566   4.931236356896032e-10   3.338576341928026e-8   0.   0.   0.   0.
11.92714570858283   3.718257362975887e-10   3.407992929944116e-8   0.   0.   0.   0.
11.94999999999999   2.272376420936922e-10   3.498925262316673e-8   0.   0.   0.   0.