0.5   1.169157776878677e-8   5.709143537751129e-7   0.   2.933533336121251e-7   7.753944548894021e-6   0.
0.5228542914171656   1.151818353127575e-8   5.722393459806327e-7   0.   2.685410519938639e-7   8.093519223644104e-6   0.
0.5457085828343313   1.109998169888249e-8   5.719645529914159e-7   0.   2.44569205669289e-7   8.409372245394487e-6   0.
0.5685628742514969   9.826503978217495e-9   5.696398781470662e-7   0.   2.409726233462594e-7   8.691730665173471e-6   0.
0.5914171656686626   8.396268076210182e-9   5.66628293790002e-7   0.   2.449811401713805e-7   8.962563390431368e-6   0.
0.6142714570858283   7.227251656512372e-9   5.639041978574212e-7   0.   2.507481521922524e-7   9.237036458479191e-6   0.
0.6371257485029939   6.587432369077121e-9   5.622342241277057e-7   0.   2.561289663062056e-7   9.526678527086098e-6   0.
0.6599800399201596   7.761242565145967e-9   5.644918284596923e-7   0.   2.527159580613367e-7   9.875596976589431e-6   0.
0.6828343313373253   1.098091874043453e-8   5.713695633639669e-7   0.   2.385846550839941e-7   0.00001029417491331695   0.
0.7056886227544909   1.447515882955182e-8   5.794072146078153e-7   0.   2.24155477938547e-7   0.00001072857937292038   0.
0.7285429141716566   1.77751269488974e-8   5.878442106552054e-7   0.   2.118236432418466e-7   0.00001116672316126352   0.
0.7513972055888222   2.024749295681287e-8   5.957287873181206e-7   0.   2.049477418590768e-7   0.00001159251054116726   0.
0.7742514970059879   1.922915012362677e-8   5.997499590388704e-7   0.   2.187739193813194e-7   0.00001194038236611145   0.
0.7971057884231536   1.750498131908437e-8   6.029289708907651e-7   0.   2.366417190220093e-7   0.00001227754096748097   0.
0.8199600798403192   1.544954319320917e-8   6.054855314829375e-7   0.   2.560069591617205e-7   0.00001261245169390328   0.
0.8428143712574849   1.343739239602474e-8   6.076393494245203e-7   0.   2.743254581810268e-7   0.00001295357989400587   0.
0.8656686626746505   1.298292797118387e-8   6.084397565408934e-7   0.   2.815725459017027e-7   0.00001340016973492602   0.
0.8885229540918163   1.348777668197136e-8   6.091054544230461e-7   0.   2.81589125981849e-7   0.00001388320091806078   0.
0.911377245508982   1.425922612255832e-8   6.109520110129181e-7   0.   2.788352254593824e-7   0.00001432613982686147   0.
0.9342315369261476   1.513768359138208e-8   6.147475932009336e-7   0.   2.742721456970534e-7   0.00001469491132601163   0.
0.9570858283433133   1.576910295294605e-8   6.253457928223792e-7   0.   2.707090053466295e-7   0.00001486568451943638   0.
0.979940119760479   1.582549526512673e-8   6.470527456679461e-7   0.   2.707073114263683e-7   0.00001472665598297076   0.
1.002794411177644   1.576890979173042e-8   6.675760542517318e-7   0.   2.693211372910137e-7   0.00001453068790296076   0.
1.02564870259481   1.563729861322844e-8   6.835335119586799e-7   0.   2.656345911048579e-7   0.00001433488780842563   0.
1.048502994011975   1.546861381009211e-8   6.915429121737337e-7   0.   2.587317810321933e-7   0.00001419636322838463   0.
1.071357285429141   1.555671524151718e-8   6.650450862136206e-7   0.   2.384666017412272e-7   0.00001440460900044799   0.
1.094211576846307   1.561840551626387e-8   6.29743575310329e-7   0.   2.155065458592953e-7   0.00001472510001253917   0.
1.117065868263472   1.558292382978376e-8   5.92102041641801e-7   0.   1.928568338494603e-7   0.00001511622270405356   0.
1.139920159680638   1.539829991861258e-8   5.5688233253643e-7   0.   1.728449392661993e-7   0.0000155534270178536   0.
1.162774451097804   1.477554892949546e-8   5.404759710008307e-7   0.   1.652101415404572e-7   0.00001599689617854298   0.
1.185628742514969   1.378703554134182e-8   5.41544019358753e-7   0.   1.683917719087645e-7   0.00001643008886184997   0.
1.208483033932135   1.270407267761939e-8   5.489856785944886e-7   0.   1.746077481097191e-7   0.00001684927851073063   0.
1.231337325349301   1.160978310161166e-8   5.609341404382515e-7   0.   1.819609797568036e-7   0.00001723861675674895   0.
1.254191616766467   1.066559367646003e-8   5.756239245247314e-7   0.   1.868443976502561e-7   0.00001758234942127785   0.
1.277045908183632   1.018882903533982e-8   5.914912869797928e-7   0.   1.822464890902444e-7   0.00001786490985075209   0.
1.299900199600798   9.791487052952196e-9   6.060597694924251e-7   0.   1.76558431856669e-7   0.00001806988297380044   0.
1.322754491017964   9.422654579618782e-9   6.172891172145713e-7   0.   1.708101671206791e-7   0.00001818125919394069   0.
1.345608782435129   9.031418465661196e-9   6.231390752981745e-7   0.   1.660316360534238e-7   0.00001818302891469064   0.
1.368463073852295   8.122634517288796e-9   6.107145774370892e-7   0.   1.691045407352061e-7   0.00001791824067809103   0.
1.391317365269461   7.124579187158422e-9   5.896843946493362e-7   0.   1.747465597878029e-7   0.00001752291810426778   0.
1.414171656686626   6.273923274407905e-9   5.650354026400839e-7   0.   1.801993522888734e-7   0.00001707229379517191   0.
1.437025948103792   5.698164822866039e-9   5.390868344746042e-7   0.   1.841426867645928e-7   0.00001660696294602706   0.
1.459880239520958   6.030250820240124e-9   5.174761200166607e-7   0.   1.82023309361791e-7   0.00001623779619131161   0.
1.482734530938123   7.391247169997618e-9   5.024802662910656e-7   0.   1.725621307516357e-7   0.00001600449442921938   0.
1.505588822355289   8.879650710104532e-9   4.896632671875228e-7   0.   1.610207591638337e-7   0.00001580458496926279   0.
1.528443113772455   1.025293988641055e-8   4.789152323944263e-7   0.   1.484457336076149e-7   0.00001562721707904853   0.
1.55129740518962   1.118912934693706e-8   4.700465387165096e-7   0.   1.360076254685388e-7   0.0000154603713588337   0.
1.574151696606786   1.02908905214923e-8   4.617885783383783e-7   0.   1.265554732879002e-7   0.00001527621342717238   0.
1.597005988023952   9.013634358283436e-9   4.557351431077865e-7   0.   1.184855701910165e-7   0.00001508886390128593   0.
1.619860279441117   7.553593545572108e-9   4.522165826956381e-7   0.   1.121596184086316e-7   0.00001489392477029201   0.
1.642714570858283   6.107000771619946e-9   4.515632467728376e-7   0.   1.079393201714894e-7   0.0000146869980233083   0.
1.665568862275449   5.399236544280336e-9   4.584093216477336e-7   0.   1.086873670476879e-7   0.00001442322244240436   0.
1.688423153692614   5.179854191264438e-9   4.694520795675896e-7   0.   1.126542547646261e-7   0.00001413235697394286   0.
1.71127744510978   5.14319089292831e-9   4.809396909046032e-7   0.   1.178295028334698e-7   0.00001384838286724248   0.
1.734131736526946   5.236001950027291e-9   4.911733749415158e-7   0.   1.233956717348453e-7   0.00001358597930461858   0.
1.756986027944111   5.394266581965711e-9   4.956226249331756e-7   0.   1.280150725443833e-7   0.0000133878959012411   0.
1.779840319361277   5.554932078564163e-9   4.900113225438418e-7   0.   1.3039675299844e-7   0.00001329436056195382   0.
1.802694610778443   5.699833744299496e-9   4.818589693205698e-7   0.   1.314168716926618e-7   0.00001322867315808442   0.
1.825548902195608   5.786829099722324e-9   4.723842128521478e-7   0.   1.307939838774334e-7   0.00001317659288655203   0.
1.848403193612774   5.773775665383267e-9   4.628057007273637e-7   0.   1.282466448031393e-7   0.00001312387894427575   0.
1.871257485029939   5.265335137467254e-9   4.598219577382784e-7   0.   1.196829354906995e-7   0.00001299175447350612   0.
1.894111776447105   4.660708146247107e-9   4.578041381599306e-7   0.   1.095828676685542e-7   0.0000128466210261725   0.
1.916966067864271   4.070167001459921e-9   4.556061551446109e-7   0.   9.930933263615473e-8   0.0000127020870785135   0.
1.939820359281436   3.576204325625424e-9   4.525129271515666e-7   0.   8.992551887954988e-8   0.00001256668519338126   0.
1.962674650698602   3.519589065327357e-9   4.448650521605552e-7   0.   8.598901859778571e-8   0.00001248669511892774   0.
1.985528942115768   3.85091113384908e-9   4.334511243917061e-7   0.   8.677841489900702e-8   0.00001245137178570513   0.
2.008383233532934   4.295693897717198e-9   4.216254708912812e-7   0.   8.852720582787712e-8   0.00001241707656084669   0.
2.031237524950099   4.78809739005004e-9   4.103639846293857e-7   0.   9.029168298184654e-8   0.00001237066314152291   0.
2.054091816367265   5.219604325156289e-9   4.017708240500544e-7   0.   9.005323060027738e-8   0.00001228465623709427   0.
2.076946107784431   5.391330343471618e-9   4.003391929327557e-7   0.   8.351717071093291e-8   0.00001210123964666557   0.
2.099800399201596   5.50138216656155e-9   4.000669935059224e-7   0.   7.638778137030891e-8   0.00001189588765058242   0.
2.122654690618762   5.558747678369103e-9   3.999518857360719e-7   0.   6.960603225978454e-8   0.00001168057753372477   0.
2.145508982035928   5.572414762837296e-9   3.989915295897214e-7   0.   6.41128930607389e-8   0.00001146728658097257   0.
2.168363273453093   5.588068688049461e-9   3.91289628328008e-7   0.   6.589403660866342e-8   0.00001128821215093065   0.
2.191217564870259   5.575367345107606e-9   3.810888828569032e-7   0.   7.048383089971532e-8   0.00001113366090062704   0.
2.214071856287425   5.519216449302453e-9   3.705985469258861e-7   0.   7.551272648689201e-8   0.00001100234096137638   0.
2.23692614770459   5.413791090354663e-9   3.607917121380382e-7   0.   7.988541304183042e-8   0.00001089806784309117   0.
2.259780439121756   5.208007797525214e-9   3.549425037680201e-7   0.   7.995048547165147e-8   0.00001085201327578647   0.
2.282634730538922   4.895581916781344e-9   3.54047387689906e-7   0.   7.458666822529839e-8   0.00001086827065826877   0.
2.305489021956087   4.564190953280765e-9   3.543256099555862e-7   0.   6.797944276585658e-8   0.00001089413861986853   0.
2.328343313373253   4.241473487478954e-9   3.550489128948272e-7   0.   6.092343632817606e-8   0.00001091320589773652   0.
2.351197604790419   3.963083712213403e-9   3.553261505052515e-7   0.   5.439344408513374e-8   0.00001090537683519725   0.
2.374051896207584   3.88430273806987e-9   3.518351923277937e-7   0.   5.205313064041622e-8   0.00001079556900024219   0.
2.39690618762475   3.84665398624067e-9   3.476298981941934e-7   0.   5.051378914510084e-8   0.00001065291937151416   0.
2.419760479041916   3.82983140300722e-9   3.429563117257039e-7   0.   4.949238919954713e-8   0.00001048305454250414   0.
2.442614770459081   3.813528934650938e-9   3.380604765435787e-7   0.   4.870590040411465e-8   0.00001029160110670307   0.
2.465469061876247   3.77137751954609e-9   3.332222651560175e-7   0.   4.689501539354415e-8   0.00001007153269916769   0.
2.488323353293413   3.688131401322958e-9   3.286594869761792e-7   0.   4.459152238900715e-8   9.839036304040022e-6   0.
2.511177644710578   3.549309968575018e-9   3.245856822487088e-7   0.   4.24504146964067e-8   9.611895694970472e-6   0.
2.534031936127744   3.33748322375977e-9   3.212308474808327e-7   0.   4.065176990466671e-8   9.401739538976485e-6   0.
2.55688622754491   2.932882393200921e-9   3.194589790783473e-7   0.   3.978600672821822e-8   9.246480818533253e-6   0.
2.579740518962075   2.220282822661072e-9   3.201059221306833e-7   0.   4.042532362172921e-8   9.182865421166018e-6   0.
2.602594810379241   1.521562070259217e-9   3.212996257686949e-7   0.   4.138929876673167e-8   9.13537550728808e-6   0.
2.625449101796407   9.26239380495522e-10   3.226075242610441e-7   0.   4.242918234175955e-8   9.088171293325469e-6   0.
2.648303393213572   5.238339978701506e-10   3.235970518763936e-7   0.   4.329622452534678e-8   9.025412995704222e-6   0.
2.671157684630738   9.286811846767249e-10   3.227360460685776e-7   0.   4.284239369172151e-8   8.849840300192507e-6   0.
2.694011976047904   1.577347644115404e-9   3.209600101253141e-7   0.   4.193778609034194e-8   8.646913194192424e-6   0.
2.716866267465069   2.329321585156235e-9   3.183183403465385e-7   0.   4.072781426838991e-8   8.436479160420746e-6   0.
2.739720558882235   3.088135016427736e-9   3.147681522705951e-7   0.   3.928242092021801e-8   8.231552678372551e-6   0.
2.762574850299401   3.576106431384276e-9   3.099482516605477e-7   0.   3.774771494755029e-8   8.076797732113929e-6   0.
2.785429141716566   3.786760055360959e-9   3.03973829473394e-7   0.   3.615581423993427e-8   7.96951138033239e-6   0.
2.808283433133732   3.877425557836775e-9   2.972478083734775e-7   0.   3.446998729996492e-8   7.878381550943885e-6   0.
2.831137724550898   3.856508150216826e-9   2.899115184461458e-7   0.   3.27160973607983e-8   7.798106292091973e-6   0.
2.853992015968063   3.718372361442252e-9   2.818263141844542e-7   0.   3.088589435703482e-8   7.721312978710173e-6   0.
2.876846307385229   3.425787344538402e-9   2.722235284205851e-7   0.   2.889436397094183e-8   7.635969404644116e-6   0.
2.899700598802394   3.076473804955293e-9   2.630254700783662e-7   0.   2.698437071904014e-8   7.549945570414681e-6   0.
2.92255489021956   2.70406845775258e-9   2.548765933041195e-7   0.   2.52430803971913e-8   7.461660582511455e-6   0.
2.945409181636726   2.342208017989916e-9   2.484213522441668e-7   0.   2.375765880125684e-8   7.36953354742403e-6   0.
2.968263473053891   2.059782123184152e-9   2.485303642527875e-7   0.   2.30568330618309e-8   7.263728429681406e-6   0.
2.991117764471057   1.852893230368422e-9   2.513484309864349e-7   0.   2.275763271607159e-8   7.151453695826102e-6   0.
3.013972055888223   1.731728120582624e-9   2.547087999885272e-7   0.   2.265350084287349e-8   7.036619700187785e-6   0.
3.036826347305388   1.715621419721607e-9   2.575413735664962e-7   0.   2.265246207359627e-8   6.92099465532042e-6   0.
3.059680638722554   1.966118757448894e-9   2.565628997857059e-7   0.   2.259255131880102e-8   6.818659024020523e-6   0.
3.08253493013972   2.507319191711427e-9   2.506291346306759e-7   0.   2.237944837533916e-8   6.731793510689627e-6   0.
3.105389221556885   3.060380791572408e-9   2.43310343630735e-7   0.   2.206792667324482e-8   6.636350995123461e-6   0.
3.128243512974051   3.538426352523334e-9   2.351893473400454e-7   0.   2.161828342587513e-8   6.524904152259429e-6   0.
3.151097804391217   3.825793410125362e-9   2.269276421130542e-7   0.   2.096000675745809e-8   6.386304075364107e-6   0.
3.173952095808382   3.329878101822428e-9   2.204902993379965e-7   0.   1.951211067875034e-8   6.14773917445631e-6   0.
3.196806387225548   2.695161699991299e-9   2.144611924133038e-7   0.   1.801767110839977e-8   5.896337820998779e-6   0.
3.219660678642714   2.022591425080918e-9   2.089097806456625e-7   0.   1.663801521270303e-8   5.648956088409448e-6   0.
3.242514970059879   1.41311449754023e-9   2.039055233417592e-7   0.   1.553447015795679e-8   5.422450050106256e-6   0.
3.265369261477045   1.314378822986957e-9   1.997464369586738e-7   0.   1.548650470593312e-8   5.278901561049338e-6   0.
3.288223552894211   1.541313154903854e-9   1.963134274815502e-7   0.   1.614549631971469e-8   5.197856676945674e-6   0.
3.311077844311376   1.857423795643069e-9   1.934535014272031e-7   0.   1.707114004771096e-8   5.152153590954854e-6   0.
3.333932135728542   2.198180831774242e-9   1.911270298201418e-7   0.   1.812972960538751e-8   5.137062515759029e-6   0.
3.356786427145708   2.423826622533232e-9   1.894361317706683e-7   0.   1.910295297377416e-8   5.155293594830141e-6   0.
3.379640718562873   2.39442668213578e-9   1.884832596098796e-7   0.   1.977229924310156e-8   5.209574461397657e-6   0.
3.402495009980039   2.299530191762579e-9   1.87750035015767e-7   0.   2.028981512399041e-8   5.270047214534072e-6   0.
3.425349301397205   2.154369244843385e-9   1.8704653719635e-7   0.   2.061149959630339e-8   5.324093701398255e-6   0.
3.44820359281437   1.974175934807953e-9   1.861828453596478e-7   0.   2.069335163990316e-8   5.359095769149084e-6   0.
3.471057884231536   1.766219312197135e-9   1.837190660952991e-7   0.   2.022626115045095e-8   5.296986153856227e-6   0.
3.493912175648702   1.555595253634593e-9   1.810136137236721e-7   0.   1.949461646421272e-8   5.206218203990892e-6   0.
3.516766467065867   1.361080567661925e-9   1.784329875162697e-7   0.   1.857242875691226e-8   5.10330816374727e-6   0.
3.539620758483033   1.200741459732652e-9   1.762321421485121e-7   0.   1.751005149747229e-8   4.998931753652837e-6   0.
3.562475049900199   1.140235642210694e-9   1.75949530410877e-7   0.   1.633760683602504e-8   4.93425214048915e-6   0.
3.585329341317364   1.174676062330237e-9   1.772210792242231e-7   0.   1.511520575316836e-8   4.905241029892211e-6   0.
3.60818363273453   1.254584342677903e-9   1.784801294841165e-7   0.   1.392191516014405e-8   4.879304618611105e-6   0.
3.631037924151696   1.370270896260129e-9   1.792330882867877e-7   0.   1.281988761192468e-8   4.849338075864789e-6   0.
3.653892215568861   1.518405703643753e-9   1.784083225557718e-7   0.   1.190702625462649e-8   4.799625430631712e-6   0.
3.676746506986027   1.710857372008504e-9   1.735527504496339e-7   0.   1.136667398806301e-8   4.693871088514394e-6   0.
3.699600798403193   1.896302063271341e-9   1.679570410385921e-7   0.   1.102693457786159e-8   4.581344865519515e-6   0.
3.722455089820358   2.053329757369763e-9   1.621929067389157e-7   0.   1.088407364459332e-8   4.470811923892699e-6   0.
3.745309381237524   2.160530434241271e-9   1.568320599668739e-7   0.   1.093435680882934e-8   4.371037425879569e-6   0.
3.76816367265469   2.050019685432891e-9   1.544674009677082e-7   0.   1.141667221796363e-8   4.329813195032992e-6   0.
3.791017964071855   1.855301521140495e-9   1.535329964167782e-7   0.   1.207068340755702e-8   4.314629072656365e-6   0.
3.813872255489021   1.653724798938751e-9   1.532377932416112e-7   0.   1.272907020887087e-8   4.307936888603343e-6   0.
3.836726546906187   1.483608114255816e-9   1.533293136911875e-7   0.   1.328916280554965e-8   4.302587702505991e-6   0.
3.859580838323352   1.494679628122359e-9   1.53284179419999e-7   0.   1.34420689984827e-8   4.282448142854522e-6   0.
3.882435129740518   1.731644155292922e-9   1.528343841126457e-7   0.   1.307329789150718e-8   4.239854263702405e-6   0.
3.905289421157684   1.995728395269214e-9   1.523039564895913e-7   0.   1.251904374107373e-8   4.186776989315604e-6   0.
3.928143712574849   2.24119306834573e-9   1.516448117370118e-7   0.   1.183223033004469e-8   4.122846080840587e-6   0.
3.950998003992015   2.409663235079975e-9   1.507698962200653e-7   0.   1.106650276775843e-8   4.047265185876051e-6   0.
3.973852295409181   2.20846726329821e-9   1.488695770263575e-7   0.   1.028888135813945e-8   3.95133674250346e-6   0.
3.996706586826346   1.946085026512855e-9   1.469881937243457e-7   0.   9.532068727510534e-9   3.846635877857876e-6   0.
4.019560878243512   1.667468087243965e-9   1.453573552615307e-7   0.   8.843811429607096e-9   3.735850728931215e-6   0.
4.042415169660678   1.417568008011609e-9   1.442086705854136e-7   0.   8.271856018164621e-9   3.621669432715402e-6   0.
4.065269461077844   1.401810400074105e-9   1.454262318915463e-7   0.   8.001539661919211e-9   3.504525586259386e-6   0.
4.088123752495009   1.534327049474355e-9   1.478945300678931e-7   0.   7.968443903246131e-9   3.388945246229432e-6   0.
4.110978043912175   1.701854234411287e-9   1.502159504648566e-7   0.   8.084661347822496e-9   3.279839355615653e-6   0.
4.133832335329341   1.872274219599342e-9   1.51828480104373e-7   0.   8.331859253908137e-9   3.180978817200733e-6   0.
4.156686626746506   1.972408639323225e-9   1.510092247478238e-7   0.   8.71801550649955e-9   3.104115340613466e-6   0.
4.179540918163672   1.927006198182486e-9   1.459766835253541e-7   0.   9.25243627217651e-9   3.061403543359357e-6   0.
4.202395209580838   1.845248520341171e-9   1.401637109705931e-7   0.   9.826247707766633e-9   3.029150480651181e-6   0.
4.225249500998003   1.739197207267912e-9   1.342573485794319e-7   0.   1.039280805565133e-8   3.002540076710055e-6   0.
4.248103792415169   1.620913860431338e-9   1.289446378477611e-7   0.   1.090547555821202e-8   2.976756255757097e-6   0.
4.270958083832335   1.515635465425778e-9   1.280121742970584e-7   0.   1.114149377884904e-8   2.925680681913101e-6   0.
4.2938123752495   1.419175869148254e-9   1.283246597776514e-7   0.   1.12714038559598e-8   2.870767017771031e-6   0.
4.316666666666666   1.337640807058331e-9   1.291679980054518e-7   0.   1.132817578519485e-8   2.816828766897651e-6   0.
4.339520958083832   1.278382390537646e-9   1.301213068804737e-7   0.   1.132811931964091e-8   2.766664263979532e-6   0.
4.362375249500997   1.286597915806694e-9   1.297898749407828e-7   0.   1.138749206359881e-8   2.733591156215078e-6   0.
4.385229540918163   1.351936863117904e-9   1.282083428180372e-7   0.   1.147585172099144e-8   2.715487218121237e-6   0.
4.408083832335329   1.427319936997478e-9   1.263564531531179e-7   0.   1.146575654317745e-8   2.7000212247957e-6   0.
4.430938123752494   1.497855205284887e-9   1.243857058497749e-7   0.   1.131477051773021e-8   2.68380863596899e-6   0.
4.45379241516966   1.529334632161774e-9   1.225475233174428e-7   0.   1.089330679889645e-8   2.660436883311372e-6   0.
4.476646706586826   1.438548783254493e-9   1.213468129650379e-7   0.   9.850692922730236e-9   2.615811848815929e-6   0.
4.499500998003991   1.340834372619015e-9   1.202613998769796e-7   0.   8.732061427989914e-9   2.56696387515118e-6   0.
4.522355289421157   1.257832292960476e-9   1.192537990838273e-7   0.   7.659805927685715e-9   2.516235375100563e-6   0.
4.545209580838323   1.211183436984015e-9   1.182865256161404e-7   0.   6.756320034827865e-9   2.46596876144752e-6   0.
4.568063872255488   1.328077800861018e-9   1.174837199132923e-7   0.   6.821914504016793e-9   2.422667773906377e-6   0.
4.590918163672654   1.519281939903483e-9   1.166381171638576e-7   0.   7.26686307786232e-9   2.384303548281552e-6   0.
4.61377245508982   1.734306145068139e-9   1.156017801291416e-7   0.   7.750281428088354e-9   2.350374711803228e-6   0.
4.636626746506985   1.951529391085385e-9   1.1427097765713e-7   0.   8.116702012943886e-9   2.321518054199432e-6   0.
4.659481037924151   2.133766118829726e-9   1.122065267746745e-7   0.   7.806194356090695e-9   2.303000441852031e-6   0.
4.682335329341317   2.258124746404517e-9   1.092773128861997e-7   0.   6.630273989817063e-9   2.295836624704936e-6   0.
4.705189620758482   2.336606058145672e-9   1.061042328540218e-7   0.   5.307176106105419e-9   2.290661708069814e-6   0.
4.728043912175648   2.359453716064671e-9   1.028392670683073e-7   0.   3.989751181598218e-9   2.284583020908707e-6   0.
4.750898203592814   2.310554832644532e-9   9.965922351125237e-8   0.   2.854672707928544e-9   2.273956599512912e-6   0.
4.773752495009979   2.040598124853356e-9   9.726116024853497e-8   0.   2.577813838254926e-9   2.239395508635951e-6   0.
4.796606786427145   1.738422622233972e-9   9.502137823260869e-8   0.   2.567731246964016e-9   2.20147944120111e-6   0.
4.819461077844311   1.444963612460579e-9   9.289386505965106e-8   0.   2.787293825145545e-9   2.163307065757715e-6   0.
4.842315369261476   1.201156383207375e-9   9.083260832583961e-8   0.   3.199370463889243e-9   2.127977050855093e-6   0.
4.865169660678642   1.216551995641314e-9   8.837865724445715e-8   0.   3.774042875084964e-9   2.114184145638846e-6   0.
4.888023952095808   1.396295424507887e-9   8.581854856216714e-8   0.   4.468371292819246e-9   2.112467122150632e-6   0.
4.910878243512973   1.612922291623104e-9   8.351867901255487e-8   0.   5.238021031746027e-9   2.110348557173831e-6   0.
4.933732534930139   1.82588102636101e-9   8.163259671212531e-8   0.   6.042375246749526e-9   2.103390009393959e-6   0.
4.956586826347305   1.936084939393538e-9   8.073842586330017e-8   0.   6.884308983269532e-9   2.079874545537696e-6   0.
4.97944111776447   1.838590230829157e-9   8.145677437969807e-8   0.   7.771049149648749e-9   2.027356935659855e-6   0.
5.002295409181636   1.698123833539798e-9   8.245223220245037e-8   0.   8.509455929852433e-9   1.966923892749218e-6   0.
5.025149700598801   1.5380610061077e-9   8.341466336349725e-8   0.   9.011414519913192e-9   1.902085894408057e-6   0.
5.048003992015967   1.381777007115097e-9   8.40339318947789e-8   0.   9.188810115863634e-9   1.836353418238644e-6   0.
5.070858283433133   1.362655794030011e-9   8.238414616530978e-8   0.   8.208823968636177e-9   1.779592622945699e-6   0.
5.093712574850298   1.369021613693017e-9   8.013873549973471e-8   0.   6.897569169442944e-9   1.727511501674478e-6   0.
5.116566866267464   1.373755036743884e-9   7.772920598936787e-8   0.   5.50875473096216e-9   1.680703234239166e-6   0.
5.13942115768463   1.360738232306354e-9   7.542547745796683e-8   0.   4.221614339135144e-9   1.640396610658318e-6   0.
5.162275449101795   1.254442134710727e-9   7.429788647297203e-8   0.   3.731437596278331e-9   1.614276041892738e-6   0.
5.185129740518961   1.065662470541366e-9   7.425376046129137e-8   0.   3.983682529460697e-9   1.600645892542501e-6   0.
5.207984031936127   8.648778011141599e-10   7.439635098109086e-8   0.   4.405392086914267e-9   1.59132539423367e-6   0.
5.230838323353292   6.71165198117583e-10   7.452141519307216e-8   0.   4.870091147855089e-9   1.583719061141226e-6   0.
5.253692614770458   5.152468517137951e-10   7.427956226004869e-8   0.   5.12645352186734e-9   1.574162978833608e-6   0.
5.276546906187624   4.591896970492243e-10   7.293071171904214e-8   0.   4.587095901772673e-9   1.556117382171363e-6   0.
5.299401197604789   4.411632163643773e-10   7.127907544496553e-8   0.   3.992979518486173e-9   1.534409980142654e-6   0.
5.322255489021955   4.576263342753974e-10   6.940232947902912e-8   0.   3.460125698250453e-9   1.50852048052515e-6   0.
5.345109780439121   5.050379753984279e-10   6.737814986244314e-8   0.   3.104555767308126e-9   1.477928591096517e-6   0.
5.367964071856286   6.083230933146225e-10   6.505725059435886e-8   0.   3.689841453583818e-9   1.436827640462932e-6   0.
5.390818363273452   7.342444377486791e-10   6.275407781493457e-8   0.   4.656470098477661e-9   1.390212163939548e-6   0.
5.413672654690618   8.595446204936493e-10   6.070350738505692e-8   0.   5.671952759941089e-9   1.341223353158163e-6   0.
5.436526946107783   9.68954597819364e-10   5.907672342352416e-8   0.   6.585520808269456e-9   1.291518897506248e-6   0.
5.459381237524949   1.000048824444031e-9   5.869762848552971e-8   0.   6.895464393350435e-9   1.246093318646335e-6   0.
5.482235528942115   9.325385985590103e-10   5.980688647027138e-8   0.   6.413658320125191e-9   1.206959501040483e-6   0.
5.50508982035928   8.545631244265732e-10   6.114435245984816e-8   0.   5.758903701270412e-9   1.168457882625028e-6   0.
5.527944111776446   7.871757986725191e-10   6.237845218990614e-8   0.   5.050745461464918e-9   1.129675947464716e-6   0.
5.550798403193612   7.577126181846696e-10   6.312067586186448e-8   0.   4.431774688743091e-9   1.089098814287389e-6   0.
5.573652694610777   9.440998164142168e-10   6.161780237759857e-8   0.   4.596985464621336e-9   1.030773258651023e-6   0.
5.596506986027943   1.145902630704335e-9   5.954547520868625e-8   0.   4.853448246636922e-9   9.750226835269612e-7   0.
5.619361277445109   1.327810772521737e-9   5.708291122687865e-8   0.   5.113951737311759e-9   9.263386300238647e-7   0.
5.642215568862274   1.454513953333135e-9   5.440932730392695e-8   0.   5.291284639167761e-9   8.892126392503972e-7   0.
5.66506986027944   1.333799094447892e-9   5.18974715625384e-8   0.   4.907811624443896e-9   8.910707468380207e-7   0.
5.687924151696606   1.055143318813031e-9   4.957264223590372e-8   0.   4.18683215248074e-9   9.181643070750151e-7   0.
5.710778443113771   7.419712367966355e-10   4.741826513607421e-8   0.   3.436117825170438e-9   9.517825670523303e-7   0.
5.733632734530937   4.352774812637659e-10   4.551943907050457e-8   0.   2.758328251172967e-9   9.852635708623048e-7   0.
5.756487025948103   2.365286013746776e-10   4.417842009367526e-8   0.   2.435310130561331e-9   1.002671739141096e-6   0.
5.779341317365268   2.563313585097402e-10   4.373028715447063e-8   0.   2.775993942838064e-9   9.86669802424204e-7   0.
5.802195608782434   3.195156169922165e-10   4.348388209816527e-8   0.   3.242511618461327e-9   9.637455839206624e-7   0.
5.8250499001996   4.000267384814956e-10   4.328352692138756e-8   0.   3.738846014554741e-9   9.375194163001635e-7   0.
5.847904191616765   4.718100846369666e-10   4.297354362076586e-8   0.   4.168979988241923e-9   9.116116322323993e-7   0.
5.870758483033931   3.742435454537924e-10   4.164453699255728e-8   0.   3.985872688866906e-9   9.022892561495458e-7   0.
5.893612774451097   2.457195994353644e-10   4.006190319034589e-8   0.   3.644676936512216e-9   8.977178308509413e-7   0.
5.916467065868262   1.22896191613927e-10   3.84212196232551e-8   0.   3.259566517264142e-9   8.956239414182683e-7   0.
5.939321357285428   2.823955398880763e-11   3.683857541038288e-8   0.   2.897149494581585e-9   8.95067914424293e-7   0.
5.962175648702594   6.841069489427184e-11   3.566486435373963e-8   0.   2.791090595993742e-9   8.955522052585503e-7   0.
5.985029940119759   2.289975221377832e-10   3.491332829857621e-8   0.   2.934825057805872e-9   8.9594348275696e-7   0.
6.007884231536925   4.080939567849518e-10   3.435320347948733e-8   0.   3.148185261281982e-9   8.946489619209362e-7   0.
6.030738522954091   5.778933201141426e-10   3.396037655438782e-8   0.   3.398029319542747e-9   8.904649731051895e-7   0.
6.053592814371256   6.842805075302204e-10   3.372342153734281e-8   0.   3.647565249806556e-9   8.800684745227201e-7   0.
6.076447105788422   5.980275593296608e-10   3.366713595304508e-8   0.   3.849579726488615e-9   8.540854316982382e-7   0.
6.099301397205588   4.798270468443496e-10   3.36765018522318e-8   0.   3.997083713644591e-9   8.26497426328268e-7   0.
6.122155688622753   3.54386349437077e-10   3.370208075322114e-8   0.   4.064221254353413e-9   8.003312521288555e-7   0.
6.145009980039919   2.464128464706328e-10   3.369443417433126e-8   0.   4.025136391694014e-9   7.786137028160464e-7   0.
6.167864271457085   2.860011269726212e-10   3.351435861084594e-8   0.   3.651460019312058e-9   7.803038795857119e-7   0.
6.19071856287425   3.886876553906919e-10   3.320540342774154e-8   0.   3.127120136767464e-9   7.91924252813201e-7   0.
6.213572854291416   5.052014987361808e-10   3.278114220080878e-8   0.   2.568418275431144e-9   8.053176668247746e-7   0.
6.236427145708582   6.166041980610732e-10   3.222931239878513e-8   0.   2.033368771599661e-9   8.169125917031442e-7   0.
6.259281437125747   6.624830767266056e-10   3.143990046936772e-8   0.   1.688598109079252e-9   8.168669705316073e-7   0.
6.282135728542913   6.184340322334871e-10   3.038776184837022e-8   0.   1.606433981154983e-9   8.007829174694676e-7   0.
6.304990019960079   5.578521413241517e-10   2.927825588849913e-8   0.   1.603088849202509e-9   7.790488989715314e-7   0.
6.327844311377244   4.94082024083781e-10   2.817520838790537e-8   0.   1.652034537633905e-9   7.529742949959245e-7   0.
6.35069860279441   4.427913916413395e-10   2.715204531054338e-8   0.   1.723668308201254e-9   7.237835275352397e-7   0.
6.373552894211576   4.843357670522034e-10   2.654951478220101e-8   0.   1.702774449528663e-9   6.903353149602458e-7   0.
6.396407185628741   5.381793563535316e-10   2.604348211064061e-8   0.   1.687073560654872e-9   6.573723460536792e-7   0.
6.419261477045907   5.938484313771302e-10   2.559934385121173e-8   0.   1.681560554317914e-9   6.270750636686819e-7   0.
6.442115768463073   6.408692639548046e-10   2.518249655926392e-8   0.   1.691230343255818e-9   6.016239106583958e-7   0.
6.464970059880238   6.365978501025326e-10   2.45685555807484e-8   0.   1.741793999156978e-9   5.933687073371831e-7   0.
6.487824351297404   5.958200556901466e-10   2.38719306884609e-8   0.   1.821980432934972e-9   5.96505061496141e-7   0.
6.51067864271457   5.41030342131927e-10   2.325250675754206e-8   0.   1.915554579083121e-9   6.027918092233149e-7   0.
6.533532934131735   4.774994912524774e-10   2.276856149129686e-8   0.   2.017372619373216e-9   6.094323808657887e-7   0.
6.556387225548901   4.063319496123105e-10   2.264716090370656e-8   0.   2.126338276091075e-9   6.093956219402799e-7   0.
6.579241516966067   3.277830016902663e-10   2.31497726169214e-8   0.   2.242180221439092e-9   5.94787305588951e-7   0.
6.602095808383232   2.623073730614823e-10   2.371953607661621e-8   0.   2.345003633345782e-9   5.782435371107358e-7   0.
6.624950099800398   2.198669153499328e-10   2.422468241122609e-8   0.   2.425107380293552e-9   5.617356619991103e-7   0.
6.647804391217563   2.104234801795923e-10   2.453344274918611e-8   0.   2.472790330764809e-9   5.472350257475502e-7   0.
6.670658682634729   3.336449564755823e-10   2.372751381878163e-8   0.   2.423986054412283e-9   5.43760636472528e-7   0.
6.693512974051895   4.903749812929022e-10   2.263186535850693e-8   0.   2.335123242429065e-9   5.447110792888145e-7   0.
6.71636726546906   6.481337527504657e-10   2.148685306594843e-8   0.   2.2222220329584e-9   5.487233148027048e-7   0.
6.739221556886226   7.843956746580459e-10   2.044555506588281e-8   0.   2.095269933751236e-9   5.552163455599189e-7   0.
6.762075848303392   8.182347641199015e-10   2.008152329727343e-8   0.   1.980857768288637e-9   5.661218487192713e-7   0.
6.784930139720557   7.518160084484828e-10   2.037006747606405e-8   0.   1.881953475161452e-9   5.79796515327373e-7   0.
6.807784431137723   6.500471949115599e-10   2.083475879559247e-8   0.   1.78368712276452e-9   5.918975296382317e-7   0.
6.830638722554889   5.255532984001402e-10   2.137559666785397e-8   0.   1.686052859854464e-9   6.003315420955686e-7   0.
6.853493013972054   3.924512148958233e-10   2.187135053672365e-8   0.   1.586777140477801e-9   6.008819631023691e-7   0.
6.87634730538922   2.693751110683732e-10   2.213650929310049e-8   0.   1.476720243983031e-9   5.829034113108735e-7   0.
6.899201596806386   1.579178407849335e-10   2.222805892093158e-8   0.   1.372644955648374e-9   5.600029929327631e-7   0.
6.922055888223551   6.764149686308713e-11   2.208958350246366e-8   0.   1.279200952943988e-9   5.344463247802632e-7   0.
6.944910179640717   8.10817212041663e-12   2.166466711994351e-8   0.   1.201037913340026e-9   5.08499023665599e-7   0.
6.967764471057883   5.245410196649004e-11   2.026608965571065e-8   0.   1.121348141157425e-9   4.908452271697792e-7   0.
6.990618762475048   1.448543246131365e-10   1.848622771965298e-8   0.   1.066850576189054e-9   4.771489975911108e-7   0.
7.013473053892214   2.496437797325438e-10   1.671742454342591e-8   0.   1.057459842657805e-9   4.651097647679775e-7   0.
7.03632734530938   3.499172998930345e-10   1.516588134015001e-8   0.   1.106758776331396e-9   4.543209795552445e-7   0.
7.059181636726545   3.861929533461363e-10   1.4584480436194e-8   0.   1.321404818492369e-9   4.457355032756861e-7   0.
7.082035928143711   3.348528948714984e-10   1.52656131116146e-8   0.   1.72965500214147e-9   4.391611122407881e-7   0.
7.104890219560877   2.752333194450353e-10   1.61797517498349e-8   0.   2.134704478964877e-9   4.311184189250893e-7   0.
7.127744510978042   2.239243548038757e-10   1.710302154609841e-8   0.   2.476913954433066e-9   4.201314210296314e-7   0.
7.150598802395208   2.008562680032988e-10   1.778136083812944e-8   0.   2.685540891510199e-9   4.043259467648046e-7   0.
7.173453093812374   3.362294854596454e-10   1.696412989543574e-8   0.   2.323284294373242e-9   3.686827998361036e-7   0.
7.196307385229539   4.886837269872131e-10   1.585494720168832e-8   0.   1.855561315572101e-9   3.305548432943103e-7   0.
7.219161676646705   6.348559581404378e-10   1.45910188231286e-8   0.   1.355544380794411e-9   2.932287894223863e-7   0.
7.242015968063871   7.513831444737553e-10   1.330955082599799e-8   0.   8.964059157278043e-10   2.599913505032928e-7   0.
7.264870259481036   7.202804293679876e-10   1.242002576825643e-8   0.   7.830448410652123e-10   2.474699968557254e-7   0.
7.287724550898202   5.91509497694458e-10   1.184865613270731e-8   0.   9.090631640196202e-10   2.48613367409441e-7   0.
7.310578842315368   4.399342347826839e-10   1.144999774176557e-8   0.   1.107078020687193e-9   2.528591326596575e-7   0.
7.333433133732533   2.88797236013302e-10   1.122714787902706e-8   0.   1.336125805562629e-9   2.569230636800927e-7   0.
7.356287425149699   1.917730357810158e-10   1.125787395949198e-8   0.   1.519120300570744e-9   2.521650600417169e-7   0.
7.379141716566865   2.103918068108327e-10   1.163921859275522e-8   0.   1.569650670504213e-9   2.285624676290689e-7   0.
7.40199600798403   2.547974820007419e-10   1.209677154028807e-8   0.   1.581001054148511e-9   2.027358655239808e-7   0.
7.424850299401196   3.134284633668436e-10   1.254823185684686e-8   0.   1.553520310252863e-9   1.775263915515649e-7   0.
7.447704590818362   3.747231529252383e-10   1.291129859718792e-8   0.   1.487557297566494e-9   1.557751835369331e-7   0.
7.470558882235527   3.890120814440011e-10   1.261743433615357e-8   0.   1.253432464628362e-9   1.53096874822395e-7   0.
7.493413173652693   3.90871054819187e-10   1.217302723970632e-8   0.   1.008920763046402e-9   1.568676637773782e-7   0.
7.516267465069859   3.870406448829997e-10   1.172930246455269e-8   0.   8.168201458553043e-10   1.637939271804018e-7   0.
7.539121756487024   3.798212303425732e-10   1.138083062846623e-8   0.   7.247781198913386e-10   1.720703639104089e-7   0.
7.56197604790419   3.789125919893831e-10   1.15327875913093e-8   0.   1.015394886801684e-9   1.770780317007977e-7   0.
7.584830339321356   3.836012879530007e-10   1.215323260420236e-8   0.   1.64062032024852e-9   1.781576422415014e-7   0.
7.607684630738521   3.849598237897485e-10   1.286542303306445e-8   0.   2.29158405931217e-9   1.777733212535238e-7   0.
7.630538922155687   3.807989369847442e-10   1.357546749796163e-8   0.   2.873374348361043e-9   1.758269649172946e-7   0.
7.653393213572853   3.658091617757281e-10   1.414436285014102e-8   0.   3.211435066334477e-9   1.717806894085119e-7   0.
7.676247504990018   3.246630344057872e-10   1.428826614237075e-8   0.   2.875496912645946e-9   1.636846146782073e-7   0.
7.699101796407184   2.790023282559774e-10   1.425783412085492e-8   0.   2.378944316550074e-9   1.547995248535756e-7   0.
7.72195608782435   2.332314408574068e-10   1.405450626845369e-8   0.   1.795171183483749e-9   1.459566657811817e-7   0.
7.744810379241515   1.917547697411831e-10   1.36797220680272e-8   0.   1.197571418883854e-9   1.379872833075901e-7   0.
7.767664670658681   1.799026017614646e-10   1.304315101854453e-8   0.   7.869190842003296e-10   1.342678477844642e-7   0.
7.790518962075847   1.807128699699568e-10   1.223993471849943e-8   0.   5.065460580277547e-10   1.330307932162174e-7   0.
7.813373253493012   1.835034183585132e-10   1.133767436812983e-8   0.   3.380113176017677e-10   1.332723817518141e-7   0.
7.836227544910178   1.839207319673696e-10   1.037621706470115e-8   0.   3.013975689060892e-10   1.3475863074783e-7   0.
7.859081836327344   1.587589703909753e-10   9.360551118674599e-9   0.   5.673121868417002e-10   1.384593273713868e-7   0.
7.881936127744509   1.001940191529966e-10   8.324106334712675e-9   0.   1.183548561927143e-9   1.443620957476554e-7   0.
7.904790419161675   4.714399371001139e-11   7.386740976007946e-9   0.   1.824691023266294e-9   1.494699475500076e-7   0.
7.927644710578841   1.024679644276461e-11   6.616021936116706e-9   0.   2.391124675702376e-9   1.525916593074248e-7   0.
7.950499001996006   2.211328816440918e-12   6.092827079866782e-9   0.   2.76937602928781e-9   1.523055020331078e-7   0.
7.973353293413172   1.191015973550775e-10   6.433784102740628e-9   0.   2.288180606413693e-9   1.379121900146902e-7   0.
7.996207584830338   2.536829074544853e-10   6.948855144165648e-9   0.   1.636696703967221e-9   1.21339908654138e-7   0.
8.019061876247503   3.868667167501106e-10   7.514545761658627e-9   0.   9.142311720456476e-10   1.047060354015067e-7   0.
8.04191616766467   4.995644828774033e-10   8.007361512736362e-9   0.   2.200908607462008e-10   9.012794770685103e-8   0.
8.064770459081835   5.001345334383045e-10   7.880154494542614e-9   0.   -7.086045196711845e-11   8.73293198739432e-8   0.
8.087624750499001   4.24957609108768e-10   7.333327437516531e-9   0.   -6.998836001919566e-11   9.261226221172273e-8   0.
8.110479041916166   3.312400003632098e-10   6.68888797366688e-9   0.   3.224606434535908e-11   1.000955841317625e-7   0.
8.133333333333332   2.358595196347484e-10   6.033357005954541e-9   0.   1.985493863010578e-10   1.081260363556657e-7   0.
8.156187624750497   1.809419006314905e-10   5.5707961375404e-9   0.   3.663285380254968e-10   1.130873645859787e-7   0.
8.179041916167664   2.165456909209949e-10   5.542197873160907e-9   0.   4.650413901838276e-10   1.107465448018421e-7   0.
8.201896207584829   2.638397240510509e-10   5.588513745091924e-9   0.   5.532995139086433e-10   1.068916217575208e-7   0.
8.224750499001995   3.103643765544812e-10   5.659685382292571e-9   0.   6.232069979671609e-10   1.021503075769959e-7   0.
8.24760479041916   3.436600249640957e-10   5.705654413721955e-9   0.   6.668679311265734e-10   9.715031438425005e-8   0.
8.270459081836326   2.724087145233682e-10   5.449286505506118e-9   0.   6.21960872569785e-10   9.342918705985437e-8   0.
8.293313373253491   1.791723080299365e-10   5.114141750634877e-9   0.   5.46170739713227e-10   9.051832159517614e-8   0.
8.316167664670658   8.993399058584921e-11   4.760859501784521e-9   0.   4.58133633616012e-10   8.860189389018904e-8   0.
8.339021956087822   2.104696280628624e-11   4.422349156360061e-9   0.   3.698393441990817e-10   8.797518637208368e-8   0.
8.361876247504989   4.878013146135684e-11   4.169788932818289e-9   0.   3.257195607466346e-10   9.156466161141554e-8   0.
8.384730538922154   1.660248911709342e-10   4.021102914815819e-9   0.   3.250604667660952e-10   9.863528390972901e-8   0.
8.40758483033932   2.969839194125156e-10   3.950342946269462e-9   0.   3.299561204953611e-10   1.054355732968309e-7   0.
8.430439121756485   4.213594781174319e-10   3.967009066606376e-9   0.   3.325513306199691e-10   1.106512972949015e-7   0.
8.453293413173652   5.03030608783733e-10   4.111624096365907e-9   0.   3.12561491140877e-10   1.115048857235235e-7   0.
8.476147704590816   4.52004504506781e-10   4.530331236473774e-9   0.   2.073847227553483e-10   1.002366784915365e-7   0.
8.499001996007983   3.729147913229498e-10   4.987691869336565e-9   0.   1.073015921708171e-10   8.708614523267197e-8   0.
8.521856287425148   2.799125637490315e-10   5.42566614277888e-9   0.   3.151706484739005e-11   7.392489517214734e-8   0.
8.544710578842314   1.871489163017929e-10   5.786214204625452e-9   0.   -7.638937548516588e-13   6.262453753517621e-8   0.
8.567564870259479   1.473605526773316e-10   5.768614342447856e-9   0.   1.392905285362107e-10   6.363625637744451e-8   0.
8.590419161676646   1.355915012658512e-10   5.560788236323188e-9   0.   3.59776921939226e-10   7.01361392680533e-8   0.
8.61327345309381   1.378022375996992e-10   5.28199923084664e-9   0.   5.998069546499115e-10   7.772756408279692e-8   0.
8.636127744510977   1.519091268416822e-10   4.976314824332472e-9   0.   8.324605671733937e-10   8.467232078247199e-8   0.
8.658982035928142   1.757178609291136e-10   4.735809168201813e-9   0.   9.829312252145183e-10   8.495226685681988e-8   0.
8.681836327345308   2.071214415896873e-10   4.614684102837849e-9   0.   1.014189897194452e-9   7.592568625472854e-8   0.
8.704690618762473   2.442942060772101e-10   4.545106740267347e-9   0.   1.010936782088989e-9   6.583061318235425e-8   0.
8.72754491017964   2.852414888760024e-10   4.532552414025242e-9   0.   9.84747374802349e-10   5.636944111017561e-8   0.
8.750399201596804   3.280704964711639e-10   4.586132305810361e-9   0.   9.478423393611828e-10   4.943786884168729e-8   0.
8.773253493013971   3.760942122852922e-10   4.900753639146534e-9   0.   9.454112273398453e-10   5.680972103126555e-8   0.
8.796107784431136   4.200487431510721e-10   5.222450411334859e-9   0.   9.429925343851836e-10   6.639380251819051e-8   0.
8.818962075848302   4.561116431357631e-10   5.491463818740525e-9   0.   9.4058617547249e-10   7.642423581083078e-8   0.
8.841816367265467   4.804604663066131e-10   5.648035057728634e-9   0.   9.381920655770586e-10   8.513514341755213e-8   0.
8.864670658682634   4.699938818094857e-10   5.350602417001446e-9   0.   9.358101130600405e-10   8.505919750949874e-8   0.
8.887524950099798   4.35425905834832e-10   4.751889158673856e-9   0.   9.334402378838543e-10   7.87294682370967e-8   0.
8.910379241516965   3.934703828407482e-10   4.092319107325529e-9   0.   9.310823620693206e-10   7.04533878593355e-8   0.
8.93323353293413   3.499240043378911e-10   3.452738111085078e-9   0.   9.287364038918372e-10   6.130979913910456e-8   0.
8.956087824351296   3.187142392670376e-10   3.029397501215622e-9   0.   9.294587091100938e-10   5.345728788457916e-8   0.
8.978942115768461   3.167938302217826e-10   3.061488311919912e-9   0.   9.374428492421091e-10   4.945618724172634e-8   0.
9.001796407185628   3.185135924785428e-10   3.183524343672993e-9   0.   9.408679737395856e-10   4.62094211933817e-8   0.
9.024650698602792   3.200687626233279e-10   3.34007166645229e-9   0.   9.361247333800161e-10   4.352078786265441e-8   0.
9.047504990019959   3.176545772421477e-10   3.475696350235263e-9   0.   9.196037789408937e-10   4.119408537265267e-8   0.
9.070359281437124   2.767432752332641e-10   3.291452638565191e-9   0.   8.580885734220794e-10   3.832172227290644e-8   0.
9.09321357285429   2.303723202268976e-10   3.023919707973089e-9   0.   7.834739441573503e-10   3.556057672946328e-8   0.
9.116067864271455   1.899380205136004e-10   2.738147989114692e-9   0.   7.067995351296163e-10   3.306642696931864e-8   0.
9.138922155688622   1.629112453421238e-10   2.468074710726462e-9   0.   6.353221169185535e-10   3.09041578621708e-8   0.
9.161776447105786   1.899749287142825e-10   2.353977218115758e-9   0.   6.054376743836781e-10   2.908650564491146e-8   0.
9.184630738522953   2.661255687128162e-10   2.389851649520606e-9   0.   6.134583597223045e-10   2.769794208754995e-8   0.
9.207485029940118   3.470582307917469e-10   2.443856771783703e-9   0.   6.212144922379896e-10   2.688464894392856e-8   0.
9.230339321357284   4.197604204028357e-10   2.484345113920776e-9   0.   6.179913875198802e-10   2.674367347489045e-8   0.
9.253193612774449   4.604699602664463e-10   2.449169707450087e-9   0.   5.77302129819273e-10   2.76467452586309e-8   0.
9.276047904191616   4.066116957477678e-10   2.166061607707469e-9   0.   4.157123312569507e-10   3.095736626604462e-8   0.
9.29890219560878   3.329907581098662e-10   1.85253357714018e-9   0.   2.513557529482022e-10   3.452861530188262e-8   0.
9.321756487025947   2.507276405649496e-10   1.545409374864307e-9   0.   1.089262965161037e-10   3.784087910143425e-8   0.
9.344610778443112   1.709428363252491e-10   1.281512759996025e-9   0.   1.311786358377602e-11   4.037454439998791e-8   0.
9.367465069860278   1.355580754382047e-10   1.228659993660577e-9   0.   1.300885852736897e-10   3.953646873583921e-8   0.
9.390319361277443   1.247110164181058e-10   1.29191002766689e-9   0.   3.42234089224147e-10   3.689279315003625e-8   0.
9.413173652694609   1.267183689007837e-10   1.411105948506653e-9   0.   5.695148311073655e-10   3.345904763527958e-8   0.
9.436027944111774   1.396717836490716e-10   1.56766203028544e-9   0.   7.767857142545365e-10   2.95927163423405e-8   0.
9.458882235528941   1.637621326890045e-10   1.744289305188304e-9   0.   8.597203304066071e-10   2.589220513135264e-8   0.
9.481736526946106   1.975821649390659e-10   1.922711592147421e-9   0.   7.66659541115907e-10   2.277250777645832e-8   0.
9.504590818363272   2.342539010363636e-10   2.081273261142368e-9   0.   6.262359020478025e-10   2.00207579819151e-8   0.
9.527445109780437   2.701627900082697e-10   2.200334609299537e-9   0.   4.595333934611408e-10   1.779862393291162e-8   0.
9.550299401197603   3.015409845996464e-10   2.25801239555878e-9   0.   2.882384524665714e-10   1.628807061370744e-8   0.
9.573153692614768   3.140143437303507e-10   2.077197010528101e-9   0.   1.757204212166896e-10   1.707536199821233e-8   0.
9.596007984031935   3.185964611639017e-10   1.852336143243788e-9   0.   8.557443626708114e-11   1.838536448087043e-8   0.
9.6188622754491   3.153400021399931e-10   1.617460926650923e-9   0.   2.447225927616758e-11   1.989419793878436e-8   0.
9.641716566866266   3.042976318983188e-10   1.406602493694525e-9   0.   -9.143480976524751e-13   2.127798224905717e-8   0.
9.664570858283431   2.820479045540496e-10   1.360734803104736e-9   0.   7.007836390358587e-11   2.092418189357563e-8   0.
9.687425149700597   2.512259652405824e-10   1.434393057078621e-9   0.   2.039872220756819e-10   1.946683851094508e-8   0.
9.710279441117762   2.156332317367222e-10   1.54621133437065e-9   0.   3.49223732367088e-10   1.797260037868287e-8   0.
9.733133732534929   1.770671180277515e-10   1.676512537402825e-9   0.   4.853441007927203e-10   1.676476871142377e-8   0.
9.755988023952094   1.373817496886305e-10   1.796349933092792e-9   0.   5.663178051809176e-10   1.67857770972892e-8   0.
9.77884231536926   9.845574428929981e-11   1.872773517286329e-9   0.   5.350642007607199e-10   1.924544339418132e-8   0.
9.801696606786425   6.186268638959671e-11   1.922691609977693e-9   0.   4.721252480113242e-10   2.202347581828764e-8   0.
9.824550898203591   2.933191259241889e-11   1.937554513199977e-9   0.   3.877718179567708e-10   2.469996045688062e-8   0.
9.847405189620756   2.592759500674567e-12   1.908812528986267e-9   0.   2.922747816211218e-10   2.685498339723199e-8   0.
9.870259481037923   -7.150428104735647e-12   1.724753982777975e-9   0.   2.059098186799313e-10   2.640331281883845e-8   0.
9.893113772455087   -9.475162315825577e-12   1.499935863006533e-9   0.   1.270087225840122e-10   2.491231516360817e-8   0.
9.915968063872254   -7.409815004754755e-12   1.277609441278184e-9   0.   6.081862590583834e-11   2.279828657527425e-8   0.
9.938822355289419   -2.718120677794957e-12   1.087256872815828e-9   0.   1.392201150168056e-11   2.025525180606437e-8   0.
9.961676646706585   0.   1.017467151576471e-9   0.   9.03116577295919e-12   1.758204808685533e-8   0.
9.98453093812375   0.   1.076482307308749e-9   0.   4.693230402870583e-11   1.493503565853465e-8   0.
10.00738522954091   0.   1.200381496714385e-9   0.   1.087189462751953e-10   1.23426103884492e-8   0.
10.03023952095808   0.   1.38189020066703e-9   0.   1.909429604868268e-10   9.933617461995385e-9   0.
10.05309381237524   -7.26249217592606e-13   1.621607373994581e-9   0.   2.9289091734038e-10   7.906506686126344e-9   0.
10.07594810379241   -5.686447585521043e-12   1.950286468397466e-9   0.   4.243229833567622e-10   6.726305537993862e-9   0.
10.09880239520958   -8.735912993110223e-12   2.294036721477435e-9   0.   5.586531306392016e-10   5.932945283991516e-9   0.
10.12165668662674   -8.191730640675931e-12   2.627338656975672e-9   0.   6.860961853601139e-10   5.493978477581432e-9   0.
10.14451097804391   -2.370985728534163e-12   2.924672798633458e-9   0.   7.968669736919542e-10   5.376957672225543e-9   0.
10.16736526946107   2.231672655409645e-11   3.107368599160074e-9   0.   8.652837639307936e-10   5.624666740931256e-9   0.
10.19021956087824   5.566829746670334e-11   3.202961834149462e-9   0.   8.974292822809336e-10   6.129562542413581e-9   0.
10.2130738522954   9.043347488444298e-11   3.225807710361905e-9   0.   8.954441768052615e-10   6.802758033307184e-9   0.
10.23592814371257   1.232312048628856e-10   3.172990622058049e-9   0.   8.563036969182118e-10   7.579811698601171e-9   0.
10.25878243512973   1.40478098805057e-10   3.009293242907069e-9   0.   7.498118378460998e-10   8.278816331042162e-9   0.
10.2816367265469   1.360698369838587e-10   2.723177806320727e-9   0.   5.656911417238127e-10   8.803975798150306e-9   0.
10.30449101796407   1.311581180155844e-10   2.389402116180675e-9   0.   3.662534381177255e-10   9.373309105991262e-9   0.
10.32734530938123   1.307468653587835e-10   2.031598333161907e-9   0.   1.70805174166834e-10   1.001891609098221e-8   0.
10.3501996007984   1.402558053405088e-10   1.673650261787288e-9   0.   -6.266105201633295e-13   1.077379357839323e-8   0.
10.37305389221556   2.089144109522854e-10   1.365955360176359e-9   0.   -5.20919428131847e-11   1.17654467708771e-8   0.
10.39590818363273   2.820345092953078e-10   1.096020139216597e-9   0.   -6.773165405676377e-11   1.289720500059517e-8   0.
10.41876247504989   3.496995893437433e-10   8.78446914364712e-10   0.   -5.409662890942214e-11   1.416898106431433e-8   0.
10.44161676646706   4.019931400717381e-10   7.278380010774907e-10   0.   -1.773775202968044e-11   1.558068775880109e-8   0.
10.46447105788423   3.929782703169241e-10   7.401076415716208e-10   0.   2.816979515122528e-11   1.744913483751559e-8   0.
10.48732534930139   3.391252514326949e-10   8.702929799170217e-10   0.   8.192776630603517e-11   1.954209176610976e-8   0.
10.51017964071856   2.698904102362431e-10   1.044116611398431e-9   0.   1.442261043762805e-10   2.151308042483219e-8   0.
10.53303393213572   1.935665565029037e-10   1.235075373026181e-9   0.   2.118626940545456e-10   2.320181323711991e-8   0.
10.55588822355289   1.21320698314054e-10   1.400085270078213e-9   0.   2.840779628156779e-10   2.431639542779918e-8   0.
10.57874251497005   6.573875355371061e-11   1.487876823681555e-9   0.   3.613181519051548e-10   2.449996149792554e-8   0.
10.60159680638722   2.353405450282556e-11   1.538747191297196e-9   0.   4.305407083824754e-10   2.412243871074054e-8   0.
10.62445109780438   -5.088778731060404e-13   1.546432017502098e-9   0.   4.855621132241297e-10   2.318418117581972e-8   0.
10.64730538922155   -1.605522608598894e-12   1.504666946873231e-9   0.   5.201988474066263e-10   2.168554300273845e-8   0.
10.67015968063872   8.148671791927041e-11   1.31181418869282e-9   0.   4.94577629459032e-10   1.815880751840176e-8   0.
10.69301397205588   1.865116291505079e-10   1.074859884726174e-9   0.   4.425196055514358e-10   1.434757888447033e-8   0.
10.71586826347305   2.894852144420791e-10   8.361377281396759e-10   0.   3.750080569053498e-10   1.10002745995382e-8   0.
10.73872255489021   3.742838290677622e-10   6.247030857854465e-10   0.   2.983358217709931e-10   8.66092062650089e-9   0.
10.76157684630738   3.734490165932196e-10   5.494026064458155e-10   0.   2.239859733638921e-10   1.011864138565028e-8   0.
10.78443113772455   2.884564954341803e-10   6.119364237593156e-10   0.   1.564719564407107e-10   1.51477648176934e-8   0.
10.80728542914171   1.85415616015198e-10   7.135426226652452e-10   0.   9.377239609826921e-11   2.069590415083274e-8   0.
10.83013972055888   8.039385873433099e-11   8.332409108796638e-10   0.   3.89254288038692e-11   2.589922501004499e-8   0.
10.85299401197604   -1.142233353479551e-12   9.366517486757034e-10   0.   -4.987866497650061e-12   2.92126243047795e-8   0.
10.87584830339321   4.469217672857916e-12   9.349445556514177e-10   0.   -3.471190385276375e-11   2.632250088533316e-8   0.
10.89870259481037   3.08492127234238e-11   9.246742469990839e-10   0.   -4.758522862097487e-11   2.234095747073506e-8   0.
10.92155688622754   7.156043906286456e-11   9.169432287691574e-10   0.   -4.067252432974289e-11   1.803536612333953e-8   0.
10.9444111776447   1.201655839558169e-10   9.228539070120953e-10   0.   -1.103847450652668e-11   1.417309890550214e-8   0.
10.96726546906187   1.660826918372004e-10   1.019856153960905e-9   0.   9.340870499905523e-11   1.481010723990156e-8   0.
10.99011976047904   2.069793754025347e-10   1.153340705831945e-9   0.   2.269189209504664e-10   1.745669771853639e-8   0.
11.0129740518962   2.39569016875006e-10   1.283973625714212e-9   0.   3.550594846013126e-10   2.038031398122067e-8   0.
11.03582834331337   2.591864773032555e-10   1.39448835156267e-9   0.   4.597473021746308e-10   2.294219145359413e-8   0.
11.05868263473053   2.461346413829853e-10   1.420535312612541e-9   0.   4.793868577502846e-10   2.3235610531892e-8   0.
11.0815369261477   1.913021930112142e-10   1.330921674405611e-9   0.   3.830248977930434e-10   2.024676928481165e-8   0.
11.10439121756486   1.267429364688319e-10   1.223391588311522e-9   0.   2.588670906328037e-10   1.64341651115758e-8   0.
11.12724550898203   6.028584941094327e-11   1.119812441628664e-9   0.   1.249965300465281e-10   1.221291867667589e-8   0.
11.1500998003992   -1.299155361362861e-13   1.042679774066892e-9   0.   -1.677292515852815e-13   8.00305109451878e-9   0.
11.17295409181636   -2.300079126044874e-11   1.148839455718313e-9   0.   -2.635072291104361e-11   5.272700231550393e-9   0.
11.19580838323353   -3.222398126358488e-11   1.279274985475469e-9   0.   -3.221326766831776e-11   3.025844456797307e-9   0.
11.21866267465069   -2.787739672022547e-11   1.410773355058704e-9   0.   -2.378306144905453e-11   1.325915550477953e-9   0.
11.24151696606786   -1.003894880505209e-11   1.5201215561884e-9   0.   -7.087802178900988e-12   2.363452928101524e-10   0.
11.26437125748502   3.611312554162318e-11   1.499142330192272e-9   0.   0.   1.335592073099173e-10   0.
11.28722554890219   9.974913871129538e-11   1.385933849875569e-9   0.   0.   8.551291862414143e-10   0.
11.31007984031935   1.642930978875419e-10   1.251362153087901e-9   0.   0.   2.117915920478612e-9   0.
11.33293413173652   2.220848074462746e-10   1.115451627507043e-9   0.   0.   3.826072030491701e-9   0.
11.35578842315369   2.54355808615249e-10   1.02662608436062e-9   0.   -2.328914665190814e-12   6.037115836404402e-9   0.
11.37864271457085   2.361438154079175e-10   1.049144494712465e-9   0.   -1.061423205974707e-11   8.894080435187028e-9   0.
11.40149700598802   2.054829920947695e-10   1.086208889479627e-9   0.   -1.527585280576925e-11   1.167024147023206e-8   0.
11.42435129740518   1.685042143476435e-10   1.122585356305414e-9   0.   -1.342239525686678e-11   1.407934580099459e-8   0.
11.44720558882235   1.313383578383877e-10   1.143039982833128e-9   0.   -2.162477766648967e-12   1.583514028692889e-8   0.
11.47005988023952   1.247196333425106e-10   1.030720767014986e-9   0.   5.248393497174615e-11   1.528278210638923e-8   0.
11.49291417165668   1.257100757060357e-10   8.904555711198729e-10   0.   1.166769797983673e-10   1.375300684934756e-8   0.
11.51576846307385   1.277194472359952e-10   7.595519465165682e-10   0.   1.772337018557339e-10   1.16671883863863e-8   0.
11.53862275449101   1.277257497183841e-10   6.605796995533641e-10   0.   2.254799562046637e-10   9.248213037110991e-9   0.
11.56147704590818   1.131892753057452e-10   7.015334826069101e-10   0.   2.163108195882629e-10   6.920863656739662e-9   0.
11.58433133732534   8.419118824528193e-11   8.771311097228422e-10   0.   1.529300702297488e-10   4.842200039958453e-9   0.
11.60718562874251   5.316549562650985e-11   1.071219214961562e-9   0.   8.58242567365513e-11   2.907244551137369e-9   0.
11.63003992015967   2.310907688677444e-11   1.252346026326168e-9   0.   2.935759170323459e-11   1.211206727033311e-9   0.
11.65289421157684   -2.349731903253079e-12   1.361970853910852e-9   0.   1.175330507383158e-11   -7.375902915027732e-11   0.
11.67574850299401   -1.685868824127743e-11   1.2246998878607e-9   0.   1.210180933065624e-10   -4.435822244408383e-10   0.
11.69860279441117   -2.316977313591164e-11   1.055702264835631e-9   0.   2.453419355582655e-10   -5.035690438036374e-10   0.
11.72145708582834   -1.985008905374991e-11   8.906196206363518e-10   0.   3.647632472163878e-10   -3.490857911196528e-10   0.
11.7443113772455   -5.466738461386797e-12   7.650935910635215e-10   0.   4.593204436684122e-10   -7.549877026985795e-11   0.
11.76716566866267   4.524446028095772e-11   8.868521783037412e-10   0.   4.229145687348933e-10   0.   0.
11.79001996007983   1.103008768051938e-10   1.122452838908685e-9   0.   3.202186726086809e-10   0.   0.
11.812874251497   1.727789519623637e-10   1.374984723630956e-9   0.   1.976199634171459e-10   0.   0.
11.83572854291417   2.238661458560999e-10   1.606106879189833e-9   0.   7.218864412641384e-11   0.   0.
11.85858283433133   2.547499185900181e-10   1.77747835230452e-9   0.   -3.900508229735322e-11   0.   0.
11.8814371257485   2.566177302677457e-10   1.850758189694284e-9   0.   -1.18891012888028e-10   0.   0.
11.90429141716566   2.206570409929061e-10   1.787605438078354e-9   0.   -1.503989446794555e-10   0.   0.
11.92714570858283   1.380553108691164e-10   1.549679144175959e-9   0.   -1.164586747054962e-10   0.   0.
11.94999999999999   1.311378400491545e-23   1.098638354706379e-9   0.   -1.270093283266173e-23   0.   0.