0.01	1.0921876744487854e-13	2.923702515691669e-11	0	0	5.713008117418545e-11	0
0.016	1.2788982179005916e-13	3.807026839957446e-11	0	0	6.328390583933032e-11	0
0.022	1.4837692335637924e-13	4.799083012446665e-11	0	1.9229753733498357e-14	6.972300330551744e-11	0
0.028	1.7062396169466008e-13	5.866229395686363e-11	0	6.705710390544384e-14	7.642183088708792e-11	0
0.034	1.9453804521489764e-13	6.964615852984977e-11	0	1.4863646426712107e-13	8.335234030854108e-11	0
0.04	2.199903211421455e-13	8.044175324649105e-11	0	2.568461849403855e-13	9.048446645572067e-11	0
0.046	2.4681801553718604e-13	9.053593957284286e-11	0	3.8149396366599063e-13	9.778663269064104e-11	0
0.052000000000000005	2.7482760113240307e-13	9.945451709838979e-11	0	5.13331531839624e-13	1.0522625853000778e-10	0
0.058	3.037989484304779e-13	1.0680729523216469e-10	0	6.453346067614159e-13	1.1277025674659985e-10	0
0.064	3.334902741450108e-13	1.1232052254691442e-10	0	7.726993611358369e-13	1.2038550854592535e-10	0
0.07	3.636436724808044e-13	1.1585319006488955e-10	0	8.924183536616464e-13	1.2803930728475703e-10	0
0.076	3.939909997127896e-13	1.1739685198626401e-10	0	1.002805259399485e-12	1.3569976312688072e-10	0
0.082	4.24259880749006e-13	1.1706130701132024e-10	0	1.1030923902189104e-12	1.4333616297946098e-10	0
0.088	4.5417961669104807e-13	1.1505026903470585e-10	0	1.1931246808528646e-12	1.5091928194005843e-10	0
0.094	4.834867929894264e-13	1.1163185727550952e-10	0	1.2731393501341422e-12	1.5842164424480105e-10	0
0.1	5.119304163309973e-13	1.0710846462943432e-10	0	1.3436123172169743e-12	1.6581773329420644e-10	0
0.106	5.392764423713785e-13	1.0178961193599832e-10	0	1.405153570617059e-12	1.730841517122982e-10	0
0.112	5.653115933091173e-13	9.59701192402834e-11	0	1.4584372833526227e-12	1.801997335487914e-10	0
0.11800000000000001	5.898464017333533e-13	8.99146401954006e-11	0	1.5041561145615608e-12	1.871456116580478e-10	0
0.124	6.127174531135007e-13	8.384853466678059e-11	0	1.5429921280587238e-12	1.939052439869066e-10	0
0.13	6.337888320823617e-13	7.795430854905321e-11	0	1.5755990094354488e-12	2.0046440298981393e-10	0
0.136	6.529528060768632e-13	7.248670193006142e-11	0	1.6025918886206252e-12	2.0681113268268882e-10	0
0.14200000000000002	6.701298031689706e-13	6.746815488341996e-11	0	1.624542222323152e-12	2.1293567796993471e-10	0
0.148	6.852677586811453e-13	6.287566191041123e-11	0	1.6419759909700412e-12	2.188303908568387e-10	0
0.154	6.983409174368641e-13	5.874855136735055e-11	0	1.6553740189358133e-12	2.2448961801824126e-10	0
0.16	7.093481855418458e-13	5.51099759113112e-11	0	1.6651736091996902e-12	2.2990957395889958e-10	0
0.166	7.183111279427239e-13	5.197199149261807e-11	0	1.6717709467636484e-12	2.3508820369517007e-10	0
0.17200000000000001	7.252717063335765e-13	4.9340345492814195e-11	0	1.6755239060590386e-12	2.4002503853306423e-10	0
0.178	7.302898470254549e-13	4.8194539924977395e-11	0	1.6767550216944156e-12	2.447210481334975e-10	0
0.184	7.334409209319968e-13	4.770633478550507e-11	0	1.6757544668734723e-12	2.491784916578954e-10	0
0.19	7.348132086047065e-13	4.7578404146956e-11	0	1.6727829417877238e-12	2.534007703899789e-10	0
0.196	7.345054129638984e-13	4.774903270273807e-11	0	1.6680744136302317e-12	2.5739228384315816e-10	0
0.202	7.326242716223695e-13	4.816210427764815e-11	0	1.6618386763631631e-12	2.6115829099609e-10	0
0.20800000000000002	7.292823099971164e-13	4.8763826645534936e-11	0	1.6542637159913312e-12	2.6470477795763856e-10	0
0.214	7.245957661560546e-13	4.9500186371825377e-11	0	1.6455178786082239e-12	2.6803833305079186e-10	0
0.22	7.186827088565116e-13	5.031504909496339e-11	0	1.6357518458048055e-12	2.711660300254361e-10	0
0.226	7.116613617110402e-13	5.0618906964455045e-11	0	1.625100426490795e-12	2.740953198633064e-10	0
0.232	7.036486389901855e-13	4.9730921290363415e-11	0	1.6136841766964691e-12	2.7683393142470957e-10	0
0.23800000000000002	6.947588922970019e-13	4.871427886721874e-11	0	1.6016108601377343e-12	2.7938978100468784e-10	0
0.244	6.851028622211887e-13	4.75966371728832e-11	0	1.5889767626828539e-12	2.817708907145499e-10	0
0.25	6.747868250536999e-13	4.6404560920380065e-11	0	1.5758678736609543e-12	2.839853154807376e-10	0
0.256	6.639119216350053e-13	4.5163091159892684e-11	0	1.5623609464109958e-12	2.860410783546761e-10	0
0.262	6.525736533190765e-13	4.3895442544251126e-11	0	1.5485244497289785e-12	2.8794611375158106e-10	0
0.268	6.408615287453512e-13	4.262281929609962e-11	0	1.5344194210287203e-12	2.8970821818080883e-10	0
0.274	6.288588445028124e-13	4.1364337187752734e-11	0	1.520100231150709e-12	2.9133500799230113e-10	0
0.28	6.166425827246856e-13	4.013703709450337e-11	0	1.5056152698784362e-12	2.928338836408177e-10	0
0.28600000000000003	6.04283409056875e-13	3.895597520072962e-11	0	1.4910075603775585e-12	2.9421199995915985e-10	0
0.292	5.918457551935143e-13	3.7834375488348866e-11	0	1.476315309975887e-12	2.9547624193170615e-10	0
0.298	5.793879711765674e-13	3.678383148075055e-11	0	1.4615724039614132e-12	2.966332054680226e-10	0
0.304	5.669625338312657e-13	3.581454613440382e-11	0	1.4468088483933316e-12	2.9768918269145293e-10	0
0.31	5.54616298987974e-13	3.5459382638096254e-11	0	1.4320511672985062e-12	2.986501512777656e-10	0
0.316	5.423907864649371e-13	3.535717662642423e-11	0	1.4173227590617025e-12	2.9952176740301057e-10	0
0.322	5.3032248811111e-13	3.532518556836101e-11	0	1.4026442163078502e-12	3.003093618860902e-10	0
0.328	5.184431904976662e-13	3.535717760375234e-11	0	1.3880336131165985e-12	3.010179391399183e-10	0
0.334	5.067803050737637e-13	3.544726978704829e-11	0	1.3735067629981453e-12	3.0165217857374637e-10	0
0.34	4.953571997487611e-13	3.5589824960713114e-11	0	1.3590774506914588e-12	3.0221643811843287e-10	0
0.34600000000000003	4.841935269164695e-13	3.5779360377964727e-11	0	1.3447576405170676e-12	3.027147595749378e-10	0
0.352	4.733055438905715e-13	3.601046672867683e-11	0	1.330557663723403e-12	3.031508755141857e-10	0
0.358	4.627064225717613e-13	3.6277736636413746e-11	0	1.3164863870037844e-12	3.0352821748301427e-10	0
0.364	4.5240654591700905e-13	3.657570205185594e-11	0	1.302551364128078e-12	3.0384992529619256e-10	0
0.37	4.42413789433886e-13	3.689878027699288e-11	0	1.2887589724254454e-12	3.0411885721814623e-10	0
0.376	4.3273378648249306e-13	3.7241228620897494e-11	0	1.2751145356693986e-12	3.0433760086013623e-10	0
0.382	4.23370176641927e-13	3.759710791457582e-11	0	1.2616224347518174e-12	3.04508484638906e-10	0
0.388	4.143248367938756e-13	3.796025529991347e-11	0	1.2482862073859021e-12	3.046335896615339e-10	0
0.394	4.055980949010361e-13	3.832426685492813e-11	0	1.2351086379472137e-12	3.0471476191811467e-10	0
0.4	3.9718892672041585e-13	3.847374117005335e-11	0	1.2220918384456322e-12	3.047536246793066e-10	0
0.406	3.8909513589860277e-13	3.837141636432434e-11	0	1.2092373215173746e-12	3.047515910094712e-10	0
0.41200000000000003	3.813135180549032e-13	3.824526323033856e-11	0	1.1965460662335846e-12	3.047098763184689e-10	0
0.418	3.738400095762703e-13	3.809731831010541e-11	0	1.1840185774395792e-12	3.0462951088607044e-10	0
0.424	3.6666982193039837e-13	3.792962958861287e-11	0	1.1716549392652545e-12	3.045113523024811e-10	0
0.43	3.597975623569445e-13	3.774424600883596e-11	0	1.1594548633813527e-12	3.043560977769487e-10	0
0.436	3.5321734182580444e-13	3.7543207991482034e-11	0	1.147417732517753e-12	3.041642962737022e-10	0
0.442	3.469228711607513e-13	3.732853898158848e-11	0	1.1355426397072738e-12	3.0393636044077007e-10	0
0.448	3.409075462199829e-13	3.7102238031625525e-11	0	1.1238284236718266e-12	3.036725783026746e-10	0
0.454	3.351645230062931e-13	3.686627341966873e-11	0	1.112273700725583e-12	3.033731246926305e-10	0
0.46	3.2968678355081e-13	3.662257729155109e-11	0	1.10087689353249e-12	3.030380724036651e-10	0
0.466	3.244671933785326e-13	3.637304130768578e-11	0	1.0896362570215907e-12	3.026674030415596e-10	0
0.47200000000000003	3.1949855132340025e-13	3.611951326846782e-11	0	1.0785499017336646e-12	3.022610175650308e-10	0
0.47800000000000004	3.1477363241650486e-13	3.586379468679227e-11	0	1.0676158148456005e-12	3.0181874650097205e-10	0
0.484	3.102852245253144e-13	3.5607639272201126e-11	0	1.0568318790946518e-12	3.01340359824316e-10	0
0.49	3.0602615937535317e-13	3.535275228846663e-11	0	1.0461958898029722e-12	3.008255764937239e-10	0
0.496	3.0198933853937287e-13	3.510079074493385e-11	0	1.0357055701833757e-12	3.0027407363537165e-10	0
0.502	2.981677549338152e-13	3.4853364381631406e-11	0	1.0253585850894939e-12	2.996854953682181e-10	0
0.508	2.945545103182787e-13	3.4612037408929606e-11	0	1.0151525533579312e-12	2.990594612649129e-10	0
0.514	2.911428292518496e-13	3.437833096431147e-11	0	1.0050850588756632e-12	2.9839557444312057e-10	0
0.52	2.87926069919999e-13	3.416620370010711e-11	0	9.9515366049322e-13	2.976934292826803e-10	0
0.526	2.8489773220846083e-13	3.406380485917404e-11	0	9.853559008925483e-13	2.969526187644617e-10	0
0.532	2.820514633649249e-13	3.3966215159540864e-11	0	9.756893145083067e-13	2.961727414272073e-10	0
0.538	2.7938106155710606e-13	3.387279512231807e-11	0	9.661514345916884e-13	2.953534079391418e-10	0
0.544	2.7688047760515637e-13	3.378291357711128e-11	0	9.567397994976616e-13	2.94494247281468e-10	0
0.55	2.7454381513870826e-13	3.3695946962694513e-11	0	9.474519582688154e-13	2.9359491254143103e-10	0
0.556	2.7236532940332555e-13	3.3611278744254155e-11	0	9.382854755821007e-13	2.926550863129829e-10	0
0.562	2.703394249177356e-13	3.352829894463614e-11	0	9.292379361185886e-13	2.9167448570372407e-10	0
0.5680000000000001	2.6846065216219723e-13	3.344640378729591e-11	0	9.203069484107225e-13	2.906528669472655e-10	0
0.5740000000000001	2.6672370345911177e-13	3.3364995448857794e-11	0	9.114901482164868e-13	2.8959002962086917e-10	0
0.58	2.65123408189573e-13	3.328348191933949e-11	0	9.02785201465326e-13	2.884858204688793e-10	0
0.586	2.636547274742155e-13	3.32012769681996e-11	0	8.941898068164795e-13	2.8734013683316246e-10	0
0.592	2.623127484323687e-13	3.311780021440191e-11	0	8.85701697866652e-13	2.8615292969262544e-10	0
0.598	2.6109267812141934e-13	3.303247729868815e-11	0	8.773186450405159e-13	2.849242063147591e-10	0
0.604	2.599898372467013e-13	3.2944740156187876e-11	0	8.69038457194474e-13	2.836540325229581e-10	0
0.61	2.589996537224913e-13	3.285402738738457e-11	0	8.608589829613751e-13	2.82342534584404e-10	0
0.616	2.5811765615584144e-13	3.275978472530237e-11	0	8.527781118611614e-13	2.8098990072421663e-10	0
0.622	2.5733946731693987e-13	3.2661465596573074e-11	0	8.447937752003341e-13	2.79596382272685e-10	0
0.628	2.566607976528132e-13	3.255853177379275e-11	0	8.369039467809783e-13	2.781622944531665e-10	0
0.634	2.560774388950824e-13	3.2450454116289534e-11	0	8.291066434380514e-13	2.766880168196112e-10	0
0.64	2.555852578067791e-13	3.233671339608972e-11	0	8.213999254221857e-13	2.751739933533895e-10	0
0.646	2.5518019010853343e-13	3.221680120549786e-11	0	8.137818966434336e-13	2.7362073223023814e-10	0
0.652	2.548582346200924e-13	3.209022094230425e-11	0	8.062507047901741e-13	2.7202880526915417e-10	0
0.658	2.546154476492365e-13	3.195648886818999e-11	0	7.988045413359803e-13	2.7039884707592477e-10	0
0.664	2.5444793765667566e-13	3.181513523543803e-11	0	7.91441641446126e-13	2.687315538948954e-10	0
0.67	2.543518602225566e-13	3.166570547656202e-11	0	7.841602837943824e-13	2.670276821835804e-10	0
0.676	2.543234133372748e-13	3.150776145095423e-11	0	7.769587902996977e-13	2.652880469252172e-10	0
0.682	2.543588330366319e-13	3.1340882742126384e-11	0	7.698355257915868e-13	2.635135196954104e-10	0
0.6880000000000001	2.5445438939940116e-13	3.1164667998575406e-11	0	7.62788897612161e-13	2.617050264993911e-10	0
0.6940000000000001	2.546063829225896e-13	3.0978736310765216e-11	0	7.558173551620704e-13	2.5986354539714145e-10	0
0.7000000000000001	2.5481114128805256e-13	3.078272861617112e-11	0	7.489193893969232e-13	2.5799010393397513e-10	0
0.706	2.5506501653202575e-13	3.057630912379798e-11	0	7.420935322801697e-13	2.560857763947508e-10	0
0.712	2.5536438262690366e-13	3.035916674906452e-11	0	7.353383561979015e-13	2.541516808998186e-10	0
0.718	2.5570563348327894e-13	3.013101654944404e-11	0	7.286524733404838e-13	2.521889763614483e-10	0
0.724	2.560851813777394e-13	2.9891601150783154e-11	0	7.220345350555149e-13	2.501988593190927e-10	0
0.73	2.5649945581068047e-13	2.964069215378658e-11	0	7.15483231176161e-13	2.481825606722853e-10	0
0.736	2.5694490279591143e-13	2.9378091509766095e-11	0	7.089972893286135e-13	2.4614134232938606e-10	0
0.742	2.5741798458257667e-13	2.9103632854414337e-11	0	7.025754742219447e-13	2.4407649379065155e-10	0
0.748	2.579151798073876e-13	2.881718278809057e-11	0	6.962165869234865e-13	2.419893286834247e-10	0
0.754	2.5843298407376893e-13	2.8518642090891178e-11	0	6.899194641224099e-13	2.3988118126706873e-10	0
0.76	2.5896791095210214e-13	2.8207946860652982e-11	0	6.836829773840492e-13	2.3775340292464345e-10	0
0.766	2.595164933936002e-13	2.7963163555761263e-11	0	6.775060323972492e-13	2.3560735865794997e-10	0
0.772	2.6007528554813057e-13	2.7846606440049366e-11	0	6.713875682166994e-13	2.334444236017344e-10	0
0.778	2.6064086497427774e-13	2.7732999332930474e-11	0	6.653265565022154e-13	2.312659795722103e-10	0
0.784	2.612098352280579e-13	2.7622120970672318e-11	0	6.593220007565742e-13	2.2907341166442102e-10	0
0.79	2.617788288144145e-13	2.7513753955149352e-11	0	6.533729355634382e-13	2.268681049119547e-10	0
0.796	2.623445104838498e-13	2.7407684562737026e-11	0	6.474784258266921e-13	2.2465144102173727e-10	0
0.802	2.629035808542848e-13	2.7303702570072942e-11	0	6.416375660124986e-13	2.2242479519580748e-10	0
0.808	2.6345278033655914e-13	2.7201601096174006e-11	0	6.358494793951343e-13	2.2018953305087163e-10	0
0.8140000000000001	2.639888933399252e-13	2.710117646043481e-11	0	6.301133173075772e-13	2.179470076457336e-10	0
0.8200000000000001	2.645087527319338e-13	2.7002228056061973e-11	0	6.244282583977891e-13	2.156985566253304e-10	0
0.8260000000000001	2.6500924452586337e-13	2.690455823852538e-11	0	6.187935078914733e-13	2.1344549948958656e-10	0
0.8320000000000001	2.6548731276655045e-13	2.6807972228632687e-11	0	6.132082968620167e-13	2.1118913499397026e-10	0
0.838	2.659399645847248e-13	2.6712278029851886e-11	0	6.076718815082721e-13	2.0893073868776787e-10	0
0.844	2.6636427538781925e-13	2.661728635952554e-11	0	6.021835424407365e-13	2.0667156059520985e-10	0
0.85	2.667573941549339e-13	2.6522810593635378e-11	0	5.967425839766346e-13	2.04412823043436e-10	0
0.856	2.671165488017146e-13	2.642866672478769e-11	0	5.913483334443869e-13	2.0215571864062055e-10	0
0.862	2.674390515808474e-13	2.6334673333098344e-11	0	5.860001404977637e-13	1.9990140840645558e-10	0
0.868	2.677223044828548e-13	2.624065156966496e-11	0	5.806973764402383e-13	1.9765102005642018e-10	0
0.874	2.679638046015645e-13	2.614642515231727e-11	0	5.754394335596313e-13	1.9540564644056542e-10	0
0.88	2.6816114942862923e-13	2.6051820373337675e-11	0	5.702257244734919e-13	1.9316634413643292e-10	0
0.886	2.6831204204133355e-13	2.595666611884579e-11	0	5.650556814853555e-13	1.9093413219543503e-10	0
0.892	2.6841429614829257e-13	2.5860793899536573e-11	0	5.599287559520524e-13	1.8870999104087238e-10	0
0.898	2.684658409585905e-13	2.5764037892457833e-11	0	5.548444176623039e-13	1.864948615156428e-10	0
0.904	2.6846472583986686e-13	2.5666234993505244e-11	0	5.498021542266489e-13	1.8428964407646596e-10	0
0.91	2.6840912473304933e-13	2.556722488030679e-11	0	5.448014704789065e-13	1.8209519813158327e-10	0
0.916	2.6829734029177426e-13	2.546685008515357e-11	0	5.398418878891719e-13	1.7991234151795664e-10	0
0.922	2.6812780771655173e-13	2.5364956077627e-11	0	5.349229439884744e-13	1.7774185011366363e-10	0
0.928	2.678990982554461e-13	2.5261391356554016e-11	0	5.300441918051142e-13	1.7558445758099316e-10	0
0.934	2.676099223449641e-13	2.51560075509089e-11	0	5.252051993126824e-13	1.7344085523506656e-10	0
0.9400000000000001	2.6725913236707073e-13	2.5048659529261923e-11	0	5.204055488898618e-13	1.7131169203295198e-10	0
0.9460000000000001	2.6684572500056286e-13	2.4939205517357746e-11	0	5.156448367918776e-13	1.6919757467766472e-10	0
0.9520000000000001	2.6636884314762167e-13	2.4827507223386547e-11	0	5.109226726337125e-13	1.670990678314215e-10	0
0.9580000000000001	2.658277774190774e-13	2.4713429970488855e-11	0	5.062386788849512e-13	1.6501669443241066e-10	0
0.964	2.652219671646574e-13	2.4596842836016207e-11	0	5.015924903762894e-13	1.6295093610912393e-10	0
0.97	2.645510010374347e-13	2.4477618797043325e-11	0	4.969837538176048e-13	1.6090223368645754e-10	0
0.976	2.6381461708469515e-13	2.435563488160917e-11	0	4.924121273275492e-13	1.5887098777743172e-10	0
0.982	2.6301270236035564e-13	2.4230772325135136e-11	0	4.878772799746251e-13	1.5685755945483382e-10	0
0.988	2.621452920575708e-13	2.4102916731449403e-11	0	4.833788913296004e-13	1.5486227099670758e-10	0
0.994	2.6121256816238034e-13	2.3971958237817885e-11	0	4.789166510292427e-13	1.528854067000942e-10	0
1.	2.6021485763326014e-13	2.3821838882098813e-11	0	4.744902583512391e-13	1.5092721375720276e-10	0
1.006	2.5915263011385245e-13	2.3638601300629703e-11	0	4.700994218002216e-13	1.4898790318855647e-10	0
1.012	2.58026495188934e-13	2.3453988499732655e-11	0	4.657438587048142e-13	1.4706765082768552e-10	0
1.018	2.568371991972602e-13	2.3268156323451316e-11	0	4.614232948255328e-13	1.451665983521325e-10	0
1.024	2.555856216163683e-13	2.3081257394391294e-11	0	4.571374639735044e-13	1.4328485435594824e-10	0
1.03	2.542727710384682e-13	2.28934410412327e-11	0	4.528861076398185e-13	1.414224954584638e-10	0
1.036	2.52899780757352e-13	2.270485323518094e-11	0	4.486689746354336e-13	1.395795674451034e-10	0
1.042	2.5146790398978884e-13	2.251563653510538e-11	0	4.444858207414889e-13	1.377560864356638e-10	0
1.048	2.4997850875601536e-13	2.2325930041111482e-11	0	4.4033640836989934e-13	1.3595204007595865e-10	0
1.054	2.48433072445929e-13	2.2135869356279663e-11	0	4.3622050623411774e-13	1.3416738874874652e-10	0
1.06	2.468331760993129e-13	2.1945586556298046e-11	0	4.3213788902988565e-13	1.3240206680057597e-10	0
1.066	2.451804984295051e-13	2.1755210166710693e-11	0	4.2808833712587485e-13	1.306559837805555e-10	0
1.072	2.434768096209704e-13	2.1564865147498063e-11	0	4.2407163626408384e-13	1.2892902568833298e-10	0
1.078	2.4172396493246027e-13	2.1374672884702602e-11	0	4.2008757726978753e-13	1.2722105622774794e-10	0
1.084	2.399238981375308e-13	2.118475118880883e-11	0	4.1613595577097667e-13	1.2553191806387966e-10	0
1.09	2.38078614834654e-13	2.099521429958935e-11	0	4.1221657192706757e-13	1.238614340802887e-10	0
1.096	2.3619018565968417e-13	2.0806172897122453e-11	0	4.083292301667804e-13	1.2220940863461282e-10	0
1.102	2.3426073943248054e-13	2.0617734118692433e-11	0	4.0447373893501486e-13	1.2057562880980136e-10	0
1.108	2.3229245627006495e-13	2.0430001581281237e-11	0	4.006499104485769e-13	1.1895986565935972e-10	0
1.114	2.3028756069750516e-13	2.024307540936543e-11	0	3.9685756046059993e-13	1.1736187544447444e-10	0
1.12	2.282483147866966e-13	2.0057052267732364e-11	0	3.93096508033507e-13	1.1578140086145353e-10	0
1.1260000000000001	2.2617701135338092e-13	1.9872025399035163e-11	0	3.8936657532037353e-13	1.1421817225783778e-10	0
1.1320000000000001	2.240759672400977e-13	1.968808466580987e-11	0	3.85667587354501e-13	1.1267190883579903e-10	0
1.1380000000000001	2.2194751671259148e-13	1.9505316596682473e-11	0	3.819993718470799e-13	1.111423198414843e-10	0
1.1440000000000001	2.197940049951422e-13	1.932380443649954e-11	0	3.783617589927742e-13	1.0962910573925612e-10	0
1.1500000000000001	2.1761778196908023e-13	1.914362820012245e-11	0	3.747545812830446e-13	1.0813195936946858e-10	0
1.156	2.1542119605646413e-13	1.896486472963053e-11	0	3.711776733271027e-13	1.066505670888945e-10	0
1.162	2.132065883099609e-13	1.879498746349069e-11	0	3.6763087168028037e-13	1.0518460989295386e-10	0
1.168	2.1097628672730555e-13	1.8659883269073078e-11	0	3.6411401467970936e-13	1.0373376451872039e-10	0
1.174	2.0873260080734395e-13	1.8526943404607192e-11	0	3.606269422871045e-13	1.0229770452774617e-10	0
1.18	2.0647781636209688e-13	1.8396050792092603e-11	0	3.571694959385475e-13	1.0087610136823714e-10	0
1.186	2.042141905985078e-13	1.8267091364154597e-11	0	3.537415184010339e-13	9.946862541537554e-11	0
1.192	2.0194394747992876e-13	1.813995396188428e-11	0	3.5034285363572655e-13	9.807494698925341e-11	0
1.198	1.9966927337667368e-13	1.8014530239359834e-11	0	3.4697334666767407e-13	9.669473734956519e-11	0
1.204	1.9739231301293024e-13	1.7890714574574883e-11	0	3.4363284346186235e-13	9.53276696663874e-11	0
1.21	1.9511516571424063e-13	1.7768403986512316e-11	0	3.403211908054776e-13	9.397341996583506e-11	0
1.216	1.9283988196002893e-13	1.764749805811609e-11	0	3.370382361961736e-13	9.263166805026199e-11	0
1.222	1.9056846024172737e-13	1.7527898864922797e-11	0	3.3378382773621805e-13	9.130209839195562e-11	0
1.228	1.8830284422672308e-13	1.7409510909125906e-11	0	3.3055781403236855e-13	8.998440099916108e-11	0
1.234	1.8604492022633243e-13	1.729224105885444e-11	0	3.2736004410130064e-13	8.867827225403617e-11	0
1.24	1.837965149645601e-13	1.7175998492457172e-11	0	3.241903672804535e-13	8.738341572097626e-11	0
1.246	1.8155939364247143e-13	1.7060694647590587e-11	0	3.2104863314416216e-13	8.609954292476165e-11	0
1.252	1.793352582929175e-13	1.6946243174916016e-11	0	3.1793469142486817e-13	8.482637409721124e-11	0
1.258	1.7712574641776238e-13	1.6832559896218417e-11	0	3.148483919393261e-13	8.356363889127005e-11	0
1.264	1.7493242989962243e-13	1.671956276676407e-11	0	3.1178958451962245e-13	8.231107706146948e-11	0
1.27	1.7275681417857104e-13	1.6607171841720648e-11	0	3.087581189488675e-13	8.106843910942745e-11	0
1.276	1.7060033768426914e-13	1.649530924646734e-11	0	3.0575384490141934e-13	7.983548689336926e-11	0
1.282	1.6846437151162837e-13	1.638389915062594e-11	0	3.0277661188749377e-13	7.861199420015606e-11	0
1.288	1.6635021932951483e-13	1.6272867745649177e-11	0	2.9982626920204447e-13	7.739774727882789e-11	0
1.294	1.6425911750967356e-13	1.6162143225804153e-11	0	2.9690266587771645e-13	7.61925453341833e-11	0
1.3	1.62192235463856e-13	1.6051655772392015e-11	0	2.9400565064180667e-13	7.499620097918217e-11	0
1.306	1.6015067617635518e-13	1.5941337541047004e-11	0	2.911350718770449e-13	7.380854064495401e-11	0
1.312	1.5813547691821673e-13	1.5831122651959958e-11	0	2.882907775860843e-13	7.262940494688382e-11	0
1.318	1.5614761013089533e-13	1.572094718287373e-11	0	2.8547261535955544e-13	7.145864900594896e-11	0
1.324	1.5418798446589048e-13	1.5610749164696407e-11	0	2.8268043234758225e-13	7.029614272378564e-11	0
1.33	1.5225744596645763e-13	1.5500468579582995e-11	0	2.7991407523460036e-13	6.914177101054045e-11	0
1.336	1.5035677937929519e-13	1.5390047361333426e-11	0	2.7717339021736617e-13	6.799543396414544e-11	0
1.342	1.484867095831352e-13	1.5279429397956613e-11	0	2.7445822298602837e-13	6.68570470005939e-11	0
1.348	1.4664790312051704e-13	1.5168560536250386e-11	0	2.717684187081706e-13	6.572654093369823e-11	0
1.354	1.4484096982230647e-13	1.5057388588246648e-11	0	2.6910382201564233e-13	6.460386200409588e-11	0
1.36	1.4306646451080662e-13	1.4945863339370395e-11	0	2.6646427699412193e-13	6.348897185630736e-11	0
1.366	1.4132488877165601e-13	1.4833936558162322e-11	0	2.638496271752822e-13	6.238184746416176e-11	0
1.372	1.3961669278183295e-13	1.472156200741237e-11	0	2.6125971553140816e-13	6.12824810032386e-11	0
1.3780000000000001	1.3794227718432741e-13	1.460869545655186e-11	0	2.5869438447241863e-13	6.019087967119947e-11	0
1.3840000000000001	1.3630199499774256e-13	1.44952946951513e-11	0	2.5615347584513257e-13	5.910706545511887e-11	0
1.3900000000000001	1.3469615355278498e-13	1.4381319547369828e-11	0	2.5363683093468894e-13	5.803107484691515e-11	0
1.3960000000000001	1.3312501644440452e-13	1.426673188720092e-11	0	2.511442904680472e-13	5.696295850647586e-11	0
1.4020000000000001	1.3158880549256142e-13	1.415149565436031e-11	0	2.48675694619406e-13	5.590278087386529e-11	0
1.408	1.3008770270222896e-13	1.4035576870657823e-11	0	2.462308830175074e-13	5.485061973100329e-11	0
1.414	1.2862185221589877e-13	1.3918943656698397e-11	0	2.438096947546771e-13	5.3806565714258905e-11	0
1.42	1.2719136225006672e-13	1.3801566248753112e-11	0	2.4141196839754316e-13	5.2770721779182144e-11	0
1.426	1.2579630701116108e-13	1.3683417015643016e-11	0	2.3903754199931465e-13	5.174320261907321e-11	0
1.432	1.2443672858193654e-13	1.3564470475477418e-11	0	2.3668625311356117e-13	5.072413403913747e-11	0
1.438	1.231126387759997e-13	1.3444703312088424e-11	0	2.343579388093585e-13	4.971365228857566e-11	0
1.444	1.2182402095229912e-13	1.3324094391002217e-11	0	2.3205243568778087e-13	4.8711903352636426e-11	0
1.45	1.2057083178699025e-13	1.3202624774790723e-11	0	2.2976957989959175e-13	4.771904220764836e-11	0
1.456	1.1935300299751266e-13	1.3080277737644037e-11	0	2.275092071640966e-13	4.673523204146789e-11	0
1.462	1.181704430153854e-13	1.2957038779008254e-11	0	2.2527115278906942e-13	4.576064344269404e-11	0
1.468	1.1702303860411068e-13	1.2832895636131627e-11	0	2.2305525169166404e-13	4.479545356178877e-11	0
1.474	1.15910656419891e-13	1.2707838295365195e-11	0	2.2086133842024875e-13	4.383984524749023e-11	0
1.48	1.1483314451133185e-13	1.2563009522600832e-11	0	2.1868924717710287e-13	4.2894006162274366e-11	0
1.486	1.1379033375758036e-13	1.2404327862018745e-11	0	2.165388118418801e-13	4.195812788082175e-11	0
1.492	1.1278203924086992e-13	1.2246412809820828e-11	0	2.1440986599579291e-13	4.1032404974938713e-11	0
1.498	1.1180806155423226e-13	1.2089343909150811e-11	0	2.1230224294645444e-13	4.011703408954279e-11	0
1.504	1.1086818804060918e-13	1.193319720809951e-11	0	2.1021577575329943e-13	3.921221301343008e-11	0
1.51	1.0996219396431091e-13	1.1778045301228479e-11	0	2.0815029725353464e-13	3.831813974943046e-11	0
1.516	1.0908984361284492e-13	1.1623957375647615e-11	0	2.061056400885657e-13	3.743501158767881e-11	0
1.522	1.082508913282075e-13	1.1470999261318964e-11	0	2.040816367308439e-13	3.6563024186890495e-11	0
1.528	1.074450824685663e-13	1.1319233485267302e-11	0	2.0207811951104795e-13	3.570237066728721e-11	0
1.534	1.0667215429842092e-13	1.1168719329383613e-11	0	2.0009492064561084e-13	3.4853240719817794e-11	0
1.54	1.0593183680828005e-13	1.101951289151663e-11	0	1.9813187226448042e-13	3.401581973557198e-11	0
1.546	1.0522385346324877e-13	1.0871667149555075e-11	0	1.9618880643910333e-13	3.319028795931827e-11	0
1.552	1.0454792188074226e-13	1.0725232028212268e-11	0	1.9426555521057178e-13	3.2376819671368466e-11	0
1.558	1.039037544379195e-13	1.058025446823389e-11	0	1.923619506178955e-13	3.15755824010886e-11	0
1.564	1.0329105880860407e-13	1.043677849775926e-11	0	1.9047782472635018e-13	3.07867361758041e-11	0
1.57	1.027095384301814e-13	1.0294845305576013e-11	0	1.886130096558658e-13	3.0010432808524936e-11	0
1.576	1.0215889290148708e-13	1.0154493316018562e-11	0	1.8676733760942977e-13	2.9246815227067385e-11	0
1.582	1.0163881831156441e-13	1.0015758265270761e-11	0	1.8494064090143022e-13	2.8496016848177994e-11	0
1.588	1.0114900749957583e-13	9.878673278843123e-12	0	1.8313275198595329e-13	2.7758160998180026e-11	0
1.594	1.0068915024796386e-13	9.74326895000627e-12	0	1.813435034849674e-13	2.7033360383492687e-11	0
1.6	1.0025893340697299e-13	9.609573418972144e-12	0	1.795727282163779e-13	2.63217166118727e-11	0
1.606	9.985804095392591e-14	9.477612452625335e-12	0	1.778202592219048e-13	2.5623319766873693e-11	0
1.612	9.948615398578859e-14	9.347409524617376e-12	0	1.7608592979478408e-13	2.4938248036058887e-11	0
1.618	9.914295064658333e-14	9.218985895647116e-12	0	1.7436957350724686e-13	2.426656739449192e-11	0
1.624	9.882810599052571e-14	9.092360693761236e-12	0	1.726710242377398e-13	2.360833134366874e-11	0
1.6300000000000001	9.854129178083249e-14	8.967550994518297e-12	0	1.709901161978986e-13	2.2963580706328943e-11	0
1.6360000000000001	9.828217622628503e-14	8.844571900870732e-12	0	1.693266839592136e-13	2.233234347711298e-11	0
1.6420000000000001	9.805042365370479e-14	8.72343662262876e-12	0	1.676805624793911e-13	2.17146347281192e-11	0
1.6480000000000001	9.784569412127936e-14	8.604156555379642e-12	0	1.6605158712838582e-13	2.1110456569808687e-11	0
1.6540000000000001	9.766764296874893e-14	8.486741358745754e-12	0	1.6443959371407307e-13	2.0519798164452027e-11	0
1.6600000000000001	9.751592030937069e-14	8.371199033874264e-12	0	1.6284441850756726e-13	1.9942635792418835e-11	0
1.666	9.739017046172993e-14	8.257536000059741e-12	0	1.6126589826815318e-13	1.9378932968585864e-11	0
1.672	9.72900313248326e-14	8.151961045591788e-12	0	1.5970387026780797e-13	1.8828640607397193e-11	0
1.678	9.721513369471428e-14	8.061025715164175e-12	0	1.581581723153373e-13	1.829169723429439e-11	0
1.684	9.716510052702789e-14	7.97154928426511e-12	0	1.5662864278005935e-13	1.7768029241154194e-11	0
1.69	9.713954614334641e-14	7.883450762209609e-12	0	1.5511512061508148e-13	1.725755118307983e-11	0
1.696	9.713807538574905e-14	7.796652100265064e-12	0	1.5361744538011277e-13	1.676016611400217e-11	0
1.702	9.71602827191828e-14	7.711078089425748e-12	0	1.5213545726382343e-13	1.6275765957880683e-11	0
1.708	9.72057512836278e-14	7.62665626521163e-12	0	1.506689971057608e-13	1.5804231912615044e-11	0
1.714	9.727405189888587e-14	7.543316819102643e-12	0	1.492179064177697e-13	1.5345434883647536e-11	0
1.72	9.736474202291038e-14	7.460992516238042e-12	0	1.477820274049604e-13	1.4899235943785077e-11	0
1.726	9.747736466633445e-14	7.379618619028992e-12	0	1.46361202986175e-13	1.4465486816171438e-11	0
1.732	9.761144726583619e-14	7.299132816348214e-12	0	1.4495527681397537e-13	1.4044030377063129e-11	0
1.738	9.776650051944185e-14	7.2194751579753825e-12	0	1.435640932941456e-13	1.3634701175207719e-11	0
1.744	9.79420171855174e-14	7.140587993991411e-12	0	1.4218749760469782e-13	1.3237325964341343e-11	0
1.75	9.813747085075824e-14	7.06241591882626e-12	0	1.4082533571437182e-13	1.285172424585646e-11	0
1.756	9.835231466924548e-14	6.984905719676997e-12	0	1.3947745440064844e-13	1.2477708818346036e-11	0
1.762	9.858598007732181e-14	6.908006329023559e-12	0	1.3814370126726687e-13	1.2115086330980007e-11	0
1.768	9.883787548932043e-14	6.8316687809784586e-12	0	1.3682392476121623e-13	1.1763657837729504e-11	0
1.774	9.910738497718554e-14	6.755846171216197e-12	0	1.3551797418927084e-13	1.1423219349675419e-11	0
1.78	9.939386694203146e-14	6.680493620235798e-12	0	1.3422569973398236e-13	1.1093562382564078e-11	0
1.786	9.969665278000575e-14	6.605568239717438e-12	0	1.3294695246920674e-13	1.0774474497056908e-11	0
1.792	1.000150455530694e-13	6.531029101740552e-12	0	1.3168158437511128e-13	1.0465739829512417e-11	0
1.798	1.0034831866587473e-13	6.456837210637383e-12	0	1.3042944835270724e-13	1.016713961038946e-11	0
1.804	1.0069571456134098e-13	6.3829554772611975e-12	0	1.2919039823788563e-13	9.878452668928162e-12	0
1.81	1.0105644343922874e-13	6.30934869545393e-12	0	1.2796428881494618e-13	9.599455921792628e-12	0
1.816	1.0142968200673542e-13	6.235983520502689e-12	0	1.2675097582968202e-13	9.329924843630323e-12	0
1.822	1.018145722718779e-13	6.16282844937936e-12	0	1.2555031600193164e-13	9.06963391867837e-12	0
1.828	1.02210220384463e-13	6.089853802561295e-12	0	1.2436216703771147e-13	8.818357071203765e-12	0
1.834	1.026156955407447e-13	6.017031707235502e-12	0	1.2318638764082516e-13	8.575868074180496e-12	0
1.84	1.0303002895560782e-13	5.94433608169268e-12	0	1.2202283752404167e-13	8.341940934520053e-12	0
1.846	1.0345221291928375e-13	5.871742620720699e-12	0	1.2087137741979554e-13	8.116350254427373e-12	0
1.852	1.0388119994506734e-13	5.799228781811375e-12	0	1.1973186909043223e-13	7.898871567736773e-12	0
1.858	1.0431590202267507e-13	5.726773771997288e-12	0	1.1860417533800666e-13	7.68928165078598e-12	0
1.864	1.0475518998980676e-13	5.654358535139635e-12	0	1.1748816001363762e-13	7.487358807109068e-12	0
1.87	1.051978930317699e-13	5.581965739491616e-12	0	1.1638368802641916e-13	7.292883125820651e-12	0
1.8760000000000001	1.0564279832601785e-13	5.509579765364947e-12	0	1.1529062535190657e-13	7.105636713246783e-12	0
1.8820000000000001	1.0608865084217861e-13	5.437186692732238e-12	0	1.1420883904016896e-13	6.92540389764135e-12	0
1.8880000000000001	1.0653415331210698e-13	5.364774288600483e-12	0	1.1313819722343069e-13	6.7519714070914815e-12	0
1.8940000000000001	1.0697796638398201e-13	5.2923319939962786e-12	0	1.1207856912329353e-13	6.585128520476882e-12	0
1.9000000000000001	1.0741870897321042e-13	5.20671626589803e-12	0	1.1102982505756489e-13	6.424667191628754e-12	0
1.9060000000000001	1.0785495882497925e-13	5.121739816455514e-12	0	1.0999183644667723e-13	6.270382147021149e-12	0
1.9120000000000001	1.0828525330184321e-13	5.037675690329069e-12	0	1.0896447581971265e-13	6.122070957108797e-12	0
1.9180000000000001	1.0870809040856193e-13	4.954577303446526e-12	0	1.0794761682006043e-13	5.979534081680743e-12	0
1.924	1.0912193006807832e-13	4.872494309220559e-12	0	1.0694113421068647e-13	5.842574889619227e-12	0
1.93	1.0952519566115203e-13	4.791472707808797e-12	0	1.0594490387903352e-13	5.710999653540331e-12	0
1.936	1.0991627584087432e-13	4.711554959934124e-12	0	1.0495880284155818e-13	5.584617519729066e-12	0
1.942	1.1029352663262641e-13	4.6327801045751594e-12	0	1.0398270924792505e-13	5.463240453939903e-12	0
1.948	1.1065527383007988e-13	4.555183879872501e-12	0	1.0301650238483688e-13	5.3466831636477355e-12	0
1.954	1.1099981569625214e-13	4.478798846632255e-12	0	1.0206006267952951e-13	5.234762997457106e-12	0
1.96	1.1132542597473296e-13	4.403654513844951e-12	0	1.0111327170294877e-13	5.127299822197491e-12	0
1.966	1.1163035722029801e-13	4.329777465674947e-12	0	1.0017601217257759e-13	5.0241158787298715e-12	0
1.972	1.1191284445028489e-13	4.257191489412106e-12	0	9.924816795496158e-14	4.925035617141535e-12	0
1.978	1.1217110912066933e-13	4.185917703914546e-12	0	9.832962406792191e-14	4.829885512281422e-12	0
1.984	1.1240336342570253e-13	4.1159746881069496e-12	0	9.742026668245115e-14	4.738493860914701e-12	0
1.99	1.1260781492089095e-13	4.047378609135246e-12	0	9.651998312433006e-14	4.6506905613839804e-12	0
1.996	1.1278267146279485e-13	3.980143349813141e-12	0	9.562866187544541e-14	4.566306877519147e-12	0
2.0020000000000002	1.1292614646128403e-13	3.9142806350303866e-12	0	9.474619257482086e-14	4.485175188055143e-12	0
2.008	1.1303646443020164e-13	3.849800156825768e-12	0	9.387246601937934e-14	4.40712872355539e-12	0
2.0140000000000002	1.1311186682996615e-13	3.78670969786025e-12	0	9.300737416442832e-14	4.3320012928424284e-12	0
2.02	1.1315061818119427e-13	3.7250152530567194e-12	0	9.215081012389108e-14	4.259627001335826e-12	0
2.0260000000000002	1.1315101243300716e-13	3.664721149202998e-12	0	9.13026681702743e-14	4.189839964036228e-12	0
2.032	1.1311137956601421e-13	3.6058301623434148e-12	0	9.04628437343824e-14	4.1224740163744185e-12	0
2.0380000000000003	1.1303009239939232e-13	3.5506864986425987e-12	0	8.963123340480254e-14	4.057362426425544e-12	0
2.044	1.1290557358139137e-13	3.5050476306402313e-12	0	8.880773492713378e-14	3.994337612814341e-12	0
2.05	1.1273630272595897e-13	3.4606804588936323e-12	0	8.79922472030013e-14	3.933230872970609e-12	0
2.056	1.1252082366415209e-13	3.4175128375199518e-12	0	8.718467028882923e-14	3.873872127015955e-12	0
2.062	1.1225775177059547e-13	3.375475669110315e-12	0	8.638490539440727e-14	3.816089683725768e-12	0
2.068	1.1194578132707261e-13	3.3345027384688356e-12	0	8.559285488123203e-14	3.759710035023884e-12	0
2.074	1.1158369287638976e-13	3.294530558521135e-12	0	8.48084222606499e-14	3.7045576869630624e-12	0
2.08	1.111703605252663e-13	3.2554982276141886e-12	0	8.40315121917879e-14	3.650455035691043e-12	0
2.086	1.1070475914334618e-13	3.2173472974863115e-12	0	8.326203047928596e-14	3.5972222978297548e-12	0
2.092	1.1018597141001444e-13	3.1800216512390477e-12	0	8.249988407084404e-14	3.5446775054411084e-12	0
2.098	1.096131946584465e-13	3.1434673906901103e-12	0	8.174498105458003e-14	3.492636577019233e-12	0
2.104	1.0898574746265499e-13	3.1076327325303047e-12	0	8.099723065618683e-14	3.440913476435123e-12	0
2.11	1.0830307590989649e-13	3.0724679127469253e-12	0	8.025654323594204e-14	3.38932047243132e-12	0
2.116	1.0756475951180949e-13	3.0379250988117964e-12	0	7.952283028550797e-14	3.3376685123820983e-12	0
2.122	1.0677051669076917e-13	3.0039583091651247e-12	0	7.879600442459429e-14	3.2857677238531956e-12	0
2.128	1.0592020979333912e-13	2.9705233395553666e-12	0	7.807597939742672e-14	3.233428057983692e-12	0
2.134	1.0501384957637033e-13	2.9375776958225973e-12	0	7.736267006907697e-14	3.180460088664207e-12	0
2.14	1.0405159911452734e-13	2.9050805327361512e-12	0	7.66559924216171e-14	3.1266759804794014e-12	0
2.146	1.0303377707939894e-13	2.8729925985199034e-12	0	7.595586355013213e-14	3.071890637904481e-12	0
2.152	1.019608603449979e-13	2.8412761847169403e-12	0	7.526220165857477e-14	3.0159230459294007e-12	0
2.158	1.0083348587863856e-13	2.809895081063734e-12	0	7.457492605547534e-14	2.958597810566509e-12	0
2.164	9.965245187529038e-14	2.7788145350587333e-12	0	7.389395714950607e-14	2.8997469039499828e-12	0
2.17	9.841871810350303e-14	2.7480012159244263e-12	0	7.321921644491194e-14	2.8392116150072843e-12	0
2.176	9.713340543437118e-14	2.7174231826739514e-12	0	7.255062653678895e-14	2.776844701549454e-12	0
2.182	9.579779452852474e-14	2.6870498560042204e-12	0	7.188811110625059e-14	2.7125127333551103e-12	0
2.188	9.441332366682575e-14	2.6568519937468416e-12	0	7.123159491543657e-14	2.6460986089836946e-12	0
2.194	9.298158571018163e-14	2.6268016696163514e-12	0	7.058100380240714e-14	2.5775042202038354e-12	0
2.2	9.150432418852817e-14	2.5968722550025897e-12	0	6.993626467591476e-14	2.5066532291883687e-12	0
2.206	8.998342852131397e-14	2.5670384035600357e-12	0	6.929730551003665e-14	2.433493912941332e-12	0
2.212	8.84209283782713e-14	2.5372760383523163e-12	0	6.866405533869483e-14	2.358002018747782e-12	0
2.218	8.681898720193375e-14	2.5075623413148956e-12	0	6.803644425005604e-14	2.2801835628298384e-12	0
2.224	8.517989491443865e-14	2.4778757448025636e-12	0	6.741440338081173e-14	2.200077493131998e-12	0
2.23	8.350605984691511e-14	2.448195924991993e-12	0	6.679786491033585e-14	2.1177581261255216e-12	0
2.236	8.179999992534599e-14	2.4185037969123533e-12	0	6.618676205474509e-14	2.0333372577120152e-12	0
2.242	8.006433316819899e-14	2.386020761245138e-12	0	6.558102906082656e-14	1.9469658400485432e-12	0
2.248	7.83017675448194e-14	2.3465569402589526e-12	0	6.49806011998648e-14	1.858835110931436e-12	0
2.254	7.651509026048857e-14	2.3073804562792004e-12	0	6.438541476135856e-14	1.769177060017208e-12	0
2.2600000000000002	7.470715653246084e-14	2.2685221629374575e-12	0	6.379540704663191e-14	1.67826411896717e-12	0
2.266	7.288087792988087e-14	2.2300110621954044e-12	0	6.321051636233185e-14	1.586407969975459e-12	0
2.2720000000000002	7.10392103573108e-14	2.1918743394309874e-12	0	6.263068201382172e-14	1.4939573810204844e-12	0
2.278	6.918514176265778e-14	2.154137402039288e-12	0	6.205584429847285e-14	1.401294996679018e-12	0
2.2840000000000003	6.732167965050695e-14	2.1168239211826722e-12	0	6.148594449886056e-14	1.3088330407231227e-12	0
2.29	6.545183849452153e-14	2.0799558763374945e-12	0	6.092092487583212e-14	1.2170079213023778e-12	0
2.2960000000000003	6.35786271320566e-14	2.0435536022971417e-12	0	6.036072866150746e-14	1.1262737706386124e-12	0
2.302	6.170503623132828e-14	2.0076358383054107e-12	0	5.980530005214817e-14	1.0370949978895545e-12	0
2.308	5.983402592431776e-14	1.9722197790084313e-12	0	5.92545842009553e-14	9.49937984477002e-13	0
2.314	5.796851368584481e-14	1.9373211269286365e-12	0	5.870852721073567e-14	8.652621038163551e-13	0
2.32	5.611136254839398e-14	1.9029541461796466e-12	0	5.816707612650776e-14	7.83510298740874e-13	0
2.326	5.4265369736918674e-14	1.869131717156658e-12	0	5.763017892797319e-14	7.050994973557635e-13	0
2.332	5.2433255795741134e-14	1.835865391952828e-12	0	5.709778452192268e-14	6.304111870974569e-13	0
2.338	5.061765428698622e-14	1.8031654502683081e-12	0	5.656984273452084e-14	5.597824945310959e-13	0
2.344	4.882110212390282e-14	1.7710409555942278e-12	0	5.604630430351554e-14	4.934981304990313e-13	0
2.35	4.7046030604812866e-14	1.73949981146991e-12	0	5.552712087033869e-14	4.3178355411933015e-13	0
2.356	4.5294757199166493e-14	1.7085488176272927e-12	0	5.501224497211663e-14	3.747996823652273e-13	0
2.362	4.3569478133188546e-14	1.6781937258517188e-12	0	5.4501630033597565e-14	3.2263942356174935e-13	0
2.368	4.1872261817511184e-14	1.6484392954033258e-12	0	5.399523035896398e-14	2.7532624407586574e-13	0
2.374	4.020504314561026e-14	1.6192893478579385e-12	0	5.3493001123571846e-14	2.328148896659764e-13	0
2.38	3.856961868601976e-14	1.5907468212406205e-12	0	5.2994898365590435e-14	1.949942811784585e-13	0
2.386	3.696764278614895e-14	1.562813823338582e-12	0	5.2500878977557276e-14	1.616924941045141e-13	0
2.392	3.5400624588114675e-14	1.5354916840935722e-12	0	5.2010900697826855e-14	1.3268362058481965e-13	0
2.398	3.3869925962285437e-14	1.5087810069865901e-12	0	5.1524922101952265e-14	1.0769620883098986e-13	0
2.404	3.237676034043224e-14	1.4826817193397082e-12	0	5.1042902593957165e-14	8.642288699557995e-14	0
2.41	3.092219243588391e-14	1.4571931214717291e-12	0	5.05648023975307e-14	6.85307139645562e-14	0
2.416	2.950713882358787e-14	1.4323139346551997e-12	0	5.009058254713789e-14	5.3671764353835334e-14	0
2.422	2.8132369346639898e-14	1.4080423478328826e-12	0	4.9620204879033224e-14	4.149345295876559e-14	0
2.428	2.67985093119588e-14	1.3843760630618127e-12	0	4.915363202219331e-14	3.164813582724626e-14	0
2.434	2.550604243076141e-14	1.3613123396621466e-12	0	4.869082738916794e-14	2.380158871528559e-14	0
2.44	2.4255314453218614e-14	1.3388480370572562e-12	0	4.823175516684567e-14	1.7640053398888262e-14	0
2.446	2.3046537443798973e-14	1.318324672147774e-12	0	4.777638030713676e-14	1.2875650259017333e-14	0
2.452	2.1879794640192684e-14	1.3009888902116865e-12	0	4.73246685175685e-14	0	0
2.458	2.0755045836004388e-14	1.2841121690282927e-12	0	4.6876586251815723e-14	0	0
2.464	1.967213322230585e-14	1.2676763966477636e-12	0	4.6432100700140986e-14	0	0
2.47	1.8630787628167234e-14	1.2516641645489063e-12	0	4.5991179779751497e-14	0	0
2.476	1.7630635091586125e-14	1.2360587342337424e-12	0	4.5553792125098564e-14	0	0
2.482	1.6671203700327243e-14	1.2208440056335454e-12	0	4.511990707809434e-14	0	0
2.488	1.57519306365877e-14	1.2060044872246537e-12	0	4.4689494678245106e-14	0	0
2.494	1.4872169365465785e-14	1.1915252677588365e-12	0	4.4262525652738215e-14	0	0
2.5	1.4031196906237651e-14	1.1773919895187485e-12	0	4.383897140642721e-14	0	0
2.5060000000000002	1.3228221128930645e-14	1.1635908230147067e-12	0	4.3418804011790164e-14	0	0
2.512	1.2462388023202437e-14	1.1501084430440475e-12	0	4.300199619878924e-14	0	0
2.5180000000000002	1.1732788887862353e-14	1.1369320060391716e-12	0	4.258852134468426e-14	0	0
2.524	1.1038467393002918e-14	1.1240491286348838e-12	0	4.217835346378345e-14	0	0
2.5300000000000002	1.0378426474324285e-14	1.1114478673898243e-12	0	4.1771467197140836e-14	0	0
2.536	0	1.0991166996007113e-12	0	4.1367837802189275e-14	0	0
2.5420000000000003	0	1.0870445051516701e-12	0	4.0967441142330375e-14	0	0
2.548	0	1.075220549344547e-12	0	4.0570253676469124e-14	0	0
2.5540000000000003	0	1.0636344666590507e-12	0	4.01762524485076e-14	0	0
2.56	0	1.0522762453947522e-12	0	3.97854150767936e-14	0	0
2.566	0	1.0411362131495474e-12	0	3.939771974352346e-14	0	0
2.572	0	1.0302050230920193e-12	0	3.901314518411412e-14	0	0
2.578	0	1.0194736409873347e-12	0	3.863167067654654e-14	0	0
2.584	0	1.008933332938731e-12	0	3.8253276030667584e-14	0	0
2.59	0	9.985756538086955e-13	0	3.7877941577477816e-14	0	0
2.596	0	9.883924362858897e-13	0	3.7505648158387875e-14	0	0
2.602	0	9.783757805658165e-13	0	3.713637711446094e-14	0	0
2.608	0	9.685180446148103e-13	0	3.677011027564324e-14	0	0
2.614	0	9.588118349886303e-13	0	3.6406829949984075e-14	0	0
2.62	0	9.492499981784033e-13	0	3.604651891284719e-14	0	0
2.626	0	9.39825612458057e-13	0	3.568916039611995e-14	0	0
2.632	0	9.305319802086388e-13	0	3.5334738077438794e-14	0	0
2.638	0	9.213626206962406e-13	0	3.4983236069405255e-14	0	0
2.644	0	9.123112632812272e-13	0	3.4634638908829014e-14	0	0
2.65	0	9.033718410376418e-13	0	3.428893154598034e-14	0	0
2.656	0	8.945384847625262e-13	0	3.3946099333873115e-14	0	0
2.662	0	8.850285118410112e-13	0	3.3606128017572197e-14	0	0
2.668	0	8.753021229246017e-13	0	3.326900372353007e-14	0	0
2.674	0	8.657085139618115e-13	0	3.293471294897523e-14	0	0
2.68	0	8.562475202729192e-13	0	3.2603242551331824e-14	0	0
2.686	0	8.469189298833353e-13	0	3.227457973769288e-14	0	0
2.692	0	8.37722485731148e-13	0	3.194871205435487e-14	0	0
2.698	0	8.286578878378668e-13	0	3.1625627376406835e-14	0	0
2.704	0	8.197247954417401e-13	0	3.130531389739171e-14	0	0
2.71	0	8.109228290932532e-13	0	3.098776011903606e-14	0	0
2.716	0	8.022515727123077e-13	0	3.0672954841058085e-14	0	0
2.722	0	7.937105756069104e-13	0	3.036088715106762e-14	0	0
2.728	0	7.852993544530731e-13	0	3.005154641454936e-14	0	0
2.734	0	7.770173952358439e-13	0	2.974492226494948e-14	0	0
2.74	0	7.688641551513638e-13	0	2.944100459385417e-14	0	0
2.746	0	7.608390644700439e-13	0	2.9139783541297834e-14	0	0
2.7520000000000002	0	7.529415283608914e-13	0	2.8841249486161044e-14	0	0
2.758	0	7.451709286771754e-13	0	2.854539303671164e-14	0	0
2.7640000000000002	0	7.375266257036518e-13	0	2.8252205021265384e-14	0	0
2.77	0	7.300079598656491e-13	0	2.7961676478980166e-14	0	0
2.7760000000000002	0	7.226142534003313e-13	0	2.7673798650789346e-14	0	0
2.782	0	7.15344811990585e-13	0	2.7388562970492207e-14	0	0
2.7880000000000003	0	7.081989263619552e-13	0	2.7105961055985764e-14	0	0
2.794	0	7.011758738431552e-13	0	2.6825984700658486e-14	0	0
2.8000000000000003	0	6.942749198907176e-13	0	2.654862586496158e-14	0	0
2.806	0	6.874953195783654e-13	0	2.627387666813722e-14	0	0
2.8120000000000003	0	6.808363190517874e-13	0	2.6001729380133836e-14	0	0
2.818	0	6.742971569494952e-13	0	2.5732176413707166e-14	0	0
2.824	0	6.678770657904818e-13	0	2.5465210316706463e-14	0	0
2.83	0	6.615752733294696e-13	0	2.5200823764565507e-14	0	0
2.836	0	6.55391003880573e-13	0	2.4939009552990315e-14	0	0
2.842	0	6.493608304506777e-13	0	2.4679760590865556e-14	0	0
2.848	0	6.436696002271276e-13	0	2.442306989336125e-14	0	0
2.854	0	6.380917195770559e-13	0	2.4168930575284337e-14	0	0
2.86	0	6.326252523596403e-13	0	2.3917335844638348e-14	0	0
2.866	0	6.272683083633562e-13	0	2.366827899642119e-14	0	0
2.872	0	6.220190423184913e-13	0	2.3421753406671573e-14	0	0
2.878	0	6.168756529359808e-13	0	2.3177752526758184e-14	0	0
2.884	0	6.118363819719462e-13	0	2.2936269877906588e-14	0	0
2.89	0	6.068995133173159e-13	0	2.2697299046002914e-14	0	0
2.896	0	6.020633721119108e-13	0	2.2460833676651877e-14	0	0
2.902	0	5.973263238824208e-13	0	2.222686747050127e-14	0	0
2.908	0	5.926867737037008e-13	0	2.199539417884195e-14	0	0
2.914	0	5.881431653828489e-13	0	2.1766407599491445e-14	0	0
2.92	0	5.836939806654931e-13	0	2.1539901572954728e-14	0	0
2.926	0	5.793377384638267e-13	0	2.1315869978887782e-14	0	0
2.932	0	5.750729941058418e-13	0	2.1094306732840714e-14	0	0
2.938	0	5.708983386052823e-13	0	2.0875205783318104e-14	0	0
2.944	0	5.668123979518664e-13	0	2.0658561109133293e-14	0	0
2.95	0	5.628138324212896e-13	0	2.044436671708258e-14	0	0
2.956	0	5.589013359045916e-13	0	2.023261663992927e-14	0	0
2.962	0	5.550736352564168e-13	0	2.0023304934718505e-14	0	0
2.968	0	5.513294896618075e-13	0	1.981642568140722e-14	0	0
2.974	0	5.476676900210648e-13	0	1.961197298183731e-14	0	0
2.98	0	5.440870583523342e-13	0	1.9409940959040383e-14	0	0
2.986	0	5.405864472115056e-13	0	1.9210323756885504e-14	0	0
2.992	0	5.371647391290765e-13	0	1.9013115540076254e-14	0	0
2.998	0	5.338208460636076e-13	0	1.881831049449689e-14	0	0
3.004	0	5.305537088714587e-13	0	1.862590282791854e-14	0	0
3.0100000000000002	0	5.273622967924285e-13	0	1.843588677107473e-14	0	0