3.0000000e-04  1.0000000e-02   0.9942752
3.0000000e-04  1.2000000e-02   1.0078492
3.0000000e-04  1.4400000e-02   1.0214076
3.0000000e-04  1.7280000e-02   1.0339383
3.0000000e-04  2.0736000e-02   1.0436859
3.0000000e-04  2.4883200e-02   1.0479349
3.0000000e-04  2.9859840e-02   1.0482711
3.0000000e-04  3.5831808e-02   1.0436726
3.0000000e-04  4.2998170e-02   1.0344504
3.0000000e-04  5.1597804e-02   1.0184929
3.0000000e-04  6.1917364e-02   1.0004391
3.0000000e-04  7.4300837e-02   0.9937434
3.0000000e-04  8.9161004e-02   0.9991055
3.0000000e-04  1.0699321e-01   1.0100446
3.0000000e-04  1.2839185e-01   1.0089608
3.0000000e-04  1.5407022e-01   1.0019436
3.0000000e-04  1.8488426e-01   1.0060890
3.0000000e-04  2.2186111e-01   1.0019295
3.0000000e-04  2.6623333e-01   1.0063979
3.0000000e-04  3.1948000e-01   1.0038128
3.0000000e-04  3.8337600e-01   1.0006209
3.0000000e-04  4.6005120e-01   1.0024902
3.0000000e-04  5.5206144e-01   1.0063139
3.0000000e-04  6.6247373e-01   0.9997384
3.0000000e-04  7.9496847e-01   1.0043461
3.0000000e-04  9.5396217e-01   1.0055934
3.0000000e-04  1.1447546e+00   0.9999613
3.0000000e-04  1.3737055e+00   1.0064296
3.0000000e-04  1.6484466e+00   1.0045538
3.0000000e-04  1.9781359e+00   1.0055638
3.0000000e-04  2.3737631e+00   1.0028544
3.0000000e-04  2.8485158e+00   1.0032292
3.0000000e-04  3.4182189e+00   1.0021425
3.0000000e-04  4.1018627e+00   1.0020811
3.0000000e-04  4.9222352e+00   1.0023693
3.0000000e-04  5.9066823e+00   1.0022519
3.0000000e-04  7.0880187e+00   1.0022743
3.0000000e-04  8.5056225e+00   1.0022620
3.0000000e-04  1.0206747e+01   1.0022540
3.0000000e-04  1.2248096e+01   1.0022478
3.0000000e-04  1.4697716e+01   1.0022427
3.0000000e-04  1.7637259e+01   1.0022384
3.0000000e-04  2.1164711e+01   1.0022349
3.0000000e-04  2.5397653e+01   1.0022319
3.0000000e-04  3.0477183e+01   1.0022295
3.0000000e-04  3.6572620e+01   1.0022274
3.0000000e-04  4.3887144e+01   1.0022257
3.0000000e-04  5.2664573e+01   1.0022242
3.0000000e-04  6.3197487e+01   1.0022231
3.0000000e-04  7.5836985e+01   1.0022221
3.0000000e-04  9.1004382e+01   1.0022212
3.0000000e-04  1.0920526e+02   1.0022205
3.6000000e-04  1.0000000e-02   1.0053991
3.6000000e-04  1.2000000e-02   1.0217527
3.6000000e-04  1.4400000e-02   1.0381006
3.6000000e-04  1.7280000e-02   1.0532206
3.6000000e-04  2.0736000e-02   1.0649897
3.6000000e-04  2.4883200e-02   1.0701218
3.6000000e-04  2.9859840e-02   1.0705278
3.6000000e-04  3.5831808e-02   1.0649735
3.6000000e-04  4.2998170e-02   1.0538385
3.6000000e-04  5.1597804e-02   1.0345848
3.6000000e-04  6.1917364e-02   1.0128233
3.6000000e-04  7.4300837e-02   1.0047586
3.6000000e-04  8.9161004e-02   1.0112172
3.6000000e-04  1.0699321e-01   1.0243992
3.6000000e-04  1.2839185e-01   1.0230927
3.6000000e-04  1.5407022e-01   1.0146363
3.6000000e-04  1.8488426e-01   1.0196316
3.6000000e-04  2.2186111e-01   1.0146193
3.6000000e-04  2.6623333e-01   1.0200038
3.6000000e-04  3.1948000e-01   1.0168886
3.6000000e-04  3.8337600e-01   1.0130429
3.6000000e-04  4.6005120e-01   1.0152950
3.6000000e-04  5.5206144e-01   1.0199026
3.6000000e-04  6.6247373e-01   1.0119796
3.6000000e-04  7.9496847e-01   1.0175312
3.6000000e-04  9.5396217e-01   1.0190343
3.6000000e-04  1.1447546e+00   1.0122482
3.6000000e-04  1.3737055e+00   1.0200421
3.6000000e-04  1.6484466e+00   1.0177816
3.6000000e-04  1.9781359e+00   1.0189987
3.6000000e-04  2.3737631e+00   1.0157339
3.6000000e-04  2.8485158e+00   1.0161855
3.6000000e-04  3.4182189e+00   1.0148760
3.6000000e-04  4.1018627e+00   1.0148020
3.6000000e-04  4.9222352e+00   1.0151493
3.6000000e-04  5.9066823e+00   1.0150079
3.6000000e-04  7.0880187e+00   1.0150349
3.6000000e-04  8.5056225e+00   1.0150200
3.6000000e-04  1.0206747e+01   1.0150104
3.6000000e-04  1.2248096e+01   1.0150030
3.6000000e-04  1.4697716e+01   1.0149968
3.6000000e-04  1.7637259e+01   1.0149917
3.6000000e-04  2.1164711e+01   1.0149874
3.6000000e-04  2.5397653e+01   1.0149838
3.6000000e-04  3.0477183e+01   1.0149808
3.6000000e-04  3.6572620e+01   1.0149783
3.6000000e-04  4.3887144e+01   1.0149763
3.6000000e-04  5.2664573e+01   1.0149746
3.6000000e-04  6.3197487e+01   1.0149731
3.6000000e-04  7.5836985e+01   1.0149719
3.6000000e-04  9.1004382e+01   1.0149709
3.6000000e-04  1.0920526e+02   1.0149701
4.3200000e-04  1.0000000e-02   1.0187998
4.3200000e-04  1.2000000e-02   1.0385168
4.3200000e-04  1.4400000e-02   1.0582453
4.3200000e-04  1.7280000e-02   1.0765077
4.3200000e-04  2.0736000e-02   1.0907330
4.3200000e-04  2.4883200e-02   1.0969388
4.3200000e-04  2.9859840e-02   1.0974298
4.3200000e-04  3.5831808e-02   1.0907132
4.3200000e-04  4.2998170e-02   1.0772540
4.3200000e-04  5.1597804e-02   1.0540005
4.3200000e-04  6.1917364e-02   1.0277484
4.3200000e-04  7.4300837e-02   1.0180281
4.3200000e-04  8.9161004e-02   1.0258127
4.3200000e-04  1.0699321e-01   1.0417097
4.3200000e-04  1.2839185e-01   1.0401335
4.3200000e-04  1.5407022e-01   1.0299348
4.3200000e-04  1.8488426e-01   1.0359587
4.3200000e-04  2.2186111e-01   1.0299144
4.3200000e-04  2.6623333e-01   1.0364077
4.3200000e-04  3.1948000e-01   1.0326509
4.3200000e-04  3.8337600e-01   1.0280137
4.3200000e-04  4.6005120e-01   1.0307292
4.3200000e-04  5.5206144e-01   1.0362857
4.3200000e-04  6.6247373e-01   1.0267319
4.3200000e-04  7.9496847e-01   1.0334256
4.3200000e-04  9.5396217e-01   1.0352384
4.3200000e-04  1.1447546e+00   1.0270556
4.3200000e-04  1.3737055e+00   1.0364540
4.3200000e-04  1.6484466e+00   1.0337277
4.3200000e-04  1.9781359e+00   1.0351955
4.3200000e-04  2.3737631e+00   1.0312584
4.3200000e-04  2.8485158e+00   1.0318030
4.3200000e-04  3.4182189e+00   1.0302240
4.3200000e-04  4.1018627e+00   1.0301347
4.3200000e-04  4.9222352e+00   1.0305535
4.3200000e-04  5.9066823e+00   1.0303830
4.3200000e-04  7.0880187e+00   1.0304155
4.3200000e-04  8.5056225e+00   1.0303976
4.3200000e-04  1.0206747e+01   1.0303860
4.3200000e-04  1.2248096e+01   1.0303771
4.3200000e-04  1.4697716e+01   1.0303696
4.3200000e-04  1.7637259e+01   1.0303634
4.3200000e-04  2.1164711e+01   1.0303582
4.3200000e-04  2.5397653e+01   1.0303539
4.3200000e-04  3.0477183e+01   1.0303503
4.3200000e-04  3.6572620e+01   1.0303474
4.3200000e-04  4.3887144e+01   1.0303449
4.3200000e-04  5.2664573e+01   1.0303428
4.3200000e-04  6.3197487e+01   1.0303411
4.3200000e-04  7.5836985e+01   1.0303396
4.3200000e-04  9.1004382e+01   1.0303384
4.3200000e-04  1.0920526e+02   1.0303374
5.1840000e-04  1.0000000e-02   1.0349552
5.1840000e-04  1.2000000e-02   1.0587477
5.1840000e-04  1.4400000e-02   1.0825799
5.1840000e-04  1.7280000e-02   1.1046632
5.1840000e-04  2.0736000e-02   1.1218788
5.1840000e-04  2.4883200e-02   1.1293929
5.1840000e-04  2.9859840e-02   1.1299873
5.1840000e-04  3.5831808e-02   1.1218546
5.1840000e-04  4.2998170e-02   1.1055656
5.1840000e-04  5.1597804e-02   1.0774496
5.1840000e-04  6.1917364e-02   1.0457498
5.1840000e-04  7.4300837e-02   1.0340246
5.1840000e-04  8.9161004e-02   1.0434151
5.1840000e-04  1.0699321e-01   1.0626037
5.1840000e-04  1.2839185e-01   1.0607001
5.1840000e-04  1.5407022e-01   1.0483890
5.1840000e-04  1.8488426e-01   1.0556600
5.1840000e-04  2.2186111e-01   1.0483644
5.1840000e-04  2.6623333e-01   1.0562020
5.1840000e-04  3.1948000e-01   1.0516672
5.1840000e-04  3.8337600e-01   1.0460709
5.1840000e-04  4.6005120e-01   1.0493479
5.1840000e-04  5.5206144e-01   1.0560547
5.1840000e-04  6.6247373e-01   1.0445241
5.1840000e-04  7.9496847e-01   1.0526022
5.1840000e-04  9.5396217e-01   1.0547905
5.1840000e-04  1.1447546e+00   1.0449147
5.1840000e-04  1.3737055e+00   1.0562580
5.1840000e-04  1.6484466e+00   1.0529671
5.1840000e-04  1.9781359e+00   1.0547386
5.1840000e-04  2.3737631e+00   1.0499866
5.1840000e-04  2.8485158e+00   1.0506438
5.1840000e-04  3.4182189e+00   1.0487382
5.1840000e-04  4.1018627e+00   1.0486305
5.1840000e-04  4.9222352e+00   1.0491359
5.1840000e-04  5.9066823e+00   1.0489301
5.1840000e-04  7.0880187e+00   1.0489694
5.1840000e-04  8.5056225e+00   1.0489477
5.1840000e-04  1.0206747e+01   1.0489337
5.1840000e-04  1.2248096e+01   1.0489229
5.1840000e-04  1.4697716e+01   1.0489139
5.1840000e-04  1.7637259e+01   1.0489064
5.1840000e-04  2.1164711e+01   1.0489002
5.1840000e-04  2.5397653e+01   1.0488950
5.1840000e-04  3.0477183e+01   1.0488907
5.1840000e-04  3.6572620e+01   1.0488871
5.1840000e-04  4.3887144e+01   1.0488841
5.1840000e-04  5.2664573e+01   1.0488815
5.1840000e-04  6.3197487e+01   1.0488795
5.1840000e-04  7.5836985e+01   1.0488777
5.1840000e-04  9.1004382e+01   1.0488763
5.1840000e-04  1.0920526e+02   1.0488751
6.2208000e-04  1.0000000e-02   1.0544479
6.2208000e-04  1.2000000e-02   1.0831871
6.2208000e-04  1.4400000e-02   1.1120103
6.2208000e-04  1.7280000e-02   1.1387490
6.2208000e-04  2.0736000e-02   1.1596133
6.2208000e-04  2.4883200e-02   1.1687249
6.2208000e-04  2.9859840e-02   1.1694457
6.2208000e-04  3.5831808e-02   1.1595834
6.2208000e-04  4.2998170e-02   1.1398415
6.2208000e-04  5.1597804e-02   1.1058018
6.2208000e-04  6.1917364e-02   1.0674818
6.2208000e-04  7.4300837e-02   1.0533248
6.2208000e-04  8.9161004e-02   1.0646632
6.2208000e-04  1.0699321e-01   1.0878492
6.2208000e-04  1.2839185e-01   1.0855476
6.2208000e-04  1.5407022e-01   1.0706708
6.2208000e-04  1.8488426e-01   1.0794561
6.2208000e-04  2.2186111e-01   1.0706412
6.2208000e-04  2.6623333e-01   1.0801112
6.2208000e-04  3.1948000e-01   1.0746316
6.2208000e-04  3.8337600e-01   1.0678710
6.2208000e-04  4.6005120e-01   1.0718295
6.2208000e-04  5.5206144e-01   1.0799333
6.2208000e-04  6.6247373e-01   1.0660026
6.2208000e-04  7.9496847e-01   1.0757612
6.2208000e-04  9.5396217e-01   1.0784055
6.2208000e-04  1.1447546e+00   1.0664743
6.2208000e-04  1.3737055e+00   1.0801791
6.2208000e-04  1.6484466e+00   1.0762024
6.2208000e-04  1.9781359e+00   1.0783428
6.2208000e-04  2.3737631e+00   1.0726013
6.2208000e-04  2.8485158e+00   1.0733952
6.2208000e-04  3.4182189e+00   1.0710929
6.2208000e-04  4.1018627e+00   1.0709628
6.2208000e-04  4.9222352e+00   1.0715734
6.2208000e-04  5.9066823e+00   1.0713247
6.2208000e-04  7.0880187e+00   1.0713722
6.2208000e-04  8.5056225e+00   1.0713461
6.2208000e-04  1.0206747e+01   1.0713291
6.2208000e-04  1.2248096e+01   1.0713161
6.2208000e-04  1.4697716e+01   1.0713052
6.2208000e-04  1.7637259e+01   1.0712962
6.2208000e-04  2.1164711e+01   1.0712887
6.2208000e-04  2.5397653e+01   1.0712824
6.2208000e-04  3.0477183e+01   1.0712772
6.2208000e-04  3.6572620e+01   1.0712728
6.2208000e-04  4.3887144e+01   1.0712692
6.2208000e-04  5.2664573e+01   1.0712661
6.2208000e-04  6.3197487e+01   1.0712636
6.2208000e-04  7.5836985e+01   1.0712615
6.2208000e-04  9.1004382e+01   1.0712598
6.2208000e-04  1.0920526e+02   1.0712583
7.4649600e-04  1.0000000e-02   1.0779906
7.4649600e-04  1.2000000e-02   1.1127451
7.4649600e-04  1.4400000e-02   1.1476511
7.4649600e-04  1.7280000e-02   1.1800748
7.4649600e-04  2.0736000e-02   1.2054019
7.4649600e-04  2.4883200e-02   1.2164694
7.4649600e-04  2.9859840e-02   1.2173449
7.4649600e-04  3.5831808e-02   1.2053650
7.4649600e-04  4.2998170e-02   1.1813994
7.4649600e-04  5.1597804e-02   1.1401270
7.4649600e-04  6.1917364e-02   1.0937455
7.4649600e-04  7.4300837e-02   1.0766337
7.4649600e-04  8.9161004e-02   1.0903392
7.4649600e-04  1.0699321e-01   1.1183890
7.4649600e-04  1.2839185e-01   1.1156026
7.4649600e-04  1.5407022e-01   1.0976036
7.4649600e-04  1.8488426e-01   1.1082314
7.4649600e-04  2.2186111e-01   1.0975679
7.4649600e-04  2.6623333e-01   1.1090240
7.4649600e-04  3.1948000e-01   1.1023949
7.4649600e-04  3.8337600e-01   1.0942180
7.4649600e-04  4.6005120e-01   1.0990055
7.4649600e-04  5.5206144e-01   1.1088090
7.4649600e-04  6.6247373e-01   1.0919586
7.4649600e-04  7.9496847e-01   1.1037612
7.4649600e-04  9.5396217e-01   1.1069603
7.4649600e-04  1.1447546e+00   1.0925290
7.4649600e-04  1.3737055e+00   1.1091065
7.4649600e-04  1.6484466e+00   1.1042952
7.4649600e-04  1.9781359e+00   1.1068845
7.4649600e-04  2.3737631e+00   1.0999390
7.4649600e-04  2.8485158e+00   1.1008992
7.4649600e-04  3.4182189e+00   1.0981146
7.4649600e-04  4.1018627e+00   1.0979571
7.4649600e-04  4.9222352e+00   1.0986956
7.4649600e-04  5.9066823e+00   1.0983949
7.4649600e-04  7.0880187e+00   1.0984523
7.4649600e-04  8.5056225e+00   1.0984207
7.4649600e-04  1.0206747e+01   1.0984002
7.4649600e-04  1.2248096e+01   1.0983844
7.4649600e-04  1.4697716e+01   1.0983713
7.4649600e-04  1.7637259e+01   1.0983604
7.4649600e-04  2.1164711e+01   1.0983513
7.4649600e-04  2.5397653e+01   1.0983437
7.4649600e-04  3.0477183e+01   1.0983374
7.4649600e-04  3.6572620e+01   1.0983321
7.4649600e-04  4.3887144e+01   1.0983277
7.4649600e-04  5.2664573e+01   1.0983240
7.4649600e-04  6.3197487e+01   1.0983210
7.4649600e-04  7.5836985e+01   1.0983184
7.4649600e-04  9.1004382e+01   1.0983163
7.4649600e-04  1.0920526e+02   1.0983146
8.9579520e-04  1.0000000e-02   1.1064569
8.9579520e-04  1.2000000e-02   1.1485414
8.9579520e-04  1.4400000e-02   1.1908783
8.9579520e-04  1.7280000e-02   1.2302619
8.9579520e-04  2.0736000e-02   1.2610616
8.9579520e-04  2.4883200e-02   1.2745299
8.9579520e-04  2.9859840e-02   1.2755953
8.9579520e-04  3.5831808e-02   1.2610158
8.9579520e-04  4.2998170e-02   1.2318703
8.9579520e-04  5.1597804e-02   1.1817450
8.9579520e-04  6.1917364e-02   1.1255248
8.9579520e-04  7.4300837e-02   1.1048158
8.9579520e-04  8.9161004e-02   1.1214033
8.9579520e-04  1.0699321e-01   1.1553841
8.9579520e-04  1.2839185e-01   1.1520059
8.9579520e-04  1.5407022e-01   1.1301991
8.9579520e-04  1.8488426e-01   1.1430735
8.9579520e-04  2.2186111e-01   1.1301560
8.9579520e-04  2.6623333e-01   1.1440338
8.9579520e-04  3.1948000e-01   1.1360029
8.9579520e-04  3.8337600e-01   1.1260998
8.9579520e-04  4.6005120e-01   1.1318974
8.9579520e-04  5.5206144e-01   1.1437736
8.9579520e-04  6.6247373e-01   1.1233639
8.9579520e-04  7.9496847e-01   1.1376576
8.9579520e-04  9.5396217e-01   1.1415334
8.9579520e-04  1.1447546e+00   1.1240545
8.9579520e-04  1.3737055e+00   1.1441343
8.9579520e-04  1.6484466e+00   1.1383052
8.9579520e-04  1.9781359e+00   1.1414418
8.9579520e-04  2.3737631e+00   1.1330283
8.9579520e-04  2.8485158e+00   1.1341912
8.9579520e-04  3.4182189e+00   1.1308185
8.9579520e-04  4.1018627e+00   1.1306278
8.9579520e-04  4.9222352e+00   1.1315222
8.9579520e-04  5.9066823e+00   1.1311580
8.9579520e-04  7.0880187e+00   1.1312275
8.9579520e-04  8.5056225e+00   1.1311893
8.9579520e-04  1.0206747e+01   1.1311644
8.9579520e-04  1.2248096e+01   1.1311453
8.9579520e-04  1.4697716e+01   1.1311294
8.9579520e-04  1.7637259e+01   1.1311162
8.9579520e-04  2.1164711e+01   1.1311052
8.9579520e-04  2.5397653e+01   1.1310960
8.9579520e-04  3.0477183e+01   1.1310883
8.9579520e-04  3.6572620e+01   1.1310819
8.9579520e-04  4.3887144e+01   1.1310766
8.9579520e-04  5.2664573e+01   1.1310722
8.9579520e-04  6.3197487e+01   1.1310685
8.9579520e-04  7.5836985e+01   1.1310654
8.9579520e-04  9.1004382e+01   1.1310628
8.9579520e-04  1.0920526e+02   1.1310607
1.0749542e-03  1.0000000e-02   1.1409217
1.0749542e-03  1.2000000e-02   1.1919588
1.0749542e-03  1.4400000e-02   1.2433958
1.0749542e-03  1.7280000e-02   1.2913228
1.0749542e-03  2.0736000e-02   1.3288521
1.0749542e-03  2.4883200e-02   1.3452755
1.0749542e-03  2.9859840e-02   1.3465744
1.0749542e-03  3.5831808e-02   1.3287948
1.0749542e-03  4.2998170e-02   1.2932793
1.0749542e-03  5.1597804e-02   1.2322892
1.0749542e-03  6.1917364e-02   1.1640322
1.0749542e-03  7.4300837e-02   1.1389339
1.0749542e-03  8.9161004e-02   1.1590386
1.0749542e-03  1.0699321e-01   1.2002687
1.0749542e-03  1.2839185e-01   1.1961660
1.0749542e-03  1.5407022e-01   1.1697043
1.0749542e-03  1.8488426e-01   1.1853245
1.0749542e-03  2.2186111e-01   1.1696524
1.0749542e-03  2.6623333e-01   1.1864900
1.0749542e-03  3.1948000e-01   1.1767457
1.0749542e-03  3.8337600e-01   1.1647336
1.0749542e-03  4.6005120e-01   1.1717652
1.0749542e-03  5.5206144e-01   1.1861746
1.0749542e-03  6.6247373e-01   1.1614158
1.0749542e-03  7.9496847e-01   1.1787528
1.0749542e-03  9.5396217e-01   1.1834558
1.0749542e-03  1.1447546e+00   1.1622530
1.0749542e-03  1.3737055e+00   1.1866127
1.0749542e-03  1.6484466e+00   1.1795394
1.0749542e-03  1.9781359e+00   1.1833447
1.0749542e-03  2.3737631e+00   1.1731372
1.0749542e-03  2.8485158e+00   1.1745478
1.0749542e-03  3.4182189e+00   1.1704565
1.0749542e-03  4.1018627e+00   1.1702252
1.0749542e-03  4.9222352e+00   1.1713100
1.0749542e-03  5.9066823e+00   1.1708683
1.0749542e-03  7.0880187e+00   1.1709526
1.0749542e-03  8.5056225e+00   1.1709062
1.0749542e-03  1.0206747e+01   1.1708761
1.0749542e-03  1.2248096e+01   1.1708530
1.0749542e-03  1.4697716e+01   1.1708337
1.0749542e-03  1.7637259e+01   1.1708176
1.0749542e-03  2.1164711e+01   1.1708042
1.0749542e-03  2.5397653e+01   1.1707931
1.0749542e-03  3.0477183e+01   1.1707838
1.0749542e-03  3.6572620e+01   1.1707760
1.0749542e-03  4.3887144e+01   1.1707696
1.0749542e-03  5.2664573e+01   1.1707642
1.0749542e-03  6.3197487e+01   1.1707597
1.0749542e-03  7.5836985e+01   1.1707560
1.0749542e-03  9.1004382e+01   1.1707529
1.0749542e-03  1.0920526e+02   1.1707503
1.2899451e-03  1.0000000e-02   1.1827106
1.2899451e-03  1.2000000e-02   1.2447095
1.2899451e-03  1.4400000e-02   1.3073212
1.2899451e-03  1.7280000e-02   1.3657642
1.2899451e-03  2.0736000e-02   1.4115919
1.2899451e-03  2.4883200e-02   1.4316629
1.2899451e-03  2.9859840e-02   1.4332500
1.2899451e-03  3.5831808e-02   1.4115198
1.2899451e-03  4.2998170e-02   1.3681486
1.2899451e-03  5.1597804e-02   1.2937877
1.2899451e-03  6.1917364e-02   1.2107662
1.2899451e-03  7.4300837e-02   1.1802995
1.2899451e-03  8.9161004e-02   1.2047067
1.2899451e-03  1.0699321e-01   1.2548204
1.2899451e-03  1.2839185e-01   1.2498285
1.2899451e-03  1.5407022e-01   1.2176616
1.2899451e-03  1.8488426e-01   1.2366464
1.2899451e-03  2.2186111e-01   1.2175990
1.2899451e-03  2.6623333e-01   1.2380633
1.2899451e-03  3.1948000e-01   1.2262194
1.2899451e-03  3.8337600e-01   1.2116241
1.2899451e-03  4.6005120e-01   1.2201670
1.2899451e-03  5.5206144e-01   1.2376805
1.2899451e-03  6.6247373e-01   1.2075937
1.2899451e-03  7.9496847e-01   1.2286581
1.2899451e-03  9.5396217e-01   1.2343749
1.2899451e-03  1.1447546e+00   1.2086105
1.2899451e-03  1.3737055e+00   1.2382136
1.2899451e-03  1.6484466e+00   1.2296155
1.2899451e-03  1.9781359e+00   1.2342400
1.2899451e-03  2.3737631e+00   1.2218344
1.2899451e-03  2.8485158e+00   1.2235484
1.2899451e-03  3.4182189e+00   1.2185769
1.2899451e-03  4.1018627e+00   1.2182957
1.2899451e-03  4.9222352e+00   1.2196139
1.2899451e-03  5.9066823e+00   1.2190772
1.2899451e-03  7.0880187e+00   1.2191797
1.2899451e-03  8.5056225e+00   1.2191233
1.2899451e-03  1.0206747e+01   1.2190867
1.2899451e-03  1.2248096e+01   1.2190585
1.2899451e-03  1.4697716e+01   1.2190351
1.2899451e-03  1.7637259e+01   1.2190156
1.2899451e-03  2.1164711e+01   1.2189994
1.2899451e-03  2.5397653e+01   1.2189858
1.2899451e-03  3.0477183e+01   1.2189745
1.2899451e-03  3.6572620e+01   1.2189651
1.2899451e-03  4.3887144e+01   1.2189573
1.2899451e-03  5.2664573e+01   1.2189507
1.2899451e-03  6.3197487e+01   1.2189453
1.2899451e-03  7.5836985e+01   1.2189408
1.2899451e-03  9.1004382e+01   1.2189370
1.2899451e-03  1.0920526e+02   1.2189338
1.5479341e-03  1.0000000e-02   1.2334649
1.5479341e-03  1.2000000e-02   1.3089215
1.5479341e-03  1.4400000e-02   1.3852933
1.5479341e-03  1.7280000e-02   1.4567169
1.5479341e-03  2.0736000e-02   1.5128060
1.5479341e-03  2.4883200e-02   1.5373917
1.5479341e-03  2.9859840e-02   1.5393354
1.5479341e-03  3.5831808e-02   1.5127147
1.5479341e-03  4.2998170e-02   1.4596286
1.5479341e-03  5.1597804e-02   1.3687665
1.5479341e-03  6.1917364e-02   1.2675850
1.5479341e-03  7.4300837e-02   1.2305352
1.5479341e-03  8.9161004e-02   1.2602197
1.5479341e-03  1.0699321e-01   1.3212492
1.5479341e-03  1.2839185e-01   1.3151628
1.5479341e-03  1.5407022e-01   1.2759846
1.5479341e-03  1.8488426e-01   1.2991033
1.5479341e-03  2.2186111e-01   1.2759091
1.5479341e-03  2.6623333e-01   1.3008292
1.5479341e-03  3.1948000e-01   1.2864056
1.5479341e-03  3.8337600e-01   1.2686378
1.5479341e-03  4.6005120e-01   1.2790364
1.5479341e-03  5.5206144e-01   1.3003639
1.5479341e-03  6.6247373e-01   1.2637325
1.5479341e-03  7.9496847e-01   1.2893741
1.5479341e-03  9.5396217e-01   1.2963369
1.5479341e-03  1.1447546e+00   1.2649696
1.5479341e-03  1.3737055e+00   1.3010140
1.5479341e-03  1.6484466e+00   1.2905420
1.5479341e-03  1.9781359e+00   1.2961728
1.5479341e-03  2.3737631e+00   1.2810668
1.5479341e-03  2.8485158e+00   1.2831534
1.5479341e-03  3.4182189e+00   1.2771007
1.5479341e-03  4.1018627e+00   1.2767583
1.5479341e-03  4.9222352e+00   1.2783630
1.5479341e-03  5.9066823e+00   1.2777096
1.5479341e-03  7.0880187e+00   1.2778344
1.5479341e-03  8.5056225e+00   1.2777658
1.5479341e-03  1.0206747e+01   1.2777213
1.5479341e-03  1.2248096e+01   1.2776870
1.5479341e-03  1.4697716e+01   1.2776585
1.5479341e-03  1.7637259e+01   1.2776347
1.5479341e-03  2.1164711e+01   1.2776149
1.5479341e-03  2.5397653e+01   1.2775984
1.5479341e-03  3.0477183e+01   1.2775847
1.5479341e-03  3.6572620e+01   1.2775732
1.5479341e-03  4.3887144e+01   1.2775637
1.5479341e-03  5.2664573e+01   1.2775557
1.5479341e-03  6.3197487e+01   1.2775491
1.5479341e-03  7.5836985e+01   1.2775436
1.5479341e-03  9.1004382e+01   1.2775390
1.5479341e-03  1.0920526e+02   1.2775352
1.8575209e-03  1.0000000e-02   1.2952225
1.8575209e-03  1.2000000e-02   1.3872467
1.8575209e-03  1.4400000e-02   1.4806098
1.8575209e-03  1.7280000e-02   1.5681005
1.8575209e-03  2.0736000e-02   1.6369120
1.8575209e-03  2.4883200e-02   1.6671000
1.8575209e-03  2.9859840e-02   1.6694858
1.8575209e-03  3.5831808e-02   1.6367955
1.8575209e-03  4.2998170e-02   1.5716632
1.8575209e-03  5.1597804e-02   1.4603805
1.8575209e-03  6.1917364e-02   1.3368003
1.8575209e-03  7.4300837e-02   1.2916560
1.8575209e-03  8.9161004e-02   1.3278315
1.8575209e-03  1.0699321e-01   1.4023112
1.8575209e-03  1.2839185e-01   1.3948737
1.8575209e-03  1.5407022e-01   1.3470548
1.8575209e-03  1.8488426e-01   1.3752671
1.8575209e-03  2.2186111e-01   1.3469637
1.8575209e-03  2.6623333e-01   1.3773739
1.8575209e-03  3.1948000e-01   1.3597717
1.8575209e-03  3.8337600e-01   1.3380968
1.8575209e-03  4.6005120e-01   1.3507804
1.8575209e-03  5.5206144e-01   1.3768073
1.8575209e-03  6.6247373e-01   1.3321144
1.8575209e-03  7.9496847e-01   1.3633926
1.8575209e-03  9.5396217e-01   1.3718909
1.8575209e-03  1.1447546e+00   1.3336226
1.8575209e-03  1.3737055e+00   1.3776019
1.8575209e-03  1.6484466e+00   1.3648206
1.8575209e-03  1.9781359e+00   1.3716910
1.8575209e-03  2.3737631e+00   1.3532582
1.8575209e-03  2.8485158e+00   1.3558035
1.8575209e-03  3.4182189e+00   1.3484192
1.8575209e-03  4.1018627e+00   1.3480013
1.8575209e-03  4.9222352e+00   1.3499589
1.8575209e-03  5.9066823e+00   1.3491618
1.8575209e-03  7.0880187e+00   1.3493141
1.8575209e-03  8.5056225e+00   1.3492304
1.8575209e-03  1.0206747e+01   1.3491761
1.8575209e-03  1.2248096e+01   1.3491343
1.8575209e-03  1.4697716e+01   1.3490995
1.8575209e-03  1.7637259e+01   1.3490706
1.8575209e-03  2.1164711e+01   1.3490464
1.8575209e-03  2.5397653e+01   1.3490263
1.8575209e-03  3.0477183e+01   1.3490095
1.8575209e-03  3.6572620e+01   1.3489956
1.8575209e-03  4.3887144e+01   1.3489839
1.8575209e-03  5.2664573e+01   1.3489742
1.8575209e-03  6.3197487e+01   1.3489661
1.8575209e-03  7.5836985e+01   1.3489594
1.8575209e-03  9.1004382e+01   1.3489538
1.8575209e-03  1.0920526e+02   1.3489491
2.2290251e-03  1.0000000e-02   1.3705219
2.2290251e-03  1.2000000e-02   1.4829998
2.2290251e-03  1.4400000e-02   1.5974016
2.2290251e-03  1.7280000e-02   1.7048308
2.2290251e-03  2.0736000e-02   1.7894538
2.2290251e-03  2.4883200e-02   1.8266095
2.2290251e-03  2.9859840e-02   1.8295446
2.2290251e-03  3.5831808e-02   1.7893039
2.2290251e-03  4.2998170e-02   1.7091987
2.2290251e-03  5.1597804e-02   1.5725794
2.2290251e-03  6.1917364e-02   1.4212958
2.2290251e-03  7.4300837e-02   1.3661714
2.2290251e-03  8.9161004e-02   1.4103533
2.2290251e-03  1.0699321e-01   1.5014529
2.2290251e-03  1.2839185e-01   1.4923425
2.2290251e-03  1.5407022e-01   1.4338453
2.2290251e-03  1.8488426e-01   1.4683513
2.2290251e-03  2.2186111e-01   1.4337354
2.2290251e-03  2.6623333e-01   1.4709290
2.2290251e-03  3.1948000e-01   1.4493995
2.2290251e-03  3.8337600e-01   1.4228991
2.2290251e-03  4.6005120e-01   1.4384044
2.2290251e-03  5.5206144e-01   1.4702376
2.2290251e-03  6.6247373e-01   1.4155865
2.2290251e-03  7.9496847e-01   1.4538257
2.2290251e-03  9.5396217e-01   1.4642217
2.2290251e-03  1.1447546e+00   1.4174293
2.2290251e-03  1.3737055e+00   1.4712114
2.2290251e-03  1.6484466e+00   1.4555764
2.2290251e-03  1.9781359e+00   1.4639777
2.2290251e-03  2.3737631e+00   1.4414351
2.2290251e-03  2.8485158e+00   1.4445469
2.2290251e-03  3.4182189e+00   1.4355177
2.2290251e-03  4.1018627e+00   1.4350065
2.2290251e-03  4.9222352e+00   1.4374000
2.2290251e-03  5.9066823e+00   1.4364254
2.2290251e-03  7.0880187e+00   1.4366116
2.2290251e-03  8.5056225e+00   1.4365093
2.2290251e-03  1.0206747e+01   1.4364429
2.2290251e-03  1.2248096e+01   1.4363918
2.2290251e-03  1.4697716e+01   1.4363493
2.2290251e-03  1.7637259e+01   1.4363139
2.2290251e-03  2.1164711e+01   1.4362844
2.2290251e-03  2.5397653e+01   1.4362598
2.2290251e-03  3.0477183e+01   1.4362393
2.2290251e-03  3.6572620e+01   1.4362222
2.2290251e-03  4.3887144e+01   1.4362080
2.2290251e-03  5.2664573e+01   1.4361961
2.2290251e-03  6.3197487e+01   1.4361863
2.2290251e-03  7.5836985e+01   1.4361780
2.2290251e-03  9.1004382e+01   1.4361712
2.2290251e-03  1.0920526e+02   1.4361654
2.6748301e-03  1.0000000e-02   1.4625340
2.6748301e-03  1.2000000e-02   1.6003323
2.6748301e-03  1.4400000e-02   1.7408507
2.6748301e-03  1.7280000e-02   1.8730790
2.6748301e-03  2.0736000e-02   1.9773921
2.6748301e-03  2.4883200e-02   2.0232293
2.6748301e-03  2.9859840e-02   2.0268480
2.6748301e-03  3.5831808e-02   1.9771976
2.6748301e-03  4.2998170e-02   1.8784442
2.6748301e-03  5.1597804e-02   1.7103164
2.6748301e-03  6.1917364e-02   1.5246789
2.6748301e-03  7.4300837e-02   1.4572159
2.6748301e-03  8.9161004e-02   1.5113016
2.6748301e-03  1.0699321e-01   1.6229934
2.6748301e-03  1.2839185e-01   1.6118060
2.6748301e-03  1.5407022e-01   1.5400767
2.6748301e-03  1.8488426e-01   1.5823806
2.6748301e-03  2.2186111e-01   1.5399442
2.6748301e-03  2.6623333e-01   1.5855417
2.6748301e-03  3.1948000e-01   1.5591471
2.6748301e-03  3.8337600e-01   1.5266704
2.6748301e-03  4.6005120e-01   1.5456697
2.6748301e-03  5.5206144e-01   1.5846968
2.6748301e-03  6.6247373e-01   1.5177109
2.6748301e-03  7.9496847e-01   1.5645700
2.6748301e-03  9.5396217e-01   1.5773177
2.6748301e-03  1.1447546e+00   1.5199677
2.6748301e-03  1.3737055e+00   1.5858933
2.6748301e-03  1.6484466e+00   1.5667224
2.6748301e-03  1.9781359e+00   1.5770192
2.6748301e-03  2.3737631e+00   1.5493857
2.6748301e-03  2.8485158e+00   1.5531988
2.6748301e-03  3.4182189e+00   1.5421323
2.6748301e-03  4.1018627e+00   1.5415054
2.6748301e-03  4.9222352e+00   1.5444387
2.6748301e-03  5.9066823e+00   1.5432444
2.6748301e-03  7.0880187e+00   1.5434726
2.6748301e-03  8.5056225e+00   1.5433472
2.6748301e-03  1.0206747e+01   1.5432659
2.6748301e-03  1.2248096e+01   1.5432033
2.6748301e-03  1.4697716e+01   1.5431512
2.6748301e-03  1.7637259e+01   1.5431078
2.6748301e-03  2.1164711e+01   1.5430717
2.6748301e-03  2.5397653e+01   1.5430415
2.6748301e-03  3.0477183e+01   1.5430164
2.6748301e-03  3.6572620e+01   1.5429955
2.6748301e-03  4.3887144e+01   1.5429781
2.6748301e-03  5.2664573e+01   1.5429636
2.6748301e-03  6.3197487e+01   1.5429515
2.6748301e-03  7.5836985e+01   1.5429414
2.6748301e-03  9.1004382e+01   1.5429330
2.6748301e-03  1.0920526e+02   1.5429260
3.2097962e-03  1.0000000e-02   1.5752290
3.2097962e-03  1.2000000e-02   1.7444529
3.2097962e-03  1.4400000e-02   1.9174632
3.2097962e-03  1.7280000e-02   2.0805929
3.2097962e-03  2.0736000e-02   2.2094624
3.2097962e-03  2.4883200e-02   2.2661299
3.2097962e-03  2.9859840e-02   2.2705998
3.2097962e-03  3.5831808e-02   2.2092077
3.2097962e-03  4.2998170e-02   2.0871940
3.2097962e-03  5.1597804e-02   1.8798089
3.2097962e-03  6.1917364e-02   1.6514705
3.2097962e-03  7.4300837e-02   1.5687135
3.2097962e-03  8.9161004e-02   1.6350835
3.2097962e-03  1.0699321e-01   1.7723530
3.2097962e-03  1.2839185e-01   1.7585802
3.2097962e-03  1.5407022e-01   1.6704138
3.2097962e-03  1.8488426e-01   1.7224038
3.2097962e-03  2.2186111e-01   1.6702542
3.2097962e-03  2.6623333e-01   1.7262899
3.2097962e-03  3.1948000e-01   1.6938534
3.2097962e-03  3.8337600e-01   1.6539565
3.2097962e-03  4.6005120e-01   1.6772933
3.2097962e-03  5.5206144e-01   1.7252555
3.2097962e-03  6.6247373e-01   1.6429521
3.2097962e-03  7.9496847e-01   1.7005126
3.2097962e-03  9.5396217e-01   1.7161820
3.2097962e-03  1.1447546e+00   1.6457223
3.2097962e-03  1.3737055e+00   1.7267298
3.2097962e-03  1.6484466e+00   1.7031668
3.2097962e-03  1.9781359e+00   1.7158162
3.2097962e-03  2.3737631e+00   1.6818609
3.2097962e-03  2.8485158e+00   1.6865446
3.2097962e-03  3.4182189e+00   1.6729481
3.2097962e-03  4.1018627e+00   1.6721775
3.2097962e-03  4.9222352e+00   1.6757811
3.2097962e-03  5.9066823e+00   1.6743138
3.2097962e-03  7.0880187e+00   1.6745943
3.2097962e-03  8.5056225e+00   1.6744403
3.2097962e-03  1.0206747e+01   1.6743404
3.2097962e-03  1.2248096e+01   1.6742635
3.2097962e-03  1.4697716e+01   1.6741996
3.2097962e-03  1.7637259e+01   1.6741463
3.2097962e-03  2.1164711e+01   1.6741019
3.2097962e-03  2.5397653e+01   1.6740649
3.2097962e-03  3.0477183e+01   1.6740340
3.2097962e-03  3.6572620e+01   1.6740084
3.2097962e-03  4.3887144e+01   1.6739869
3.2097962e-03  5.2664573e+01   1.6739691
3.2097962e-03  6.3197487e+01   1.6739542
3.2097962e-03  7.5836985e+01   1.6739419
3.2097962e-03  9.1004382e+01   1.6739315
3.2097962e-03  1.0920526e+02   1.6739229
3.8517554e-03  1.0000000e-02   1.7135864
3.8517554e-03  1.2000000e-02   1.9219008
3.8517554e-03  1.4400000e-02   2.1354060
3.8517554e-03  1.7280000e-02   2.3370897
3.8517554e-03  2.0736000e-02   2.4966105
3.8517554e-03  2.4883200e-02   2.5667965
3.8517554e-03  2.9859840e-02   2.5723267
3.8517554e-03  3.5831808e-02   2.4962737
3.8517554e-03  4.2998170e-02   2.3452221
3.8517554e-03  5.1597804e-02   2.0888607
3.8517554e-03  6.1917364e-02   1.8073436
3.8517554e-03  7.4300837e-02   1.7055860
3.8517554e-03  8.9161004e-02   1.7872308
3.8517554e-03  1.0699321e-01   1.9563386
3.8517554e-03  1.2839185e-01   1.9393403
3.8517554e-03  1.5407022e-01   1.8307130
3.8517554e-03  1.8488426e-01   1.8947608
3.8517554e-03  2.2186111e-01   1.8305212
3.8517554e-03  2.6623333e-01   1.8995493
3.8517554e-03  3.1948000e-01   1.8595945
3.8517554e-03  3.8337600e-01   1.8104636
3.8517554e-03  4.6005120e-01   1.8391975
3.8517554e-03  5.5206144e-01   1.8982811
3.8517554e-03  6.6247373e-01   1.7969141
3.8517554e-03  7.9496847e-01   1.8677902
3.8517554e-03  9.5396217e-01   1.8870971
3.8517554e-03  1.1447546e+00   1.8003228
3.8517554e-03  1.3737055e+00   1.9001027
3.8517554e-03  1.6484466e+00   1.8710730
3.8517554e-03  1.9781359e+00   1.8866481
3.8517554e-03  2.3737631e+00   1.8448258
3.8517554e-03  2.8485158e+00   1.8505924
3.8517554e-03  3.4182189e+00   1.8338472
3.8517554e-03  4.1018627e+00   1.8328973
3.8517554e-03  4.9222352e+00   1.8373351
3.8517554e-03  5.9066823e+00   1.8355283
3.8517554e-03  7.0880187e+00   1.8358738
3.8517554e-03  8.5056225e+00   1.8356842
3.8517554e-03  1.0206747e+01   1.8355613
3.8517554e-03  1.2248096e+01   1.8354666
3.8517554e-03  1.4697716e+01   1.8353879
3.8517554e-03  1.7637259e+01   1.8353223
3.8517554e-03  2.1164711e+01   1.8352676
3.8517554e-03  2.5397653e+01   1.8352221
3.8517554e-03  3.0477183e+01   1.8351841
3.8517554e-03  3.6572620e+01   1.8351525
3.8517554e-03  4.3887144e+01   1.8351261
3.8517554e-03  5.2664573e+01   1.8351042
3.8517554e-03  6.3197487e+01   1.8350859
3.8517554e-03  7.5836985e+01   1.8350706
3.8517554e-03  9.1004382e+01   1.8350579
3.8517554e-03  1.0920526e+02   1.8350473
4.6221065e-03  1.0000000e-02   1.8838573
4.6221065e-03  1.2000000e-02   2.1408843
4.6221065e-03  1.4400000e-02   2.4049182
4.6221065e-03  1.7280000e-02   2.6547324
4.6221065e-03  2.0736000e-02   2.8525162
4.6221065e-03  2.4883200e-02   2.9395732
4.6221065e-03  2.9859840e-02   2.9464231
4.6221065e-03  3.5831808e-02   2.8520667
4.6221065e-03  4.2998170e-02   2.6647597
4.6221065e-03  5.1597804e-02   2.3472570
4.6221065e-03  6.1917364e-02   1.9994199
4.6221065e-03  7.4300837e-02   1.8740121
4.6221065e-03  8.9161004e-02   1.9746902
4.6221065e-03  1.0699321e-01   2.1834952
4.6221065e-03  1.2839185e-01   2.1624661
4.6221065e-03  1.5407022e-01   2.0283281
4.6221065e-03  1.8488426e-01   2.1074118
4.6221065e-03  2.2186111e-01   2.0280982
4.6221065e-03  2.6623333e-01   2.1133256
4.6221065e-03  3.1948000e-01   2.0640003
4.6221065e-03  3.8337600e-01   2.0033579
4.6221065e-03  4.6005120e-01   2.0388193
4.6221065e-03  5.5206144e-01   2.1117688
4.6221065e-03  6.6247373e-01   1.9866348
4.6221065e-03  7.9496847e-01   2.0741083
4.6221065e-03  9.5396217e-01   2.0979515
4.6221065e-03  1.1447546e+00   1.9908386
4.6221065e-03  1.3737055e+00   2.1140259
4.6221065e-03  1.6484466e+00   2.0781811
4.6221065e-03  1.9781359e+00   2.0973996
4.6221065e-03  2.3737631e+00   2.0457716
4.6221065e-03  2.8485158e+00   2.0528872
4.6221065e-03  3.4182189e+00   2.0322164
4.6221065e-03  4.1018627e+00   2.0310428
4.6221065e-03  4.9222352e+00   2.0365205
4.6221065e-03  5.9066823e+00   2.0342904
4.6221065e-03  7.0880187e+00   2.0347170
4.6221065e-03  8.5056225e+00   2.0344831
4.6221065e-03  1.0206747e+01   2.0343314
4.6221065e-03  1.2248096e+01   2.0342146
4.6221065e-03  1.4697716e+01   2.0341175
4.6221065e-03  1.7637259e+01   2.0340365
4.6221065e-03  2.1164711e+01   2.0339691
4.6221065e-03  2.5397653e+01   2.0339129
4.6221065e-03  3.0477183e+01   2.0338660
4.6221065e-03  3.6572620e+01   2.0338270
4.6221065e-03  4.3887144e+01   2.0337945
4.6221065e-03  5.2664573e+01   2.0337674
4.6221065e-03  6.3197487e+01   2.0337448
4.6221065e-03  7.5836985e+01   2.0337260
4.6221065e-03  9.1004382e+01   2.0337103
4.6221065e-03  1.0920526e+02   2.0336973
5.5465278e-03  1.0000000e-02   2.0938890
5.5465278e-03  1.2000000e-02   2.4116936
5.5465278e-03  1.4400000e-02   2.7388078
5.5465278e-03  1.7280000e-02   3.0486982
5.5465278e-03  2.0736000e-02   3.2942160
5.5465278e-03  2.4883200e-02   3.4023069
5.5465278e-03  2.9859840e-02   3.4107968
5.5465278e-03  3.5831808e-02   3.2936106
5.5465278e-03  4.2998170e-02   3.0610651
5.5465278e-03  5.1597804e-02   2.6672412
5.5465278e-03  6.1917364e-02   2.2366335
5.5465278e-03  7.4300837e-02   2.0817490
5.5465278e-03  8.9161004e-02   2.2061820
5.5465278e-03  1.0699321e-01   2.4645352
5.5465278e-03  1.2839185e-01   2.4384628
5.5465278e-03  1.5407022e-01   2.2724871
5.5465278e-03  1.8488426e-01   2.3703416
5.5465278e-03  2.2186111e-01   2.2722130
5.5465278e-03  2.6623333e-01   2.3776597
5.5465278e-03  3.1948000e-01   2.3166447
5.5465278e-03  3.8337600e-01   2.2416341
5.5465278e-03  4.6005120e-01   2.2854919
5.5465278e-03  5.5206144e-01   2.3757472
5.5465278e-03  6.6247373e-01   2.2209478
5.5465278e-03  7.9496847e-01   2.3291342
5.5465278e-03  9.5396217e-01   2.3586408
5.5465278e-03  1.1447546e+00   2.2261431
5.5465278e-03  1.3737055e+00   2.3785512
5.5465278e-03  1.6484466e+00   2.3342024
5.5465278e-03  1.9781359e+00   2.3579617
5.5465278e-03  2.3737631e+00   2.2940990
5.5465278e-03  2.8485158e+00   2.3028970
5.5465278e-03  3.4182189e+00   2.2773260
5.5465278e-03  4.1018627e+00   2.2758725
5.5465278e-03  4.9222352e+00   2.2826484
5.5465278e-03  5.9066823e+00   2.2798900
5.5465278e-03  7.0880187e+00   2.2804179
5.5465278e-03  8.5056225e+00   2.2801286
5.5465278e-03  1.0206747e+01   2.2799411
5.5465278e-03  1.2248096e+01   2.2797967
5.5465278e-03  1.4697716e+01   2.2796766
5.5465278e-03  1.7637259e+01   2.2795765
5.5465278e-03  2.1164711e+01   2.2794931
5.5465278e-03  2.5397653e+01   2.2794237
5.5465278e-03  3.0477183e+01   2.2793658
5.5465278e-03  3.6572620e+01   2.2793175
5.5465278e-03  4.3887144e+01   2.2792773
5.5465278e-03  5.2664573e+01   2.2792438
5.5465278e-03  6.3197487e+01   2.2792159
5.5465278e-03  7.5836985e+01   2.2791926
5.5465278e-03  9.1004382e+01   2.2791733
5.5465278e-03  1.0920526e+02   2.2791571
6.6558333e-03  1.0000000e-02   2.3535220
6.6558333e-03  1.2000000e-02   2.7471998
6.6558333e-03  1.4400000e-02   3.1530430
6.6558333e-03  1.7280000e-02   3.5378512
6.6558333e-03  2.0736000e-02   3.8428327
6.6558333e-03  2.4883200e-02   3.9771025
6.6558333e-03  2.9859840e-02   3.9876253
6.6558333e-03  3.5831808e-02   3.8420099
6.6558333e-03  4.2998170e-02   3.5530960
6.6558333e-03  5.1597804e-02   3.0640842
6.6558333e-03  6.1917364e-02   2.5301735
6.6558333e-03  7.4300837e-02   2.3385261
6.6558333e-03  8.9161004e-02   2.4926362
6.6558333e-03  1.0699321e-01   2.8128550
6.6558333e-03  1.2839185e-01   2.7804699
6.6558333e-03  1.5407022e-01   2.5747493
6.6558333e-03  1.8488426e-01   2.6960473
6.6558333e-03  2.2186111e-01   2.5744251
6.6558333e-03  2.6623333e-01   2.7051182
6.6558333e-03  3.1948000e-01   2.6295173
6.6558333e-03  3.8337600e-01   2.5365636
6.6558333e-03  4.6005120e-01   2.5909066
6.6558333e-03  5.5206144e-01   2.7027686
6.6558333e-03  6.6247373e-01   2.5109242
6.6558333e-03  7.9496847e-01   2.6449729
6.6558333e-03  9.5396217e-01   2.6815524
6.6558333e-03  1.1447546e+00   2.5173565
6.6558333e-03  1.3737055e+00   2.7062605
6.6558333e-03  1.6484466e+00   2.6512976
6.6558333e-03  1.9781359e+00   2.6807162
6.6558333e-03  2.3737631e+00   2.6015836
6.6558333e-03  2.8485158e+00   2.6124801
6.6558333e-03  3.4182189e+00   2.5807896
6.6558333e-03  4.1018627e+00   2.5789857
6.6558333e-03  4.9222352e+00   2.5873830
6.6558333e-03  5.9066823e+00   2.5839648
6.6558333e-03  7.0880187e+00   2.5846192
6.6558333e-03  8.5056225e+00   2.5842609
6.6558333e-03  1.0206747e+01   2.5840287
6.6558333e-03  1.2248096e+01   2.5838499
6.6558333e-03  1.4697716e+01   2.5837011
6.6558333e-03  1.7637259e+01   2.5835772
6.6558333e-03  2.1164711e+01   2.5834739
6.6558333e-03  2.5397653e+01   2.5833879
6.6558333e-03  3.0477183e+01   2.5833162
6.6558333e-03  3.6572620e+01   2.5832564
6.6558333e-03  4.3887144e+01   2.5832066
6.6558333e-03  5.2664573e+01   2.5831652
6.6558333e-03  6.3197487e+01   2.5831306
6.6558333e-03  7.5836985e+01   2.5831018
6.6558333e-03  9.1004382e+01   2.5830778
6.6558333e-03  1.0920526e+02   2.5830578
7.9870000e-03  1.0000000e-02   2.6750708
7.9870000e-03  1.2000000e-02   3.1634479
7.9870000e-03  1.4400000e-02   3.6674500
7.9870000e-03  1.7280000e-02   4.1455266
7.9870000e-03  2.0736000e-02   4.5244257
7.9870000e-03  2.4883200e-02   4.6911987
7.9870000e-03  2.9859840e-02   4.7042333
7.9870000e-03  3.5831808e-02   4.5232982
7.9870000e-03  4.2998170e-02   4.1642947
7.9870000e-03  5.1597804e-02   3.5567556
7.9870000e-03  6.1917364e-02   2.8940148
7.9870000e-03  7.4300837e-02   2.6565215
7.9870000e-03  8.9161004e-02   2.8477183
7.9870000e-03  1.0699321e-01   3.2451513
7.9870000e-03  1.2839185e-01   3.2048658
7.9870000e-03  1.5407022e-01   2.9495546
7.9870000e-03  1.8488426e-01   3.1001223
7.9870000e-03  2.2186111e-01   2.9491751
7.9870000e-03  2.6623333e-01   3.1113801
7.9870000e-03  3.1948000e-01   3.0175901
7.9870000e-03  3.8337600e-01   2.9022336
7.9870000e-03  4.6005120e-01   2.9696679
7.9870000e-03  5.5206144e-01   3.1084951
7.9870000e-03  6.6247373e-01   2.8704035
7.9870000e-03  7.9496847e-01   3.0367360
7.9870000e-03  9.5396217e-01   3.0821454
7.9870000e-03  1.1447546e+00   2.8783787
7.9870000e-03  1.3737055e+00   3.1128531
7.9870000e-03  1.6484466e+00   3.0446499
7.9870000e-03  1.9781359e+00   3.0811159
7.9870000e-03  2.3737631e+00   2.9829340
7.9870000e-03  2.8485158e+00   2.9964472
7.9870000e-03  3.4182189e+00   2.9571160
7.9870000e-03  4.1018627e+00   2.9548732
7.9870000e-03  4.9222352e+00   2.9652950
7.9870000e-03  5.9066823e+00   2.9610532
7.9870000e-03  7.0880187e+00   2.9618659
7.9870000e-03  8.5056225e+00   2.9614215
7.9870000e-03  1.0206747e+01   2.9611335
7.9870000e-03  1.2248096e+01   2.9609117
7.9870000e-03  1.4697716e+01   2.9607273
7.9870000e-03  1.7637259e+01   2.9605735
7.9870000e-03  2.1164711e+01   2.9604455
7.9870000e-03  2.5397653e+01   2.9603388
7.9870000e-03  3.0477183e+01   2.9602498
7.9870000e-03  3.6572620e+01   2.9601757
7.9870000e-03  4.3887144e+01   2.9601140
7.9870000e-03  5.2664573e+01   2.9600626
7.9870000e-03  6.3197487e+01   2.9600197
7.9870000e-03  7.5836985e+01   2.9599840
7.9870000e-03  9.1004382e+01   2.9599542
7.9870000e-03  1.0920526e+02   2.9599294
9.5844000e-03  1.0000000e-02   3.0738972
9.5844000e-03  1.2000000e-02   3.6803563
9.5844000e-03  1.4400000e-02   4.3065249
9.5844000e-03  1.7280000e-02   4.9004422
9.5844000e-03  2.0736000e-02   5.3709734
9.5844000e-03  2.4883200e-02   5.5779811
9.5844000e-03  2.9859840e-02   5.5941063
9.5844000e-03  3.5831808e-02   5.3694164
9.5844000e-03  4.2998170e-02   4.9234962
9.5844000e-03  5.1597804e-02   4.1687064
9.5844000e-03  6.1917364e-02   3.3455462
9.5844000e-03  7.4300837e-02   3.0509320
9.5844000e-03  8.9161004e-02   3.2884546
9.5844000e-03  1.0699321e-01   3.7821451
9.5844000e-03  1.2839185e-01   3.7319810
9.5844000e-03  1.5407022e-01   3.4148733
9.5844000e-03  1.8488426e-01   3.6019458
9.5844000e-03  2.2186111e-01   3.4144360
9.5844000e-03  2.6623333e-01   3.6159280
9.5844000e-03  3.1948000e-01   3.4994869
9.5844000e-03  3.8337600e-01   3.3561873
9.5844000e-03  4.6005120e-01   3.4399511
9.5844000e-03  5.5206144e-01   3.6123914
9.5844000e-03  6.6247373e-01   3.3166246
9.5844000e-03  7.9496847e-01   3.5232162
9.5844000e-03  9.5396217e-01   3.5796361
9.5844000e-03  1.1447546e+00   3.3265223
9.5844000e-03  1.3737055e+00   3.6178402
9.5844000e-03  1.6484466e+00   3.5331424
9.5844000e-03  1.9781359e+00   3.5783699
9.5844000e-03  2.3737631e+00   3.4564539
9.5844000e-03  2.8485158e+00   3.4732254
9.5844000e-03  3.4182189e+00   3.4243640
9.5844000e-03  4.1018627e+00   3.4215717
9.5844000e-03  4.9222352e+00   3.4345190
9.5844000e-03  5.9066823e+00   3.4292499
9.5844000e-03  7.0880187e+00   3.4302603
9.5844000e-03  8.5056225e+00   3.4297086
9.5844000e-03  1.0206747e+01   3.4293512
9.5844000e-03  1.2248096e+01   3.4290759
9.5844000e-03  1.4697716e+01   3.4288470
9.5844000e-03  1.7637259e+01   3.4286562
9.5844000e-03  2.1164711e+01   3.4284972
9.5844000e-03  2.5397653e+01   3.4283648
9.5844000e-03  3.0477183e+01   3.4282544
9.5844000e-03  3.6572620e+01   3.4281624
9.5844000e-03  4.3887144e+01   3.4280858
9.5844000e-03  5.2664573e+01   3.4280220
9.5844000e-03  6.3197487e+01   3.4279687
9.5844000e-03  7.5836985e+01   3.4279244
9.5844000e-03  9.1004382e+01   3.4278875
9.5844000e-03  1.0920526e+02   3.4278567
1.1501280e-02  1.0000000e-02   3.5690869
1.1501280e-02  1.2000000e-02   4.3225318
1.1501280e-02  1.4400000e-02   5.1003755
1.1501280e-02  1.7280000e-02   5.8377490
1.1501280e-02  2.0736000e-02   6.4215070
1.1501280e-02  2.4883200e-02   6.6781500
1.1501280e-02  2.9859840e-02   6.6980603
1.1501280e-02  3.5831808e-02   6.4193420
1.1501280e-02  4.2998170e-02   5.8659764
1.1501280e-02  5.1597804e-02   4.9287744
1.1501280e-02  6.1917364e-02   3.9063063
1.1501280e-02  7.4300837e-02   3.5406456
1.1501280e-02  8.9161004e-02   3.8359674
1.1501280e-02  1.0699321e-01   4.4494283
1.1501280e-02  1.2839185e-01   4.3869291
1.1501280e-02  1.5407022e-01   3.9929698
1.1501280e-02  1.8488426e-01   4.2254885
1.1501280e-02  2.2186111e-01   3.9924771
1.1501280e-02  2.6623333e-01   4.2428578
1.1501280e-02  3.1948000e-01   4.0982696
1.1501280e-02  3.8337600e-01   3.9201761
1.1501280e-02  4.6005120e-01   4.0242744
1.1501280e-02  5.5206144e-01   4.2385340
1.1501280e-02  6.6247373e-01   3.8709678
1.1501280e-02  7.9496847e-01   4.1276762
1.1501280e-02  9.5396217e-01   4.1978004
1.1501280e-02  1.1447546e+00   3.8832566
1.1501280e-02  1.3737055e+00   4.2453568
1.1501280e-02  1.6484466e+00   4.1401533
1.1501280e-02  1.9781359e+00   4.1962458
1.1501280e-02  2.3737631e+00   4.0448183
1.1501280e-02  2.8485158e+00   4.0656384
1.1501280e-02  3.4182189e+00   4.0049106
1.1501280e-02  4.1018627e+00   4.0014312
1.1501280e-02  4.9222352e+00   4.0175236
1.1501280e-02  5.9066823e+00   4.0109756
1.1501280e-02  7.0880187e+00   4.0122324
1.1501280e-02  8.5056225e+00   4.0115473
1.1501280e-02  1.0206747e+01   4.0111036
1.1501280e-02  1.2248096e+01   4.0107618
1.1501280e-02  1.4697716e+01   4.0104775
1.1501280e-02  1.7637259e+01   4.0102407
1.1501280e-02  2.1164711e+01   4.0100434
1.1501280e-02  2.5397653e+01   4.0098789
1.1501280e-02  3.0477183e+01   4.0097419
1.1501280e-02  3.6572620e+01   4.0096277
1.1501280e-02  4.3887144e+01   4.0095326
1.1501280e-02  5.2664573e+01   4.0094533
1.1501280e-02  6.3197487e+01   4.0093872
1.1501280e-02  7.5836985e+01   4.0093322
1.1501280e-02  9.1004382e+01   4.0092863
1.1501280e-02  1.0920526e+02   4.0092481
1.3801536e-02  1.0000000e-02   4.1842397
1.3801536e-02  1.2000000e-02   5.1202125
1.3801536e-02  1.4400000e-02   6.0858070
1.3801536e-02  1.7280000e-02   7.0002458
1.3801536e-02  2.0736000e-02   7.7234219
1.3801536e-02  2.4883200e-02   8.0410725
1.3801536e-02  2.9859840e-02   8.0655947
1.3801536e-02  3.5831808e-02   7.7203928
1.3801536e-02  4.2998170e-02   7.0346594
1.3801536e-02  5.1597804e-02   5.8722264
1.3801536e-02  6.1917364e-02   4.6028368
1.3801536e-02  7.4300837e-02   4.1490282
1.3801536e-02  8.9161004e-02   4.5163330
1.3801536e-02  1.0699321e-01   5.2784439
1.3801536e-02  1.2839185e-01   5.2005710
1.3801536e-02  1.5407022e-01   4.7112897
1.3801536e-02  1.8488426e-01   5.0002497
1.3801536e-02  2.2186111e-01   4.7107533
1.3801536e-02  2.6623333e-01   5.0218186
1.3801536e-02  3.1948000e-01   4.8423520
1.3801536e-02  3.8337600e-01   4.6210363
1.3801536e-02  4.6005120e-01   4.7503975
1.3801536e-02  5.5206144e-01   5.0165532
1.3801536e-02  6.6247373e-01   4.5598202
1.3801536e-02  7.9496847e-01   4.8787662
1.3801536e-02  9.5396217e-01   4.9659051
1.3801536e-02  1.1447546e+00   4.5750751
1.3801536e-02  1.3737055e+00   5.0251060
1.3801536e-02  1.6484466e+00   4.8944797
1.3801536e-02  1.9781359e+00   4.9640021
1.3801536e-02  2.3737631e+00   4.7759774
1.3801536e-02  2.8485158e+00   4.8018142
1.3801536e-02  3.4182189e+00   4.7263461
1.3801536e-02  4.1018627e+00   4.7220085
1.3801536e-02  4.9222352e+00   4.7420087
1.3801536e-02  5.9066823e+00   4.7338722
1.3801536e-02  7.0880187e+00   4.7354356
1.3801536e-02  8.5056225e+00   4.7345851
1.3801536e-02  1.0206747e+01   4.7340344
1.3801536e-02  1.2248096e+01   4.7336102
1.3801536e-02  1.4697716e+01   4.7332574
1.3801536e-02  1.7637259e+01   4.7329635
1.3801536e-02  2.1164711e+01   4.7327185
1.3801536e-02  2.5397653e+01   4.7325144
1.3801536e-02  3.0477183e+01   4.7323444
1.3801536e-02  3.6572620e+01   4.7322027
1.3801536e-02  4.3887144e+01   4.7320846
1.3801536e-02  5.2664573e+01   4.7319862
1.3801536e-02  6.3197487e+01   4.7319042
1.3801536e-02  7.5836985e+01   4.7318359
1.3801536e-02  9.1004382e+01   4.7317789
1.3801536e-02  1.0920526e+02   4.7317315
1.6561843e-02  1.0000000e-02   4.9483845
1.6561843e-02  1.2000000e-02   6.1103565
1.6561843e-02  1.4400000e-02   7.3075769
1.6561843e-02  1.7280000e-02   8.4397857
1.6561843e-02  2.0736000e-02   9.3340024
1.6561843e-02  2.4883200e-02   9.7263564
1.6561843e-02  2.9859840e-02   9.7564659
1.6561843e-02  3.5831808e-02   9.3297417
1.6561843e-02  4.2998170e-02   8.4815129
1.6561843e-02  5.1597804e-02   7.0419577
1.6561843e-02  6.1917364e-02   5.4676659
1.6561843e-02  7.4300837e-02   4.9048360
1.6561843e-02  8.9161004e-02   5.3615760
1.6561843e-02  1.0699321e-01   6.3076220
1.6561843e-02  1.2839185e-01   6.2106283
1.6561843e-02  1.5407022e-01   5.6034883
1.6561843e-02  1.8488426e-01   5.9623411
1.6561843e-02  2.2186111e-01   5.6029351
1.6561843e-02  2.6623333e-01   5.9891002
1.6561843e-02  3.1948000e-01   5.7665598
1.6561843e-02  3.8337600e-01   5.4917065
1.6561843e-02  4.6005120e-01   5.6523632
1.6561843e-02  5.5206144e-01   5.9827226
1.6561843e-02  6.6247373e-01   5.4155779
1.6561843e-02  7.9496847e-01   5.8115868
1.6561843e-02  9.5396217e-01   5.9197882
1.6561843e-02  1.1447546e+00   5.4345006
1.6561843e-02  1.3737055e+00   5.9934536
1.6561843e-02  1.6484466e+00   5.8314105
1.6561843e-02  1.9781359e+00   5.9174681
1.6561843e-02  2.3737631e+00   5.6842054
1.6561843e-02  2.8485158e+00   5.7162372
1.6561843e-02  3.4182189e+00   5.6225115
1.6561843e-02  4.1018627e+00   5.6171041
1.6561843e-02  4.9222352e+00   5.6419457
1.6561843e-02  5.9066823e+00   5.6318422
1.6561843e-02  7.0880187e+00   5.6337862
1.6561843e-02  8.5056225e+00   5.6327312
1.6561843e-02  1.0206747e+01   5.6320483
1.6561843e-02  1.2248096e+01   5.6315222
1.6561843e-02  1.4697716e+01   5.6310848
1.6561843e-02  1.7637259e+01   5.6307203
1.6561843e-02  2.1164711e+01   5.6304165
1.6561843e-02  2.5397653e+01   5.6301635
1.6561843e-02  3.0477183e+01   5.6299526
1.6561843e-02  3.6572620e+01   5.6297769
1.6561843e-02  4.3887144e+01   5.6296304
1.6561843e-02  5.2664573e+01   5.6295084
1.6561843e-02  6.3197487e+01   5.6294067
1.6561843e-02  7.5836985e+01   5.6293220
1.6561843e-02  9.1004382e+01   5.6292514
1.6561843e-02  1.0920526e+02   5.6291926
1.9874212e-02  1.0000000e-02   5.8970345
1.9874212e-02  1.2000000e-02   7.3378983
1.9874212e-02  1.4400000e-02   8.8198500
1.9874212e-02  1.7280000e-02  10.2189178
1.9874212e-02  2.0736000e-02  11.3222069
1.9874212e-02  2.4883200e-02  11.8056950
1.9874212e-02  2.9859840e-02  11.8425328
1.9874212e-02  3.5831808e-02  11.3161866
1.9874212e-02  4.2998170e-02  10.2691736
1.9874212e-02  5.1597804e-02   8.4898759
1.9874212e-02  6.1917364e-02   6.5404383
1.9874212e-02  7.4300837e-02   5.8432687
1.9874212e-02  8.9161004e-02   6.4108217
1.9874212e-02  1.0699321e-01   7.5836987
1.9874212e-02  1.2839185e-01   7.4629750
1.9874212e-02  1.5407022e-01   6.7106197
1.9874212e-02  1.8488426e-01   7.1557437
1.9874212e-02  2.2186111e-01   6.7101019
1.9874212e-02  2.6623333e-01   7.1888944
1.9874212e-02  3.1948000e-01   6.9133593
1.9874212e-02  3.8337600e-01   6.5724053
1.9874212e-02  4.6005120e-01   6.7717058
1.9874212e-02  5.5206144e-01   7.1812243
1.9874212e-02  6.6247373e-01   6.4778081
1.9874212e-02  7.9496847e-01   6.9689205
1.9874212e-02  9.5396217e-01   7.1031102
1.9874212e-02  1.1447546e+00   6.5012497
1.9874212e-02  1.3737055e+00   7.1946974
1.9874212e-02  1.6484466e+00   6.9939708
1.9874212e-02  1.9781359e+00   7.1002968
1.9874212e-02  2.3737631e+00   6.8113162
1.9874212e-02  2.8485158e+00   6.8509685
1.9874212e-02  3.4182189e+00   6.7347018
1.9874212e-02  4.1018627e+00   6.7279634
1.9874212e-02  4.9222352e+00   6.7587840
1.9874212e-02  5.9066823e+00   6.7462523
1.9874212e-02  7.0880187e+00   6.7486676
1.9874212e-02  8.5056225e+00   6.7473608
1.9874212e-02  1.0206747e+01   6.7465150
1.9874212e-02  1.2248096e+01   6.7458636
1.9874212e-02  1.4697716e+01   6.7453220
1.9874212e-02  1.7637259e+01   6.7448707
1.9874212e-02  2.1164711e+01   6.7444946
1.9874212e-02  2.5397653e+01   6.7441812
1.9874212e-02  3.0477183e+01   6.7439200
1.9874212e-02  3.6572620e+01   6.7437025
1.9874212e-02  4.3887144e+01   6.7435211
1.9874212e-02  5.2664573e+01   6.7433700
1.9874212e-02  6.3197487e+01   6.7432441
1.9874212e-02  7.5836985e+01   6.7431392
1.9874212e-02  9.1004382e+01   6.7430518
1.9874212e-02  1.0920526e+02   6.7429789
2.3849054e-02  1.0000000e-02   7.0734047
2.3849054e-02  1.2000000e-02   8.8572063
2.3849054e-02  1.4400000e-02  10.6878994
2.3849054e-02  1.7280000e-02  12.4128160
2.3849054e-02  2.0736000e-02  13.7707729
2.3849054e-02  2.4883200e-02  14.3650443
2.3849054e-02  2.9859840e-02  14.4099322
2.3849054e-02  3.5831808e-02  13.7622337
2.3849054e-02  4.2998170e-02  12.4728485
2.3849054e-02  5.1597804e-02  10.2785084
2.3849054e-02  6.1917364e-02   7.8692178
2.3849054e-02  7.4300837e-02   7.0071864
2.3849054e-02  8.9161004e-02   7.7116339
2.3849054e-02  1.0699321e-01   9.1632550
2.3849054e-02  1.2839185e-01   9.0131393
2.3849054e-02  1.5407022e-01   8.0825194
2.3849054e-02  1.8488426e-01   8.6337722
2.3849054e-02  2.2186111e-01   8.0821285
2.3849054e-02  2.6623333e-01   8.6747646
2.3849054e-02  3.1948000e-01   8.3342901
2.3849054e-02  3.8337600e-01   7.9120028
2.3849054e-02  4.6005120e-01   8.1588573
2.3849054e-02  5.5206144e-01   8.6656238
2.3849054e-02  6.6247373e-01   7.7945986
2.3849054e-02  7.9496847e-01   8.4026661
2.3849054e-02  9.5396217e-01   8.5688125
2.3849054e-02  1.1447546e+00   7.8235852
2.3849054e-02  1.3737055e+00   8.6825501
2.3849054e-02  1.6484466e+00   8.4343741
2.3849054e-02  1.9781359e+00   8.5654241
2.3849054e-02  2.3737631e+00   8.2080805
2.3849054e-02  2.8485158e+00   8.2570679
2.3849054e-02  3.4182189e+00   8.1130662
2.3849054e-02  4.1018627e+00   8.1046747
2.3849054e-02  4.9222352e+00   8.1428546
2.3849054e-02  5.9066823e+00   8.1273361
2.3849054e-02  7.0880187e+00   8.1303330
2.3849054e-02  8.5056225e+00   8.1287172
2.3849054e-02  1.0206747e+01   8.1276720
2.3849054e-02  1.2248096e+01   8.1268670
2.3849054e-02  1.4697716e+01   8.1261976
2.3849054e-02  1.7637259e+01   8.1256398
2.3849054e-02  2.1164711e+01   8.1251750
2.3849054e-02  2.5397653e+01   8.1247877
2.3849054e-02  3.0477183e+01   8.1244650
2.3849054e-02  3.6572620e+01   8.1241960
2.3849054e-02  4.3887144e+01   8.1239720
2.3849054e-02  5.2664573e+01   8.1237852
2.3849054e-02  6.3197487e+01   8.1236296
2.3849054e-02  7.5836985e+01   8.1235000
2.3849054e-02  9.1004382e+01   8.1233919
2.3849054e-02  1.0920526e+02   8.1233019
2.8618865e-02  1.0000000e-02   8.5298212
2.8618865e-02  1.2000000e-02  10.7337856
2.8618865e-02  1.4400000e-02  12.9901064
2.8618865e-02  1.7280000e-02  15.1115589
2.8618865e-02  2.0736000e-02  16.7787125
2.8618865e-02  2.4883200e-02  17.5072046
2.8618865e-02  2.9859840e-02  17.5616573
2.8618865e-02  3.5831808e-02  16.7665619
2.8618865e-02  4.2998170e-02  15.1825556
2.8618865e-02  5.1597804e-02  12.4828776
2.8618865e-02  6.1917364e-02   9.5119934
2.8618865e-02  7.4300837e-02   8.4485213
2.8618865e-02  8.9161004e-02   9.3215797
2.8618865e-02  1.0699321e-01  11.1145291
2.8618865e-02  1.2839185e-01  10.9280680
2.8618865e-02  1.5407022e-01   9.7794196
2.8618865e-02  1.8488426e-01  10.4607934
2.8618865e-02  2.2186111e-01   9.7793084
2.8618865e-02  2.6623333e-01  10.5113702
2.8618865e-02  3.1948000e-01  10.0916461
2.8618865e-02  3.8337600e-01   9.5696250
2.8618865e-02  4.6005120e-01   9.8747967
2.8618865e-02  5.5206144e-01  10.5006026
2.8618865e-02  6.6247373e-01   9.4241354
2.8618865e-02  7.9496847e-01  10.1755195
2.8618865e-02  9.5396217e-01  10.3808296
2.8618865e-02  1.1447546e+00   9.4598981
2.8618865e-02  1.3737055e+00  10.5218822
2.8618865e-02  1.6484466e+00  10.2157297
2.8618865e-02  1.9781359e+00  10.3767837
2.8618865e-02  2.3737631e+00   9.9358888
2.8618865e-02  2.8485158e+00   9.9962620
2.8618865e-02  3.4182189e+00   9.8182502
2.8618865e-02  4.1018627e+00   9.8078092
2.8618865e-02  4.9222352e+00   9.8550169
2.8618865e-02  5.9066823e+00   9.8358371
2.8618865e-02  7.0880187e+00   9.8395499
2.8618865e-02  8.5056225e+00   9.8375566
2.8618865e-02  1.0206747e+01   9.8362678
2.8618865e-02  1.2248096e+01   9.8352753
2.8618865e-02  1.4697716e+01   9.8344500
2.8618865e-02  1.7637259e+01   9.8337622
2.8618865e-02  2.1164711e+01   9.8331892
2.8618865e-02  2.5397653e+01   9.8327117
2.8618865e-02  3.0477183e+01   9.8323138
2.8618865e-02  3.6572620e+01   9.8319822
2.8618865e-02  4.3887144e+01   9.8317059
2.8618865e-02  5.2664573e+01   9.8314757
2.8618865e-02  6.3197487e+01   9.8312839
2.8618865e-02  7.5836985e+01   9.8311240
2.8618865e-02  9.1004382e+01   9.8309908
2.8618865e-02  1.0920526e+02   9.8308798
3.4342638e-02  1.0000000e-02  10.3293630
3.4342638e-02  1.2000000e-02  13.0462788
3.4342638e-02  1.4400000e-02  15.8203275
3.4342638e-02  1.7280000e-02  18.4228385
3.4342638e-02  2.0736000e-02  20.4642776
3.4342638e-02  2.4883200e-02  21.3548876
3.4342638e-02  2.9859840e-02  21.4206176
3.4342638e-02  3.5831808e-02  20.4469429
3.4342638e-02  4.2998170e-02  18.5057708
3.4342638e-02  5.1597804e-02  15.1927037
3.4342638e-02  6.1917364e-02  11.5384321
3.4342638e-02  7.4300837e-02  10.2299243
3.4342638e-02  8.9161004e-02  11.3100719
3.4342638e-02  1.0699321e-01  13.5195667
3.4342638e-02  1.2839185e-01  13.2882108
3.4342638e-02  1.5407022e-01  11.8738547
3.4342638e-02  1.8488426e-01  12.7142595
3.4342638e-02  2.2186111e-01  11.8742688
3.4342638e-02  2.6623333e-01  12.7765078
3.4342638e-02  3.1948000e-01  12.2604667
3.4342638e-02  3.8337600e-01  11.6165500
3.4342638e-02  4.6005120e-01  11.9930006
3.4342638e-02  5.5206144e-01  12.7640126
3.4342638e-02  6.6247373e-01  11.4365635
3.4342638e-02  7.9496847e-01  12.3629632
3.4342638e-02  9.5396217e-01  12.6161164
3.4342638e-02  1.1447546e+00  11.4805713
3.4342638e-02  1.3737055e+00  12.7907902
3.4342638e-02  1.6484466e+00  12.4140670
3.4342638e-02  1.9781359e+00  12.6113368
3.4342638e-02  2.3737631e+00  12.0687197
3.4342638e-02  2.8485158e+00  12.1429191
3.4342638e-02  3.4182189e+00  11.9233379
3.4342638e-02  4.1018627e+00  11.9103584
3.4342638e-02  4.9222352e+00  11.9686051
3.4342638e-02  5.9066823e+00  11.9449524
3.4342638e-02  7.0880187e+00  11.9495442
3.4342638e-02  8.5056225e+00  11.9470915
3.4342638e-02  1.0206747e+01  11.9455067
3.4342638e-02  1.2248096e+01  11.9442863
3.4342638e-02  1.4697716e+01  11.9432715
3.4342638e-02  1.7637259e+01  11.9424259
3.4342638e-02  2.1164711e+01  11.9417212
3.4342638e-02  2.5397653e+01  11.9411341
3.4342638e-02  3.0477183e+01  11.9406448
3.4342638e-02  3.6572620e+01  11.9402371
3.4342638e-02  4.3887144e+01  11.9398974
3.4342638e-02  5.2664573e+01  11.9396143
3.4342638e-02  6.3197487e+01  11.9393784
3.4342638e-02  7.5836985e+01  11.9391819
3.4342638e-02  9.1004382e+01  11.9390181
3.4342638e-02  1.0920526e+02  11.9388816
4.1211166e-02  1.0000000e-02  12.5477876
4.1211166e-02  1.2000000e-02  15.8888331
4.1211166e-02  1.4400000e-02  19.2907049
4.1211166e-02  1.7280000e-02  22.4751781
4.1211166e-02  2.0736000e-02  24.9684834
4.1211166e-02  2.4883200e-02  26.0543555
4.1211166e-02  2.9859840e-02  26.1332661
4.1211166e-02  3.5831808e-02  24.9436997
4.1211166e-02  4.2998170e-02  22.5705547
4.1211166e-02  5.1597804e-02  18.5149945
4.1211166e-02  6.1917364e-02  14.0319305
4.1211166e-02  7.4300837e-02  12.4267024
4.1211166e-02  8.9161004e-02  13.7605597
4.1211166e-02  1.0699321e-01  16.4767898
4.1211166e-02  1.2839185e-01  16.1900012
4.1211166e-02  1.5407022e-01  14.4529233
4.1211166e-02  1.8488426e-01  15.4871326
4.1211166e-02  2.2186111e-01  14.4542483
4.1211166e-02  2.6623333e-01  15.5635447
4.1211166e-02  3.1948000e-01  14.9309116
4.1211166e-02  3.8337600e-01  14.1384638
4.1211166e-02  4.6005120e-01  14.6017685
4.1211166e-02  5.5206144e-01  15.5493277
4.1211166e-02  6.6247373e-01  13.9161975
4.1211166e-02  7.9496847e-01  15.0556352
4.1211166e-02  9.5396217e-01  15.3670648
4.1211166e-02  1.1447546e+00  13.9701957
4.1211166e-02  1.3737055e+00  15.5830682
4.1211166e-02  1.6484466e+00  15.1207565
4.1211166e-02  1.9781359e+00  15.3614940
4.1211166e-02  2.3737631e+00  14.6954900
4.1211166e-02  2.8485158e+00  14.7864055
4.1211166e-02  3.4182189e+00  14.5161663
4.1211166e-02  4.1018627e+00  14.5000443
4.1211166e-02  4.9222352e+00  14.5717498
4.1211166e-02  5.9066823e+00  14.5426494
4.1211166e-02  7.0880187e+00  14.5483182
4.1211166e-02  8.5056225e+00  14.5453088
4.1211166e-02  1.0206747e+01  14.5433657
4.1211166e-02  1.2248096e+01  14.5418695
4.1211166e-02  1.4697716e+01  14.5406255
4.1211166e-02  1.7637259e+01  14.5395887
4.1211166e-02  2.1164711e+01  14.5387248
4.1211166e-02  2.5397653e+01  14.5380050
4.1211166e-02  3.0477183e+01  14.5374052
4.1211166e-02  3.6572620e+01  14.5369054
4.1211166e-02  4.3887144e+01  14.5364889
4.1211166e-02  5.2664573e+01  14.5361418
4.1211166e-02  6.3197487e+01  14.5358526
4.1211166e-02  7.5836985e+01  14.5356116
4.1211166e-02  9.1004382e+01  14.5354108
4.1211166e-02  1.0920526e+02  14.5352435
4.9453399e-02  1.0000000e-02  15.2758016
4.9453399e-02  1.2000000e-02  19.3739066
4.9453399e-02  1.4400000e-02  23.5350031
4.9453399e-02  1.7280000e-02  27.4217539
4.9453399e-02  2.0736000e-02  30.4592835
4.9453399e-02  2.4883200e-02  31.7797257
4.9453399e-02  2.9859840e-02  31.8738829
4.9453399e-02  3.5831808e-02  30.4237869
4.9453399e-02  4.2998170e-02  27.5292360
4.9453399e-02  5.1597804e-02  22.5770888
4.9453399e-02  6.1917364e-02  17.0920230
4.9453399e-02  7.4300837e-02  15.1291105
4.9453399e-02  8.9161004e-02  16.7731477
4.9453399e-02  1.0699321e-01  20.1040797
4.9453399e-02  1.2839185e-01  19.7488206
4.9453399e-02  1.5407022e-01  17.6209909
4.9453399e-02  1.8488426e-01  18.8907895
4.9453399e-02  2.2186111e-01  17.6238213
4.9453399e-02  2.6623333e-01  18.9843339
4.9453399e-02  3.1948000e-01  18.2111147
4.9453399e-02  3.8337600e-01  17.2381654
4.9453399e-02  4.6005120e-01  17.8070126
4.9453399e-02  5.5206144e-01  18.9685871
4.9453399e-02  6.6247373e-01  16.9641660
4.9453399e-02  7.9496847e-01  18.3621682
4.9453399e-02  9.5396217e-01  18.7444032
4.9453399e-02  1.1447546e+00  17.0302194
4.9453399e-02  1.3737055e+00  19.0111796
4.9453399e-02  1.6484466e+00  18.4454219
4.9453399e-02  1.9781359e+00  18.7380220
4.9453399e-02  2.3737631e+00  17.9228762
4.9453399e-02  2.8485158e+00  18.0339137
4.9453399e-02  3.4182189e+00  17.7021029
4.9453399e-02  4.1018627e+00  17.6820890
4.9453399e-02  4.9222352e+00  17.7701618
4.9453399e-02  5.9066823e+00  17.7344449
4.9453399e-02  7.0880187e+00  17.7414314
4.9453399e-02  8.5056225e+00  17.7377498
4.9453399e-02  1.0206747e+01  17.7353749
4.9453399e-02  1.2248096e+01  17.7335464
4.9453399e-02  1.4697716e+01  17.7320260
4.9453399e-02  1.7637259e+01  17.7307590
4.9453399e-02  2.1164711e+01  17.7297032
4.9453399e-02  2.5397653e+01  17.7288235
4.9453399e-02  3.0477183e+01  17.7280904
4.9453399e-02  3.6572620e+01  17.7274796
4.9453399e-02  4.3887144e+01  17.7269706
4.9453399e-02  5.2664573e+01  17.7265464
4.9453399e-02  6.3197487e+01  17.7261930
4.9453399e-02  7.5836985e+01  17.7258985
4.9453399e-02  9.1004382e+01  17.7256530
4.9453399e-02  1.0920526e+02  17.7254485
5.9344078e-02  1.0000000e-02  18.6217480
5.9344078e-02  1.2000000e-02  23.6355981
5.9344078e-02  1.4400000e-02  28.7125641
5.9344078e-02  1.7280000e-02  33.4449117
5.9344078e-02  2.0736000e-02  37.1364901
5.9344078e-02  2.4883200e-02  38.7380314
5.9344078e-02  2.9859840e-02  38.8496017
5.9344078e-02  3.5831808e-02  37.0855754
5.9344078e-02  4.2998170e-02  33.5627227
5.9344078e-02  5.1597804e-02  27.5302163
5.9344078e-02  6.1917364e-02  20.8372084
5.9344078e-02  7.4300837e-02  18.4450756
5.9344078e-02  8.9161004e-02  20.4677431
5.9344078e-02  1.0699321e-01  24.5424848
5.9344078e-02  1.2839185e-01  24.1025436
5.9344078e-02  1.5407022e-01  21.5029297
5.9344078e-02  1.8488426e-01  23.0585121
5.9344078e-02  2.2186111e-01  21.5081697
5.9344078e-02  2.6623333e-01  23.1727176
5.9344078e-02  3.1948000e-01  22.2306219
5.9344078e-02  3.8337600e-01  21.0388222
5.9344078e-02  4.6005120e-01  21.7356193
5.9344078e-02  5.5206144e-01  23.1559403
5.9344078e-02  6.6247373e-01  20.7015899
5.9344078e-02  7.9496847e-01  22.4126027
5.9344078e-02  9.5396217e-01  22.8806835
5.9344078e-02  1.1447546e+00  20.7821308
5.9344078e-02  1.3737055e+00  23.2098416
5.9344078e-02  1.6484466e+00  22.5194572
5.9344078e-02  1.9781359e+00  22.8735409
5.9344078e-02  2.3737631e+00  21.8787190
5.9344078e-02  2.8485158e+00  22.0138730
5.9344078e-02  3.4182189e+00  21.6073915
5.9344078e-02  4.1018627e+00  21.5825519
5.9344078e-02  4.9222352e+00  21.6904860
5.9344078e-02  5.9066823e+00  21.6467528
5.9344078e-02  7.0880187e+00  21.6553496
5.9344078e-02  8.5056225e+00  21.6508596
5.9344078e-02  1.0206747e+01  21.6479664
5.9344078e-02  1.2248096e+01  21.6457391
5.9344078e-02  1.4697716e+01  21.6438871
5.9344078e-02  1.7637259e+01  21.6423436
5.9344078e-02  2.1164711e+01  21.6410576
5.9344078e-02  2.5397653e+01  21.6399860
5.9344078e-02  3.0477183e+01  21.6390931
5.9344078e-02  3.6572620e+01  21.6383490
5.9344078e-02  4.3887144e+01  21.6377290
5.9344078e-02  5.2664573e+01  21.6372123
5.9344078e-02  6.3197487e+01  21.6367818
5.9344078e-02  7.5836985e+01  21.6364230
5.9344078e-02  9.1004382e+01  21.6361241
5.9344078e-02  1.0920526e+02  21.6358749
7.1212894e-02  1.0000000e-02  22.7147856
7.1212894e-02  1.2000000e-02  28.8335834
7.1212894e-02  1.4400000e-02  35.0129691
7.1212894e-02  1.7280000e-02  40.7614736
7.1212894e-02  2.0736000e-02  45.2375324
7.1212894e-02  2.4883200e-02  47.1751234
7.1212894e-02  2.9859840e-02  47.3062581
7.1212894e-02  3.5831808e-02  45.1644115
7.1212894e-02  4.2998170e-02  40.8855041
7.1212894e-02  5.1597804e-02  33.5536265
7.1212894e-02  6.1917364e-02  25.4082557
7.1212894e-02  7.4300837e-02  22.5034402
7.1212894e-02  8.9161004e-02  24.9878456
7.1212894e-02  1.0699321e-01  29.9606805
7.1212894e-02  1.2839185e-01  29.4157767
7.1212894e-02  1.5407022e-01  26.2480042
7.1212894e-02  1.8488426e-01  28.1496842
7.1212894e-02  2.2186111e-01  26.2570159
7.1212894e-02  2.6623333e-01  28.2887366
7.1212894e-02  3.1948000e-01  27.1445437
7.1212894e-02  3.8337600e-01  25.6878982
7.1212894e-02  4.6005120e-01  26.5395047
7.1212894e-02  5.5206144e-01  28.2719191
7.1212894e-02  6.6247373e-01  25.2734072
7.1212894e-02  7.9496847e-01  27.3624944
7.1212894e-02  9.5396217e-01  27.9344791
7.1212894e-02  1.1447546e+00  25.3712876
7.1212894e-02  1.3737055e+00  28.3403541
7.1212894e-02  1.6484466e+00  27.5002844
7.1212894e-02  1.9781359e+00  27.9267393
7.1212894e-02  2.3737631e+00  26.7161375
7.1212894e-02  2.8485158e+00  26.8800664
7.1212894e-02  3.4182189e+00  26.3831921
7.1212894e-02  4.1018627e+00  26.3523554
7.1212894e-02  4.9222352e+00  26.4843497
7.1212894e-02  5.9066823e+00  26.4309235
7.1212894e-02  7.0880187e+00  26.4414882
7.1212894e-02  8.5056225e+00  26.4360292
7.1212894e-02  1.0206747e+01  26.4325164
7.1212894e-02  1.2248096e+01  26.4298126
7.1212894e-02  1.4697716e+01  26.4275643
7.1212894e-02  1.7637259e+01  26.4256906
7.1212894e-02  2.1164711e+01  26.4241294
7.1212894e-02  2.5397653e+01  26.4228285
7.1212894e-02  3.0477183e+01  26.4217445
7.1212894e-02  3.6572620e+01  26.4208412
7.1212894e-02  4.3887144e+01  26.4200885
7.1212894e-02  5.2664573e+01  26.4194613
7.1212894e-02  6.3197487e+01  26.4189387
7.1212894e-02  7.5836985e+01  26.4185031
7.1212894e-02  9.1004382e+01  26.4181402
7.1212894e-02  1.0920526e+02  26.4178377
8.5455473e-02  1.0000000e-02  27.7086390
8.5455473e-02  1.2000000e-02  35.1577447
8.5455473e-02  1.4400000e-02  42.6614950
8.5455473e-02  1.7280000e-02  49.6289204
8.5455473e-02  2.0736000e-02  55.0441287
8.5455473e-02  2.4883200e-02  57.3824816
8.5455473e-02  2.9859840e-02  57.5351154
8.5455473e-02  3.5831808e-02  54.9390031
8.5455473e-02  4.2998170e-02  49.7513782
8.5455473e-02  5.1597804e-02  40.8593183
8.5455473e-02  6.1917364e-02  30.9720401
8.5455473e-02  7.4300837e-02  27.4578168
8.5455473e-02  8.9161004e-02  30.5051119
8.5455473e-02  1.0699321e-01  36.5603263
8.5455473e-02  1.2839185e-01  35.8849091
8.5455473e-02  1.5407022e-01  32.0345291
8.5455473e-02  1.8488426e-01  34.3548319
8.5455473e-02  2.2186111e-01  32.0493492
8.5455473e-02  2.6623333e-01  34.5236862
8.5455473e-02  3.1948000e-01  33.1385694
8.5455473e-02  3.8337600e-01  31.3618948
8.5455473e-02  4.6005120e-01  32.4005128
8.5455473e-02  5.5206144e-01  34.5085855
8.5455473e-02  6.6247373e-01  30.8529789
8.5455473e-02  7.9496847e-01  33.3978538
8.5455473e-02  9.5396217e-01  34.0954369
8.5455473e-02  1.1447546e+00  30.9715247
8.5455473e-02  1.3737055e+00  34.5958280
8.5455473e-02  1.6484466e+00  33.5765095
8.5455473e-02  1.9781359e+00  34.0874495
8.5455473e-02  2.3737631e+00  32.6185058
8.5455473e-02  2.8485158e+00  32.8166057
8.5455473e-02  3.4182189e+00  32.2104585
8.5455473e-02  4.1018627e+00  32.1721447
8.5455473e-02  4.9222352e+00  32.3332486
8.5455473e-02  5.9066823e+00  32.2681219
8.5455473e-02  7.0880187e+00  32.2810920
8.5455473e-02  8.5056225e+00  32.2744762
8.5455473e-02  1.0206747e+01  32.2702261
8.5455473e-02  1.2248096e+01  32.2669552
8.5455473e-02  1.4697716e+01  32.2642355
8.5455473e-02  1.7637259e+01  32.2619689
8.5455473e-02  2.1164711e+01  32.2600802
8.5455473e-02  2.5397653e+01  32.2585065
8.5455473e-02  3.0477183e+01  32.2571952
8.5455473e-02  3.6572620e+01  32.2561025
8.5455473e-02  4.3887144e+01  32.2551919
8.5455473e-02  5.2664573e+01  32.2544332
8.5455473e-02  6.3197487e+01  32.2538009
8.5455473e-02  7.5836985e+01  32.2532740
8.5455473e-02  9.1004382e+01  32.2528350
8.5455473e-02  1.0920526e+02  32.2524691
1.0254657e-01  1.0000000e-02  33.7859925
1.0254657e-01  1.2000000e-02  42.8335685
1.0254657e-01  1.4400000e-02  51.9254359
1.0254657e-01  1.7280000e-02  60.3525107
1.0254657e-01  2.0736000e-02  66.8899206
1.0254657e-01  2.4883200e-02  69.7049614
1.0254657e-01  2.9859840e-02  69.8804819
1.0254657e-01  3.5831808e-02  66.7386339
1.0254657e-01  4.2998170e-02  60.4598997
1.0254657e-01  5.1597804e-02  49.6973639
1.0254657e-01  6.1917364e-02  37.7259410
1.0254657e-01  7.4300837e-02  33.4911549
1.0254657e-01  8.9161004e-02  37.2248481
1.0254657e-01  1.0699321e-01  44.5824855
1.0254657e-01  1.2839185e-01  43.7441059
1.0254657e-01  1.5407022e-01  39.0754361
1.0254657e-01  1.8488426e-01  41.9016643
1.0254657e-01  2.2186111e-01  39.0990939
1.0254657e-01  2.6623333e-01  42.1061700
1.0254657e-01  3.1948000e-01  40.4350202
1.0254657e-01  3.8337600e-01  38.2720695
1.0254657e-01  4.6005120e-01  39.5363230
1.0254657e-01  5.5206144e-01  42.0957243
1.0254657e-01  6.6247373e-01  37.6476271
1.0254657e-01  7.9496847e-01  40.7410748
1.0254657e-01  9.5396217e-01  41.5903432
1.0254657e-01  1.1447546e+00  37.7906910
1.0254657e-01  1.3737055e+00  42.2074958
1.0254657e-01  1.6484466e+00  40.9741667
1.0254657e-01  1.9781359e+00  41.5827509
1.0254657e-01  2.3737631e+00  39.8054694
1.0254657e-01  2.8485158e+00  40.0439366
1.0254657e-01  3.4182189e+00  39.3058262
1.0254657e-01  4.1018627e+00  39.2581496
1.0254657e-01  4.9222352e+00  39.4544420
1.0254657e-01  5.9066823e+00  39.3752101
1.0254657e-01  7.0880187e+00  39.3911243
1.0254657e-01  8.5056225e+00  39.3831325
1.0254657e-01  1.0206747e+01  39.3780089
1.0254657e-01  1.2248096e+01  39.3740666
1.0254657e-01  1.4697716e+01  39.3707886
1.0254657e-01  1.7637259e+01  39.3680567
1.0254657e-01  2.1164711e+01  39.3657804
1.0254657e-01  2.5397653e+01  39.3638837
1.0254657e-01  3.0477183e+01  39.3623032
1.0254657e-01  3.6572620e+01  39.3609861
1.0254657e-01  4.3887144e+01  39.3598887
1.0254657e-01  5.2664573e+01  39.3589742
1.0254657e-01  6.3197487e+01  39.3582121
1.0254657e-01  7.5836985e+01  39.3575771
1.0254657e-01  9.1004382e+01  39.3570479
1.0254657e-01  1.0920526e+02  39.3566069
1.2305588e-01  1.0000000e-02  41.1635896
1.2305588e-01  1.2000000e-02  52.1283646
1.2305588e-01  1.4400000e-02  63.1213290
1.2305588e-01  1.7280000e-02  73.2933556
1.2305588e-01  2.0736000e-02  81.1690512
1.2305588e-01  2.4883200e-02  84.5494330
1.2305588e-01  2.9859840e-02  84.7481507
1.2305588e-01  3.5831808e-02  80.9511315
1.2305588e-01  4.2998170e-02  73.3634562
1.2305588e-01  5.1597804e-02  60.3617480
1.2305588e-01  6.1917364e-02  45.9027971
1.2305588e-01  7.4300837e-02  40.8211202
1.2305588e-01  8.9161004e-02  45.3926079
1.2305588e-01  1.0699321e-01  54.3152943
1.2305588e-01  1.2839185e-01  53.2723776
1.2305588e-01  1.5407022e-01  47.6249050
1.2305588e-01  1.8488426e-01  51.0622890
1.2305588e-01  2.2186111e-01  47.6618891
1.2305588e-01  2.6623333e-01  51.3093288
1.2305588e-01  3.1948000e-01  49.3001451
1.2305588e-01  3.8337600e-01  46.6713268
1.2305588e-01  4.6005120e-01  48.2075692
1.2305588e-01  5.5206144e-01  51.3082787
1.2305588e-01  6.6247373e-01  45.9052816
1.2305588e-01  7.9496847e-01  49.6580338
1.2305588e-01  9.5396217e-01  50.6903924
1.2305588e-01  1.1447546e+00  46.0772872
1.2305588e-01  1.3737055e+00  51.4523164
1.2305588e-01  1.6484466e+00  49.9642798
1.2305588e-01  1.9781359e+00  50.6842932
1.2305588e-01  2.3737631e+00  48.5402145
1.2305588e-01  2.8485158e+00  48.8260816
1.2305588e-01  3.4182189e+00  47.9287102
1.2305588e-01  4.1018627e+00  47.8692455
1.2305588e-01  4.9222352e+00  48.1080548
1.2305588e-01  5.9066823e+00  48.0118369
1.2305588e-01  7.0880187e+00  48.0313615
1.2305588e-01  8.5056225e+00  48.0217402
1.2305588e-01  1.0206747e+01  48.0155872
1.2305588e-01  1.2248096e+01  48.0108543
1.2305588e-01  1.4697716e+01  48.0069187
1.2305588e-01  1.7637259e+01  48.0036389
1.2305588e-01  2.1164711e+01  48.0009060
1.2305588e-01  2.5397653e+01  47.9986288
1.2305588e-01  3.0477183e+01  47.9967313
1.2305588e-01  3.6572620e+01  47.9951500
1.2305588e-01  4.3887144e+01  47.9938324
1.2305588e-01  5.2664573e+01  47.9927345
1.2305588e-01  6.3197487e+01  47.9918196
1.2305588e-01  7.5836985e+01  47.9910571
1.2305588e-01  9.1004382e+01  47.9904218
1.2305588e-01  1.0920526e+02  47.9898924
1.4766706e-01  1.0000000e-02  50.0980638
1.4766706e-01  1.2000000e-02  63.3583150
1.4766706e-01  1.4400000e-02  76.6230520
1.4766706e-01  1.7280000e-02  88.8773718
1.4766706e-01  2.0736000e-02  98.3455566
1.4766706e-01  2.4883200e-02  102.3941276
1.4766706e-01  2.9859840e-02  102.6144434
1.4766706e-01  3.5831808e-02  98.0313614
1.4766706e-01  4.2998170e-02  88.8747393
1.4766706e-01  5.1597804e-02  73.1965251
1.4766706e-01  6.1917364e-02  55.7763460
1.4766706e-01  7.4300837e-02  49.7063808
1.4766706e-01  8.9161004e-02  55.3021018
1.4766706e-01  1.0699321e-01  66.1030915
1.4766706e-01  1.2839185e-01  64.8018527
1.4766706e-01  1.5407022e-01  57.9862243
1.4766706e-01  1.8488426e-01  62.1618019
1.4766706e-01  2.2186111e-01  58.0431702
1.4766706e-01  2.6623333e-01  62.4594376
1.4766706e-01  3.1948000e-01  60.0529090
1.4766706e-01  3.8337600e-01  56.8625095
1.4766706e-01  4.6005120e-01  58.7264090
1.4766706e-01  5.5206144e-01  62.4752578
1.4766706e-01  6.6247373e-01  55.9224385
1.4766706e-01  7.9496847e-01  60.4665627
1.4766706e-01  9.5396217e-01  61.7198690
1.4766706e-01  1.1447546e+00  56.1284022
1.4766706e-01  1.3737055e+00  62.6621341
1.4766706e-01  1.6484466e+00  60.8720178
1.4766706e-01  1.9781359e+00  61.7170612
1.4766706e-01  2.3737631e+00  59.1382487
1.4766706e-01  2.8485158e+00  59.4793670
1.4766706e-01  3.4182189e+00  58.3898532
1.4766706e-01  4.1018627e+00  58.3154495
1.4766706e-01  4.9222352e+00  58.6056253
1.4766706e-01  5.9066823e+00  58.4889690
1.4766706e-01  7.0880187e+00  58.5129331
1.4766706e-01  8.5056225e+00  58.5013913
1.4766706e-01  1.0206747e+01  58.4940331
1.4766706e-01  1.2248096e+01  58.4883750
1.4766706e-01  1.4697716e+01  58.4836701
1.4766706e-01  1.7637259e+01  58.4797491
1.4766706e-01  2.1164711e+01  58.4764819
1.4766706e-01  2.5397653e+01  58.4737595
1.4766706e-01  3.0477183e+01  58.4714909
1.4766706e-01  3.6572620e+01  58.4696006
1.4766706e-01  4.3887144e+01  58.4680254
1.4766706e-01  5.2664573e+01  58.4667128
1.4766706e-01  6.3197487e+01  58.4656189
1.4766706e-01  7.5836985e+01  58.4647075
1.4766706e-01  9.1004382e+01  58.4639479
1.4766706e-01  1.0920526e+02  58.4633149
1.7720047e-01  1.0000000e-02  60.8924694
1.7720047e-01  1.2000000e-02  76.8962653
1.7720047e-01  1.4400000e-02  92.8706361
1.7720047e-01  1.7280000e-02  107.6048690
1.7720047e-01  2.0736000e-02  118.9632188
1.7720047e-01  2.4883200e-02  123.7982622
1.7720047e-01  2.9859840e-02  124.0353746
1.7720047e-01  3.5831808e-02  118.5097593
1.7720047e-01  4.2998170e-02  107.4741193
1.7720047e-01  5.1597804e-02  88.6018797
1.7720047e-01  6.1917364e-02  67.6669580
1.7720047e-01  7.4300837e-02  60.4538790
1.7720047e-01  8.9161004e-02  67.3046566
1.7720047e-01  1.0699321e-01  80.3572335
1.7720047e-01  1.2839185e-01  78.7273564
1.7720047e-01  1.5407022e-01  70.5210544
1.7720047e-01  1.8488426e-01  75.5884633
1.7720047e-01  2.2186111e-01  70.6077618
1.7720047e-01  2.6623333e-01  75.9460777
1.7720047e-01  3.1948000e-01  73.0755660
1.7720047e-01  3.8337600e-01  69.2083651
1.7720047e-01  4.6005120e-01  71.4668234
1.7720047e-01  5.5206144e-01  75.9903810
1.7720047e-01  6.6247373e-01  68.0536605
1.7720047e-01  7.9496847e-01  73.5465224
1.7720047e-01  9.5396217e-01  75.0664828
1.7720047e-01  1.1447546e+00  68.2991722
1.7720047e-01  1.3737055e+00  76.2346930
1.7720047e-01  1.6484466e+00  74.0877910
1.7720047e-01  1.9781359e+00  75.0698360
1.7720047e-01  2.3737631e+00  71.9780041
1.7720047e-01  2.8485158e+00  72.3829292
1.7720047e-01  3.4182189e+00  71.0616104
1.7720047e-01  4.1018627e+00  70.9681277
1.7720047e-01  4.9222352e+00  71.3203774
1.7720047e-01  5.9066823e+00  71.1791440
1.7720047e-01  7.0880187e+00  71.2085877
1.7720047e-01  8.5056225e+00  71.1947959
1.7720047e-01  1.0206747e+01  71.1860373
1.7720047e-01  1.2248096e+01  71.1793053
1.7720047e-01  1.4697716e+01  71.1737073
1.7720047e-01  1.7637259e+01  71.1690420
1.7720047e-01  2.1164711e+01  71.1651547
1.7720047e-01  2.5397653e+01  71.1619155
1.7720047e-01  3.0477183e+01  71.1592163
1.7720047e-01  3.6572620e+01  71.1569671
1.7720047e-01  4.3887144e+01  71.1550929
1.7720047e-01  5.2664573e+01  71.1535311
1.7720047e-01  6.3197487e+01  71.1522296
1.7720047e-01  7.5836985e+01  71.1511451
1.7720047e-01  9.1004382e+01  71.1502413
1.7720047e-01  1.0920526e+02  71.1494882
2.1264056e-01  1.0000000e-02  73.9033510
2.1264056e-01  1.2000000e-02  93.1799984
2.1264056e-01  1.4400000e-02  112.3793855
2.1264056e-01  1.7280000e-02  130.0602069
2.1264056e-01  2.0736000e-02  143.6551371
2.1264056e-01  2.4883200e-02  149.4110632
2.1264056e-01  2.9859840e-02  149.6549724
2.1264056e-01  3.5831808e-02  142.9999400
2.1264056e-01  4.2998170e-02  129.7159787
2.1264056e-01  5.1597804e-02  107.0392994
2.1264056e-01  6.1917364e-02  81.9472627
2.1264056e-01  7.4300837e-02  73.4271198
2.1264056e-01  8.9161004e-02  81.8205022
2.1264056e-01  1.0699321e-01  97.5688287
2.1264056e-01  1.2839185e-01  95.5173301
2.1264056e-01  1.5407022e-01  85.6602596
2.1264056e-01  1.8488426e-01  91.8056786
2.1264056e-01  2.2186111e-01  85.7912047
2.1264056e-01  2.6623333e-01  92.2340947
2.1264056e-01  3.1948000e-01  88.8263731
2.1264056e-01  3.8337600e-01  84.1435146
2.1264056e-01  4.6005120e-01  86.8769903
2.1264056e-01  5.5206144e-01  92.3247557
2.1264056e-01  6.6247373e-01  82.7228850
2.1264056e-01  7.9496847e-01  89.3517222
2.1264056e-01  9.5396217e-01  91.1936155
2.1264056e-01  1.1447546e+00  83.0140090
2.1264056e-01  1.3737055e+00  92.6468765
2.1264056e-01  1.6484466e+00  90.0807188
2.1264056e-01  1.9781359e+00  91.2076354
2.1264056e-01  2.3737631e+00  87.5136494
2.1264056e-01  2.8485158e+00  87.9913573
2.1264056e-01  3.4182189e+00  86.3903150
2.1264056e-01  4.1018627e+00  86.2722472
2.1264056e-01  4.9222352e+00  86.6995557
2.1264056e-01  5.9066823e+00  86.5287836
2.1264056e-01  7.0880187e+00  86.5650217
2.1264056e-01  8.5056225e+00  86.5486137
2.1264056e-01  1.0206747e+01  86.5382446
2.1264056e-01  1.2248096e+01  86.5302791
2.1264056e-01  1.4697716e+01  86.5236554
2.1264056e-01  1.7637259e+01  86.5181351
2.1264056e-01  2.1164711e+01  86.5135354
2.1264056e-01  2.5397653e+01  86.5097025
2.1264056e-01  3.0477183e+01  86.5065087
2.1264056e-01  3.6572620e+01  86.5038473
2.1264056e-01  4.3887144e+01  86.5016296
2.1264056e-01  5.2664573e+01  86.4997815
2.1264056e-01  6.3197487e+01  86.4982415
2.1264056e-01  7.5836985e+01  86.4969582
2.1264056e-01  9.1004382e+01  86.4958888
2.1264056e-01  1.0920526e+02  86.4949977
2.5516867e-01  1.0000000e-02  89.5479548
2.5516867e-01  1.2000000e-02  112.7203846
2.5516867e-01  1.4400000e-02  135.7484348
2.5516867e-01  1.7280000e-02  156.9203593
2.5516867e-01  2.0736000e-02  173.1515340
2.5516867e-01  2.4883200e-02  179.9784765
2.5516867e-01  2.9859840e-02  180.2109092
2.5516867e-01  3.5831808e-02  172.2035556
2.5516867e-01  4.2998170e-02  156.2322297
2.5516867e-01  5.1597804e-02  129.0343851
2.5516867e-01  6.1917364e-02  99.0468831
2.5516867e-01  7.4300837e-02  89.0554192
2.5516867e-01  8.9161004e-02  99.3521997
2.5516867e-01  1.0699321e-01  118.3235897
2.5516867e-01  1.2839185e-01  115.7259695
2.5516867e-01  1.5407022e-01  103.9164263
2.5516867e-01  1.8488426e-01  111.3659797
2.5516867e-01  2.2186111e-01  104.1130315
2.5516867e-01  2.6623333e-01  111.8775169
2.5516867e-01  3.1948000e-01  107.8548732
2.5516867e-01  3.8337600e-01  102.1888163
2.5516867e-01  4.6005120e-01  105.4941340
2.5516867e-01  5.5206144e-01  112.0419156
2.5516867e-01  6.6247373e-01  100.4368252
2.5516867e-01  7.9496847e-01  108.4239249
2.5516867e-01  9.5396217e-01  110.6547399
2.5516867e-01  1.1447546e+00  100.7798620
2.5516867e-01  1.3737055e+00  112.4706038
2.5516867e-01  1.6484466e+00  109.4150240
2.5516867e-01  1.9781359e+00  110.6864354
2.5516867e-01  2.3737631e+00  106.2905934
2.5516867e-01  2.8485158e+00  106.8499043
2.5516867e-01  3.4182189e+00  104.9111415
2.5516867e-01  4.1018627e+00  104.7610668
2.5516867e-01  4.9222352e+00  105.2792224
2.5516867e-01  5.9066823e+00  105.0729639
2.5516867e-01  7.0880187e+00  105.1176758
2.5516867e-01  8.5056225e+00  105.0982560
2.5516867e-01  1.0206747e+01  105.0860604
2.5516867e-01  1.2248096e+01  105.0766982
2.5516867e-01  1.4697716e+01  105.0689131
2.5516867e-01  1.7637259e+01  105.0624248
2.5516867e-01  2.1164711e+01  105.0570184
2.5516867e-01  2.5397653e+01  105.0525133
2.5516867e-01  3.0477183e+01  105.0487593
2.5516867e-01  3.6572620e+01  105.0456312
2.5516867e-01  4.3887144e+01  105.0430245
2.5516867e-01  5.2664573e+01  105.0408524
2.5516867e-01  6.3197487e+01  105.0390423
2.5516867e-01  7.5836985e+01  105.0375339
2.5516867e-01  9.1004382e+01  105.0362770
2.5516867e-01  1.0920526e+02  105.0352295
3.0620241e-01  1.0000000e-02  108.3106963
3.0620241e-01  1.2000000e-02  136.1081246
3.0620241e-01  1.4400000e-02  163.6669499
3.0620241e-01  1.7280000e-02  188.9600519
3.0620241e-01  2.0736000e-02  208.2828830
3.0620241e-01  2.4883200e-02  216.3442565
3.0620241e-01  2.9859840e-02  216.5339056
3.0620241e-01  3.5831808e-02  206.9089268
3.0620241e-01  4.2998170e-02  187.7296651
3.0620241e-01  5.1597804e-02  155.1745265
3.0620241e-01  6.1917364e-02  119.4547627
3.0620241e-01  7.4300837e-02  107.8438566
3.0620241e-01  8.9161004e-02  120.5005567
3.0620241e-01  1.0699321e-01  143.3188914
3.0620241e-01  1.2839185e-01  140.0061262
3.0620241e-01  1.5407022e-01  125.8980668
3.0620241e-01  1.8488426e-01  134.9271023
3.0620241e-01  2.2186111e-01  126.1921464
3.0620241e-01  2.6623333e-01  135.5354987
3.0620241e-01  3.1948000e-01  130.8202613
3.0620241e-01  3.8337600e-01  123.9686007
3.0620241e-01  4.6005120e-01  127.9623391
3.0620241e-01  5.5206144e-01  135.8155403
3.0620241e-01  6.6247373e-01  121.8007619
3.0620241e-01  7.9496847e-01  131.4091244
3.0620241e-01  9.5396217e-01  134.1102281
3.0620241e-01  1.1447546e+00  122.2017616
3.0620241e-01  1.3737055e+00  136.3919004
3.0620241e-01  1.6484466e+00  132.7700853
3.0620241e-01  1.9781359e+00  134.1704578
3.0620241e-01  2.3737631e+00  128.9642944
3.0620241e-01  2.8485158e+00  129.6127934
3.0620241e-01  3.4182189e+00  127.2659693
3.0620241e-01  4.1018627e+00  127.0737322
3.0620241e-01  4.9222352e+00  127.7019936
3.0620241e-01  5.9066823e+00  127.4531224
3.0620241e-01  7.0880187e+00  127.5084784
3.0620241e-01  8.5056225e+00  127.4856392
3.0620241e-01  1.0206747e+01  127.4714132
3.0620241e-01  1.2248096e+01  127.4605021
3.0620241e-01  1.4697716e+01  127.4514287
3.0620241e-01  1.7637259e+01  127.4438668
3.0620241e-01  2.1164711e+01  127.4375657
3.0620241e-01  2.5397653e+01  127.4323151
3.0620241e-01  3.0477183e+01  127.4279398
3.0620241e-01  3.6572620e+01  127.4242940
3.0620241e-01  4.3887144e+01  127.4212559
3.0620241e-01  5.2664573e+01  127.4187242
3.0620241e-01  6.3197487e+01  127.4166146
3.0620241e-01  7.5836985e+01  127.4148565
3.0620241e-01  9.1004382e+01  127.4133916
3.0620241e-01  1.0920526e+02  127.4121708
3.6744289e-01  1.0000000e-02  130.7469809
3.6744289e-01  1.2000000e-02  164.0163761
3.6744289e-01  1.4400000e-02  196.9142707
3.6744289e-01  1.7280000e-02  227.0487191
3.6744289e-01  2.0736000e-02  249.9725014
3.6744289e-01  2.4883200e-02  259.4388478
3.6744289e-01  2.9859840e-02  259.5339225
3.6744289e-01  3.5831808e-02  247.9766040
3.6744289e-01  4.2998170e-02  224.9745924
3.6744289e-01  5.1597804e-02  186.0960494
3.6744289e-01  6.1917364e-02  143.7161037
3.6744289e-01  7.4300837e-02  130.3832643
3.6744289e-01  8.9161004e-02  145.9833811
3.6744289e-01  1.0699321e-01  173.3828097
3.6744289e-01  1.2839185e-01  169.1217657
3.6744289e-01  1.5407022e-01  152.3252003
3.6744289e-01  1.8488426e-01  163.2699942
3.6744289e-01  2.2186111e-01  152.7642908
3.6744289e-01  2.6623333e-01  163.9900557
3.6744289e-01  3.1948000e-01  158.5134583
3.6744289e-01  3.8337600e-01  150.2313504
3.6744289e-01  4.6005120e-01  155.0539070
3.6744289e-01  5.5206144e-01  164.4500971
3.6744289e-01  6.6247373e-01  147.5369769
3.6744289e-01  7.9496847e-01  159.0761017
3.6744289e-01  9.5396217e-01  162.3465945
3.6744289e-01  1.1447546e+00  148.0008078
3.6744289e-01  1.3737055e+00  165.2337354
3.6744289e-01  1.6484466e+00  160.9651628
3.6744289e-01  1.9781359e+00  162.4522050
3.6744289e-01  2.3737631e+00  156.3231911
3.6744289e-01  2.8485158e+00  157.0652659
3.6744289e-01  3.4182189e+00  154.2248611
3.6744289e-01  4.1018627e+00  153.9763228
3.6744289e-01  4.9222352e+00  154.7382740
3.6744289e-01  5.9066823e+00  154.4382610
3.6744289e-01  7.0880187e+00  154.5071065
3.6744289e-01  8.5056225e+00  154.4804644
3.6744289e-01  1.0206747e+01  154.4640495
3.6744289e-01  1.2248096e+01  154.4514748
3.6744289e-01  1.4697716e+01  154.4410178
3.6744289e-01  1.7637259e+01  154.4323026
3.6744289e-01  2.1164711e+01  154.4250404
3.6744289e-01  2.5397653e+01  154.4189890
3.6744289e-01  3.0477183e+01  154.4139464
3.6744289e-01  3.6572620e+01  154.4097444
3.6744289e-01  4.3887144e+01  154.4062429
3.6744289e-01  5.2664573e+01  154.4033250
3.6744289e-01  6.3197487e+01  154.4008936
3.6744289e-01  7.5836985e+01  154.3988674
3.6744289e-01  9.1004382e+01  154.3971789
3.6744289e-01  1.0920526e+02  154.3957718
4.4093147e-01  1.0000000e-02  157.4801345
4.4093147e-01  1.2000000e-02  197.1933049
4.4093147e-01  1.4400000e-02  236.3459463
4.4093147e-01  1.7280000e-02  272.1290517
4.4093147e-01  2.0736000e-02  299.2061272
4.4093147e-01  2.4883200e-02  310.2421227
4.4093147e-01  2.9859840e-02  310.1584296
4.4093147e-01  3.5831808e-02  296.2975024
4.4093147e-01  4.2998170e-02  268.7510701
4.4093147e-01  5.1597804e-02  222.4496199
4.4093147e-01  6.1917364e-02  172.4176750
4.4093147e-01  7.4300837e-02  157.3586337
4.4093147e-01  8.9161004e-02  176.6573471
4.4093147e-01  1.0699321e-01  209.4940896
4.4093147e-01  1.2839185e-01  203.9570046
4.4093147e-01  1.5407022e-01  184.0452384
4.4093147e-01  1.8488426e-01  197.3178801
4.4093147e-01  2.2186111e-01  184.7010824
4.4093147e-01  2.6623333e-01  198.1645820
4.4093147e-01  3.1948000e-01  191.8836461
4.4093147e-01  3.8337600e-01  181.8745341
4.4093147e-01  4.6005120e-01  187.6949396
4.4093147e-01  5.5206144e-01  198.9043486
4.4093147e-01  6.6247373e-01  178.5058956
4.4093147e-01  7.9496847e-01  192.3367600
4.4093147e-01  9.5396217e-01  196.2977372
4.4093147e-01  1.1447546e+00  179.0344879
4.4093147e-01  1.3737055e+00  199.9832763
4.4093147e-01  1.6484466e+00  194.9903242
4.4093147e-01  1.9781359e+00  196.4750635
4.4093147e-01  2.3737631e+00  189.3169051
4.4093147e-01  2.8485158e+00  190.1501772
4.4093147e-01  3.4182189e+00  186.7119167
4.4093147e-01  4.1018627e+00  186.3869723
4.4093147e-01  4.9222352e+00  187.3116389
4.4093147e-01  5.9066823e+00  186.9502989
4.4093147e-01  7.0880187e+00  187.0364327
4.4093147e-01  8.5056225e+00  187.0056978
4.4093147e-01  1.0206747e+01  186.9870437
4.4093147e-01  1.2248096e+01  186.9727777
4.4093147e-01  1.4697716e+01  186.9609140
4.4093147e-01  1.7637259e+01  186.9510261
4.4093147e-01  2.1164711e+01  186.9427867
4.4093147e-01  2.5397653e+01  186.9359209
4.4093147e-01  3.0477183e+01  186.9301996
4.4093147e-01  3.6572620e+01  186.9254321
4.4093147e-01  4.3887144e+01  186.9214592
4.4093147e-01  5.2664573e+01  186.9181486
4.4093147e-01  6.3197487e+01  186.9153898
4.4093147e-01  7.5836985e+01  186.9130909
4.4093147e-01  9.1004382e+01  186.9111751
4.4093147e-01  1.0920526e+02  186.9095787
5.2911776e-01  1.0000000e-02  189.1811221
5.2911776e-01  1.2000000e-02  236.4301743
5.2911776e-01  1.4400000e-02  282.8463967
5.2911776e-01  1.7280000e-02  325.1527916
5.2911776e-01  2.0736000e-02  356.9489554
5.2911776e-01  2.4883200e-02  369.6871818
5.2911776e-01  2.9859840e-02  369.2882632
5.2911776e-01  3.5831808e-02  352.6900346
5.2911776e-01  4.2998170e-02  319.7608555
5.2911776e-01  5.1597804e-02  264.8178636
5.2911776e-01  6.1917364e-02  206.1469754
5.2911776e-01  7.4300837e-02  189.5518435
5.2911776e-01  8.9161004e-02  213.5429013
5.2911776e-01  1.0699321e-01  252.7996623
5.2911776e-01  1.2839185e-01  245.5140594
5.2911776e-01  1.5407022e-01  222.0460204
5.2911776e-01  1.8488426e-01  238.1535343
5.2911776e-01  2.2186111e-01  223.0287308
5.2911776e-01  2.6623333e-01  239.1399739
5.2911776e-01  3.1948000e-01  232.0701668
5.2911776e-01  3.8337600e-01  219.9744954
5.2911776e-01  4.6005120e-01  226.9959411
5.2911776e-01  5.5206144e-01  240.3167057
5.2911776e-01  6.6247373e-01  215.7294067
5.2911776e-01  7.9496847e-01  232.2662719
5.2911776e-01  9.5396217e-01  237.0663164
5.2911776e-01  1.1447546e+00  216.3183639
5.2911776e-01  1.3737055e+00  241.8241526
5.2911776e-01  1.6484466e+00  236.0462204
5.2911776e-01  1.9781359e+00  237.3572145
5.2911776e-01  2.3737631e+00  229.0915581
5.2911776e-01  2.8485158e+00  230.0001826
5.2911776e-01  3.4182189e+00  225.8364666
5.2911776e-01  4.1018627e+00  225.4057190
5.2911776e-01  4.9222352e+00  226.5290657
5.2911776e-01  5.9066823e+00  226.0942926
5.2911776e-01  7.0880187e+00  226.2029125
5.2911776e-01  8.5056225e+00  226.1680266
5.2911776e-01  1.0206747e+01  226.1473094
5.2911776e-01  1.2248096e+01  226.1315048
5.2911776e-01  1.4697716e+01  226.1183609
5.2911776e-01  1.7637259e+01  226.1074058
5.2911776e-01  2.1164711e+01  226.0982769
5.2911776e-01  2.5397653e+01  226.0906699
5.2911776e-01  3.0477183e+01  226.0843309
5.2911776e-01  3.6572620e+01  226.0790485
5.2911776e-01  4.3887144e+01  226.0746467
5.2911776e-01  5.2664573e+01  226.0709786
5.2911776e-01  6.3197487e+01  226.0679218
5.2911776e-01  7.5836985e+01  226.0653746
5.2911776e-01  9.1004382e+01  226.0632519
5.2911776e-01  1.0920526e+02  226.0614831
6.3494132e-01  1.0000000e-02  226.5016209
6.3494132e-01  1.2000000e-02  282.4641372
6.3494132e-01  1.4400000e-02  337.1937585
6.3494132e-01  1.7280000e-02  386.9052617
6.3494132e-01  2.0736000e-02  423.9273517
6.3494132e-01  2.4883200e-02  438.4135631
6.3494132e-01  2.9859840e-02  437.4749028
6.3494132e-01  3.5831808e-02  417.6427646
6.3494132e-01  4.2998170e-02  378.3764926
6.3494132e-01  5.1597804e-02  313.5130596
6.3494132e-01  6.1917364e-02  245.3850399
6.3494132e-01  7.4300837e-02  227.8268336
6.3494132e-01  8.9161004e-02  257.8507804
6.3494132e-01  1.0699321e-01  304.6186913
6.3494132e-01  1.2839185e-01  294.8775618
6.3494132e-01  1.5407022e-01  267.4561341
6.3494132e-01  1.8488426e-01  287.0254267
6.3494132e-01  2.2186111e-01  268.9399502
6.3494132e-01  2.6623333e-01  288.1581270
6.3494132e-01  3.1948000e-01  280.4408579
6.3494132e-01  3.8337600e-01  265.8226403
6.3494132e-01  4.6005120e-01  274.2882751
6.3494132e-01  5.5206144e-01  290.0280909
6.3494132e-01  6.6247373e-01  260.4137371
6.3494132e-01  7.9496847e-01  280.1162142
6.3494132e-01  9.5396217e-01  285.9386542
6.3494132e-01  1.1447546e+00  261.0453249
6.3494132e-01  1.3737055e+00  292.1737821
6.3494132e-01  1.6484466e+00  285.5985106
6.3494132e-01  1.9781359e+00  286.4118731
6.3494132e-01  2.3737631e+00  277.0358952
6.3494132e-01  2.8485158e+00  277.9769952
6.3494132e-01  3.4182189e+00  272.9309474
6.3494132e-01  4.1018627e+00  272.3495821
6.3494132e-01  4.9222352e+00  273.7166260
6.3494132e-01  5.9066823e+00  273.1941789
6.3494132e-01  7.0880187e+00  273.3326652
6.3494132e-01  8.5056225e+00  273.2940899
6.3494132e-01  1.0206747e+01  273.2719535
6.3494132e-01  1.2248096e+01  273.2551335
6.3494132e-01  1.4697716e+01  273.2411444
6.3494132e-01  1.7637259e+01  273.2294840
6.3494132e-01  2.1164711e+01  273.2197674
6.3494132e-01  2.5397653e+01  273.2116704
6.3494132e-01  3.0477183e+01  273.2049231
6.3494132e-01  3.6572620e+01  273.1993004
6.3494132e-01  4.3887144e+01  273.1946149
6.3494132e-01  5.2664573e+01  273.1907104
6.3494132e-01  6.3197487e+01  273.1874567
6.3494132e-01  7.5836985e+01  273.1847452
6.3494132e-01  9.1004382e+01  273.1824857
6.3494132e-01  1.0920526e+02  273.1806028
7.6192958e-01  1.0000000e-02  269.8491029
7.6192958e-01  1.2000000e-02  335.6615849
7.6192958e-01  1.4400000e-02  399.6319283
7.6192958e-01  1.7280000e-02  457.4611376
7.6192958e-01  2.0736000e-02  499.9647446
7.6192958e-01  2.4883200e-02  516.0266580
7.6192958e-01  2.9859840e-02  514.1594865
7.6192958e-01  3.5831808e-02  490.5532693
7.6192958e-01  4.2998170e-02  443.9169575
7.6192958e-01  5.1597804e-02  367.9860716
7.6192958e-01  6.1917364e-02  290.1829867
7.6192958e-01  7.4300837e-02  273.0517838
7.6192958e-01  8.9161004e-02  311.0022787
7.6192958e-01  1.0699321e-01  366.3887249
7.6192958e-01  1.2839185e-01  353.0587050
7.6192958e-01  1.5407022e-01  321.4935926
7.6192958e-01  1.8488426e-01  345.3051073
7.6192958e-01  2.2186111e-01  323.7726001
7.6192958e-01  2.6623333e-01  346.5718459
7.6192958e-01  3.1948000e-01  338.6379466
7.6192958e-01  3.8337600e-01  320.9701617
7.6192958e-01  4.6005120e-01  331.1669494
7.6192958e-01  5.5206144e-01  349.5831232
7.6192958e-01  6.6247373e-01  313.9599633
7.6192958e-01  7.9496847e-01  337.2925959
7.6192958e-01  9.5396217e-01  344.3656647
7.6192958e-01  1.1447546e+00  314.5860888
7.6192958e-01  1.3737055e+00  352.7228022
7.6192958e-01  1.6484466e+00  345.4654930
7.6192958e-01  1.9781359e+00  345.1424137
7.6192958e-01  2.3737631e+00  334.8492195
7.6192958e-01  2.8485158e+00  335.7204917
7.6192958e-01  3.4182189e+00  329.5978654
7.6192958e-01  4.1018627e+00  328.7921525
7.6192958e-01  4.9222352e+00  330.4603057
7.6192958e-01  5.9066823e+00  329.8338974
7.6192958e-01  7.0880187e+00  330.0134640
7.6192958e-01  8.5056225e+00  329.9728878
7.6192958e-01  1.0206747e+01  329.9510247
7.6192958e-01  1.2248096e+01  329.9345399
7.6192958e-01  1.4697716e+01  329.9208279
7.6192958e-01  1.7637259e+01  329.9093974
7.6192958e-01  2.1164711e+01  329.8998721
7.6192958e-01  2.5397653e+01  329.8919344
7.6192958e-01  3.0477183e+01  329.8853196
7.6192958e-01  3.6572620e+01  329.8798073
7.6192958e-01  4.3887144e+01  329.8752137
7.6192958e-01  5.2664573e+01  329.8713857
7.6192958e-01  6.3197487e+01  329.8681957
7.6192958e-01  7.5836985e+01  329.8655374
7.6192958e-01  9.1004382e+01  329.8633222
7.6192958e-01  1.0920526e+02  329.8614761
9.1431550e-01  1.0000000e-02  318.2229514
9.1431550e-01  1.2000000e-02  394.4017355
9.1431550e-01  1.4400000e-02  467.7143825
9.1431550e-01  1.7280000e-02  533.4695544
9.1431550e-01  2.0736000e-02  580.7003743
9.1431550e-01  2.4883200e-02  597.4646013
9.1431550e-01  2.9859840e-02  593.8605508
9.1431550e-01  3.5831808e-02  566.0229974
9.1431550e-01  4.2998170e-02  511.1375938
9.1431550e-01  5.1597804e-02  423.9700795
9.1431550e-01  6.1917364e-02  338.5746994
9.1431550e-01  7.4300837e-02  325.6359828
9.1431550e-01  8.9161004e-02  374.5799964
9.1431550e-01  1.0699321e-01  439.2348048
9.1431550e-01  1.2839185e-01  420.1095405
9.1431550e-01  1.5407022e-01  385.0852888
9.1431550e-01  1.8488426e-01  414.1254346
9.1431550e-01  2.2186111e-01  388.7641134
9.1431550e-01  2.6623333e-01  415.4478837
9.1431550e-01  3.1948000e-01  408.6310513
9.1431550e-01  3.8337600e-01  387.2900039
9.1431550e-01  4.6005120e-01  399.5354921
9.1431550e-01  5.5206144e-01  420.5674973
9.1431550e-01  6.6247373e-01  377.8733879
9.1431550e-01  7.9496847e-01  405.0958301
9.1431550e-01  9.5396217e-01  413.7104989
9.1431550e-01  1.1447546e+00  378.3516947
9.1431550e-01  1.3737055e+00  425.4470151
9.1431550e-01  1.6484466e+00  418.0593565
9.1431550e-01  1.9781359e+00  415.0550820
9.1431550e-01  2.3737631e+00  404.7000174
9.1431550e-01  2.8485158e+00  405.2193402
9.1431550e-01  3.4182189e+00  397.7754680
9.1431550e-01  4.1018627e+00  396.5957490
9.1431550e-01  4.9222352e+00  398.6425111
9.1431550e-01  5.9066823e+00  397.8958111
9.1431550e-01  7.0880187e+00  398.1370389
9.1431550e-01  8.5056225e+00  398.1000612
9.1431550e-01  1.0206747e+01  398.0833870
9.1431550e-01  1.2248096e+01  398.0711230
9.1431550e-01  1.4697716e+01  398.0609180
9.1431550e-01  1.7637259e+01  398.0524087
9.1431550e-01  2.1164711e+01  398.0453172
9.1431550e-01  2.5397653e+01  398.0394073
9.1431550e-01  3.0477183e+01  398.0344821
9.1431550e-01  3.6572620e+01  398.0303777
9.1431550e-01  4.3887144e+01  398.0269572
9.1431550e-01  5.2664573e+01  398.0241067
9.1431550e-01  6.3197487e+01  398.0217312
9.1431550e-01  7.5836985e+01  398.0197516
9.1431550e-01  9.1004382e+01  398.0181019
9.1431550e-01  1.0920526e+02  398.0167272
1.0971786e+00  1.0000000e-02  336.9188267
1.0971786e+00  1.2000000e-02  415.6459493
1.0971786e+00  1.4400000e-02  490.3099401
1.0971786e+00  1.7280000e-02  556.4885897
1.0971786e+00  2.0736000e-02  602.3029599
1.0971786e+00  2.4883200e-02  616.9290502
1.0971786e+00  2.9859840e-02  611.0628847
1.0971786e+00  3.5831808e-02  581.6150615
1.0971786e+00  4.2998170e-02  523.5164836
1.0971786e+00  5.1597804e-02  434.7363210
1.0971786e+00  6.1917364e-02  354.1415645
1.0971786e+00  7.4300837e-02  351.5740685
1.0971786e+00  8.9161004e-02  409.6454992
1.0971786e+00  1.0699321e-01  476.7979462
1.0971786e+00  1.2839185e-01  451.2041654
1.0971786e+00  1.5407022e-01  417.8183300
1.0971786e+00  1.8488426e-01  449.9250029
1.0971786e+00  2.2186111e-01  423.2459316
1.0971786e+00  2.6623333e-01  451.0330695
1.0971786e+00  3.1948000e-01  448.0241379
1.0971786e+00  3.8337600e-01  424.6928466
1.0971786e+00  4.6005120e-01  437.9642544
1.0971786e+00  5.5206144e-01  458.9933335
1.0971786e+00  6.6247373e-01  412.8550076
1.0971786e+00  7.9496847e-01  441.0558211
1.0971786e+00  9.5396217e-01  450.5871794
1.0971786e+00  1.1447546e+00  412.9209986
1.0971786e+00  1.3737055e+00  466.0814131
1.0971786e+00  1.6484466e+00  460.2414809
1.0971786e+00  1.9781359e+00  452.7102001
1.0971786e+00  2.3737631e+00  444.7649566
1.0971786e+00  2.8485158e+00  444.4658748
1.0971786e+00  3.4182189e+00  436.2484589
1.0971786e+00  4.1018627e+00  434.6229219
1.0971786e+00  4.9222352e+00  436.9121709
1.0971786e+00  5.9066823e+00  436.1118178
1.0971786e+00  7.0880187e+00  436.4150050
1.0971786e+00  8.5056225e+00  436.3940577
1.0971786e+00  1.0206747e+01  436.3915829
1.0971786e+00  1.2248096e+01  436.3905520
1.0971786e+00  1.4697716e+01  436.3896852
1.0971786e+00  1.7637259e+01  436.3889571
1.0971786e+00  2.1164711e+01  436.3883495
1.0971786e+00  2.5397653e+01  436.3878425
1.0971786e+00  3.0477183e+01  436.3874196
1.0971786e+00  3.6572620e+01  436.3870669
1.0971786e+00  4.3887144e+01  436.3867728
1.0971786e+00  5.2664573e+01  436.3865276
1.0971786e+00  6.3197487e+01  436.3863231
1.0971786e+00  7.5836985e+01  436.3861527
1.0971786e+00  9.1004382e+01  436.3860106
1.0971786e+00  1.0920526e+02  436.3858921
