// Mapping of true neutrino energy to reconstructed energy
// in T2K
energy(#ERES_NU_QE)<
  @energy =
{0, 68, 0.37620180825362015, 0.23200143227965034, 0.07945925058750301, 0.018094975582527425, 0.0031217124690566802, 0.00044862580848004086, 0.00005755315908723134, 6.931358954243015e-6, 8.128829452891393e-7, 9.532531103362273e-8, 1.1393003374049467e-8, 1.4067236819848004e-9, 1.8115076105829073e-10, 2.448707903113245e-11, 3.4891534106407103e-12, 5.254130464038551e-13, 8.371081605673678e-14, 1.4099832412739483e-14, 2.5535129566378596e-15, 4.996003610813202e-16, 1.1102230246251563e-16, 0., 0., 0., 0., 0., 0., 0., 0., 0., 0., 0., 0., 0., 0., 0., 0., 0., 0., 0., 0., 0., 0., 0., 0., 0., 0., 0., 0., 0., 0., 0., 0., 0., 0., 0., 0., 0., 0., 0., 0., 0., 0., 0., 0., 0., 0., 0., 0.}:
{0, 68, 0.25474601925421364, 0.355643788393484, 0.2338356415434091, 0.08984122694775479, 0.023592496924426824, 0.004751557014321394, 0.0007991359488387915, 0.00011953354958105231, 0.0000166615215789756, 2.2402939521271033e-6, 2.980923697326609e-7, 3.999545816757432e-8, 5.485831844342925e-9, 7.768682919184753e-10, 1.143867223163397e-10, 1.759670187340134e-11, 2.8372859617320492e-12, 4.804490139065364e-13, 8.548717289613703e-14, 1.5987211554602248e-14, 3.1086244689504375e-15, 6.661338147750938e-16, 1.6653345369377343e-16, 5.5511151231257815e-17, 0., 0., 0., 0., 0., 0., 0., 0., 0., 0., 0., 0., 0., 0., 0., 0., 0., 0., 0., 0., 0., 0., 0., 0., 0., 0., 0., 0., 0., 0., 0., 0., 0., 0., 0., 0., 0., 0., 0., 0., 0., 0., 0., 0., 0.}:
{0, 68, 0.07056363259891704, 0.24625656440506094, 0.3369484938142541, 0.23387114180927634, 0.09919020076390896, 0.029486856989337222, 0.006805201380829627, 0.0013162729037257679, 0.00022600047963322598, 0.000035967605154674225, 5.481309304444792e-6, 8.196925613268568e-7, 1.2251116726647024e-7, 1.855237213854721e-8, 2.8755380299116942e-9, 4.5956749517017654e-10, 7.613731867195381e-11, 1.3124279441001358e-11, 2.3597235276895386e-12, 4.432010314303624e-13, 8.704148513061226e-14, 1.7874590696465017e-14, 3.830269434956789e-15, 8.326672684688671e-16, 2.2204460492503126e-16, 5.5511151231257815e-17, 0., 0., 0., 0., 0., 0., 0., 0., 0., 0., 0., 0., 0., 0., 0., 0., 0., 0., 0., 0., 0., 0., 0., 0., 0., 0., 0., 0., 0., 0., 0., 0., 0., 0., 0., 0., 0., 0., 0., 0., 0., 0., 0.}:
{0, 68, 0.007932531853516663, 0.07688326696548502, 0.23804118488149845, 0.31991652359086326, 0.23251976510217062, 0.10742527299497487, 0.03559692917090562, 0.009266690172012258, 0.002030639499958353, 0.0003947817936186259, 0.00007087575248537757, 0.000012115324558081841, 2.018383064794626e-6, 3.335989994246446e-7, 5.544496767262429e-8, 9.36147015462296e-9, 1.618029488170691e-9, 2.8789953754326797e-10, 5.295253124870668e-11, 1.0096701252848558e-11, 1.9997337119548316e-12, 4.1189274213593303e-13, 8.826273045769992e-14, 1.9706458687096525e-14, 4.551914400963141e-15, 1.1102230246251561e-15, 2.775557561562891e-16, 5.5511151231257815e-17, 0., 0., 0., 0., 0., 0., 0., 0., 0., 0., 0., 0., 0., 0., 0., 0., 0., 0., 0., 0., 0., 0., 0., 0., 0., 0., 0., 0., 0., 0., 0., 0., 0., 0., 0., 0., 0., 0., 0., 0., 0.}:
{0, 68, 0.0003581052248734505, 0.010767712382725888, 0.0823480836179201, 0.23014294701052526, 0.30436600082726484, 0.23011796402480927, 0.11453577729727281, 0.04175708687914141, 0.01209741758388416, 0.002964609329774991, 0.0006448379023006877, 0.0001292022908401247, 0.000024541024023105866, 4.518119068763759e-6, 8.2018872377132e-7, 1.4876625109572212e-7, 2.7235861010943542e-8, 5.07214920064669e-9, 9.665084843568648e-10, 1.8927154288306264e-10, 3.82142650856565e-11, 7.972955629043098e-12, 1.721678355437461e-12, 3.851363672424667e-13, 8.931744233109382e-14, 2.1482815526496773e-14, 5.384581669432008e-15, 1.3877787807814453e-15, 3.885780586188047e-16, 1.1102230246251563e-16, 5.551115123125782e-17, 0., 0., 0., 0., 0., 0., 0., 0., 0., 0., 0., 0., 0., 0., 0., 0., 0., 0., 0., 0., 0., 0., 0., 0., 0., 0., 0., 0., 0., 0., 0., 0., 0., 0., 0., 0., 0., 0.}:
{0, 68, 6.422699524610828e-6, 0.0006717017391368316, 0.013902653581258749, 0.08699624679816396, 0.22258405143221452, 0.2901340372944315, 0.22693603977117063, 0.12055914390047998, 0.04782588048068342, 0.015242352823831238, 0.004130428383471273, 0.0009946284791456648, 0.0002202970203297738, 0.00004610339538546614, 9.310736379108951e-6, 1.8446781616110457e-6, 3.631918479296557e-7, 7.177770061650432e-8, 1.4350379828886867e-8, 2.9198820583609116e-9, 6.074168390490796e-10, 1.2963691231604455e-10, 2.8457680656401853e-11, 6.43723963023035e-12, 1.5023537969227614e-12, 3.6204372833026345e-13, 9.009459844833143e-14, 2.320366121466577e-14, 6.161737786669618e-15, 1.6653345369377344e-15, 4.4408920985006257e-16, 1.6653345369377346e-16, 5.5511151231257815e-17, 0., 0., 0., 0., 0., 0., 0., 0., 0., 0., 0., 0., 0., 0., 0., 0., 0., 0., 0., 0., 0., 0., 0., 0., 0., 0., 0., 0., 0., 0., 0., 0., 0., 0., 0., 0.}:
{0, 68, 4.5338552356888315e-8, 0.000018521764981960225, 0.0011399556513984053, 0.01724072454233849, 0.0908871586306366, 0.21537244124231153, 0.27707629640890485, 0.22318851998542968, 0.12556313696588176, 0.05368953300488093, 0.018636609083378105, 0.005529713379229639, 0.0014605366669295237, 0.00035455433385439544, 0.00008113004306942172, 0.000017851816922320733, 3.837476642176705e-6, 8.160098579623739e-7, 1.7334514551547992e-7, 3.707337503655594e-8, 8.031259601803951e-9, 1.7706267008144037e-9, 3.987232766178293e-10, 9.196382544374157e-11, 2.1769974711816073e-11, 5.297096095091545e-12, 1.3262169140659805e-12, 3.4189318043331686e-13, 9.076073226310653e-14, 2.48689957516035e-14, 6.9944050551384854e-15, 1.9984014443252814e-15, 6.10622663543836e-16, 2.2204460492503128e-16, 5.551115123125782e-17, 0., 0., 0., 0., 0., 0., 0., 0., 0., 0., 0., 0., 0., 0., 0., 0., 0., 0., 0., 0., 0., 0., 0., 0., 0., 0., 0., 0., 0., 0., 0., 0., 0., 0.}:
{0, 68, 1.2502987534190877e-10, 2.2416790929069558e-7, 0.00004515198557497601, 0.0017853431518604075, 0.02068919583228567, 0.09409064171916395, 0.20850649410460972, 0.2650656487890313, 0.21904408322906124, 0.12963249642493765, 0.05926183029470798, 0.022211377063029333, 0.0071541199121367685, 0.0020555800562507827, 0.0005427659628627345, 0.00013485836465626508, 0.00003213241834365553, 7.453682632885259e-6, 1.7037345165227254e-6, 3.8745303326814796e-7, 8.833904585614504e-8, 2.031634138699445e-8, 4.735695557922524e-9, 1.1230596452804771e-9, 2.7175134365009507e-10, 6.724526491197479e-11, 1.704519858591879e-11, 4.431177647035155e-12, 1.182498543528254e-12, 3.2407410088808314e-13, 9.126033262418786e-14, 2.642330798607872e-14, 7.827072323607352e-15, 2.3869795029440866e-15, 7.771561172376095e-16, 2.775557561562891e-16, 1.1102230246251564e-16, 5.5511151231257815e-17, 0., 0., 0., 0., 0., 0., 0., 0., 0., 0., 0., 0., 0., 0., 0., 0., 0., 0., 0., 0., 0., 0., 0., 0., 0., 0., 0., 0., 0., 0., 0.}:
{0, 68, 1.3394840792102509e-13, 1.1837191227215267e-9, 8.5935899413192e-7, 0.00009623414942611096, 0.002619479668481416, 0.02416548529816414, 0.09667971187772886, 0.20197832670731147, 0.2539904669098786, 0.214634339618305, 0.13285940538760913, 0.06448181084520853, 0.025898710558397205, 0.008986824433656171, 0.0027885420824670932, 0.0007954111601540801, 0.00021325553952034054, 0.00005471116281302589, 0.000013626509339281775, 3.3333337923213686e-6, 8.084071007052883e-7, 1.958461155471269e-7, 4.7682960968575814e-8, 1.1724054616024658e-8, 2.9223441999626224e-9, 7.407031654693694e-10, 1.9135859563590424e-10, 5.048217399661324e-11, 1.3618051131203398e-11, 3.760269873254173e-12, 1.0635381464396685e-12, 3.0825342278717466e-13, 9.159339953157539e-14, 2.7866597918091423e-14, 8.715250743307477e-15, 2.775557561562891e-15, 8.881784197001251e-16, 2.775557561562891e-16, 1.1102230246251564e-16, 5.5511151231257815e-17, 0., 0., 0., 0., 0., 0., 0., 0., 0., 0., 0., 0., 0., 0., 0., 0., 0., 0., 0., 0., 0., 0., 0., 0., 0., 0., 0., 0., 0.}:
{0, 68, 5.551115123125781e-17, 2.7140512059986573e-12, 7.822332059870261e-9, 2.6895493340228774e-6, 0.00018395980794055905, 0.003642769718209148, 0.02760024446086317, 0.09872601279640711, 0.19577610632409698, 0.2437528504794318, 0.21006126503772934, 0.1353370154339612, 0.06931033572942123, 0.02963500961987919, 0.011004449251891809, 0.003663561434261441, 0.0011219781555952264, 0.00032275150673988223, 0.00008869697187896539, 0.00002360929406464151, 6.155330429635785e-6, 1.5862281430023546e-6, 4.070387602528312e-7, 1.046319679232077e-7, 2.7074214870026474e-8, 7.079534403153785e-9, 1.8765825005040422e-9, 5.055019181021691e-10, 1.3864936976304418e-10, 3.8780201272459174e-11, 1.1073919559123622e-11, 3.2311375797178235e-12, 9.638956299795607e-13, 2.941535903744352e-13, 9.181544413650045e-14, 2.9309887850104126e-14, 9.603429163007602e-15, 3.219646771412953e-15, 1.1102230246251565e-15, 3.8857805861880474e-16, 1.6653345369377348e-16, 5.551115123125782e-17, 0., 0., 0., 0., 0., 0., 0., 0., 0., 0., 0., 0., 0., 0., 0., 0., 0., 0., 0., 0., 0., 0., 0., 0., 0., 0., 0.}:
{0, 68, 0., 2.7200464103316327e-15, 3.3918534647625614e-11, 3.883170673901758e-8, 7.145135718755744e-6, 0.00032165910790660213, 0.004845620770329683, 0.030938169467303538, 0.10029712917898308, 0.18988565695057774, 0.2342669302768594, 0.2054033275246838, 0.13715528442419458, 0.07372628477442515, 0.03336327556895612, 0.013179114888611116, 0.004680142207126424, 0.001530391453484547, 0.00046991718870653665, 0.00013768030421168473, 0.000038998765664099974, 0.000010795109768368947, 2.9459594004244126e-6, 7.98333424589792e-7, 2.161046178117409e-7, 5.8716412121295734e-8, 1.6075874853527236e-8, 4.449284496388372e-9, 1.2480115274549062e-9, 3.5550778987314397e-10, 1.030112661837279e-10, 3.04000713491348e-11, 9.146128299164499e-12, 2.8072544289159388e-12, 8.794631689568177e-13, 2.8138602559124587e-13, 9.18709552877317e-14, 3.0642155479654314e-14, 1.043609643147647e-14, 3.608224830031758e-15, 1.2767564783189298e-15, 4.4408920985006257e-16, 1.6653345369377346e-16, 5.551115123125782e-17, 5.5511151231257815e-17, 0., 0., 0., 0., 0., 0., 0., 0., 0., 0., 0., 0., 0., 0., 0., 0., 0., 0., 0., 0., 0., 0., 0., 0.}:
{0, 68, 0., 0., 6.983302824892233e-14, 2.8870372759115515e-10, 1.5305893436012846e-7, 0.000016601887775691267, 0.0005224223898374624, 0.006210565858934202, 0.03413736150351226, 0.10145517356456356, 0.1842915663720285, 0.22545731797855942, 0.20072044900352692, 0.13839849123355716, 0.07772284543894968, 0.03703433092807195, 0.015480389019494773, 0.005833501656870464, 0.002026591898149521, 0.0006611247546581266, 0.00020561820265352357, 0.00006173445977664115, 0.00001807843171341971, 5.2078542446820625e-6, 1.4861897746354376e-6, 4.2259520210974333e-7, 1.203047528264278e-7, 3.4423265682370634e-8, 9.931776789873224e-9, 2.8969707188686296e-9, 8.560999686935132e-10, 2.567486778737304e-10, 7.824990655436179e-11, 2.426120415677246e-11, 7.658595979620484e-12, 2.462918757828447e-12, 8.072986723561825e-13, 2.69784194983913e-13, 9.192646643896295e-14, 3.19744231092045e-14, 1.1324274851176595e-14, 4.1078251911130784e-15, 1.554312234475219e-15, 6.10622663543836e-16, 1.6653345369377343e-16, 1.1102230246251562e-16, 5.5511151231257815e-17, 0., 0., 0., 0., 0., 0., 0., 0., 0., 0., 0., 0., 0., 0., 0., 0., 0., 0., 0., 0., 0., 0.}:
{0, 68, 0., 0., 5.5511151231257815e-17, 1.1022849299990865e-12, 1.8036463433901411e-9, 4.997870050038599e-7, 0.0000345334082265114, 0.0007977847224543976, 0.007714708746397846, 0.0371678854732767, 0.10225620506232061, 0.17897794112222082, 0.2172577256796113, 0.19605797820279475, 0.13914392355523175, 0.08130415270118338, 0.04060723813062765, 0.017876987990458334, 0.007115153593745481, 0.0026142882423670906, 0.0009022245035065211, 0.00029668428627088733, 0.00009407220745605291, 0.00002904747662274553, 8.806520614468292e-6, 2.6394616876035384e-6, 7.865125902228874e-7, 2.34110185570735e-7, 6.988006862052029e-8, 2.098478207868126e-8, 6.3566192309849595e-9, 1.9465381528860344e-9, 6.036480204585358e-10, 1.8984974703428745e-10, 6.062311763699312e-11, 1.9672485862542996e-11, 6.491973625344371e-12, 2.179811886549032e-12, 7.4495964952348e-13, 2.5918156509874274e-13, 9.181544413650043e-14, 3.3140157285060916e-14, 1.2156942119645463e-14, 4.551914400963141e-15, 1.77635683940025e-15, 6.661338147750936e-16, 2.2204460492503126e-16, 1.1102230246251563e-16, 5.551115123125781e-17, 0., 0., 0., 0., 0., 0., 0., 0., 0., 0., 0., 0., 0., 0., 0., 0., 0., 0., 0., 0.}:
{0, 68, 0., 0., 0., 2.164934898019055e-15, 1.1665612920097598e-11, 8.75782690812343e-9, 1.3973082062523896e-6, 0.00006550035118008112, 0.001156701516978775, 0.009332072403749168, 0.040009983328366354, 0.10275016953897557, 0.17392891356404835, 0.20960975571305607, 0.1914498478876715, 0.13946135800336237, 0.08448239619709827, 0.04404914414404042, 0.02033816034742924, 0.008513626965287123, 0.0032948753928210834, 0.0011982660234661766, 0.00041509822539492747, 0.0001385328174068334, 0.000044964672644864916, 0.000014306944468800428, 4.492172334613629e-6, 1.3996078850886382e-6, 4.347181759012385e-7, 1.3512602392573567e-7, 4.2169446101691925e-8, 1.3247856811560151e-8, 4.198972725077964e-9, 1.3451833535960132e-9, 4.362228356313835e-10, 1.4336704046158386e-10, 4.779981965796764e-11, 1.6179779738223484e-11, 5.563494109850352e-12, 1.9442225607235737e-12, 6.907807659217724e-13, 2.495226247845039e-13, 9.17044218340379e-14, 3.425038030968607e-14, 1.298960938811433e-14, 4.996003610813203e-15, 1.9984014443252814e-15, 7.771561172376094e-16, 3.3306690738754686e-16, 1.6653345369377343e-16, 5.551115123125781e-17, 0., 0., 0., 0., 0., 0., 0., 0., 0., 0., 0., 0., 0., 0., 0., 0., 0., 0.}:
{0, 68, 0., 0., 0., 0., 4.135580766728707e-14, 8.91641205313931e-11, 3.455319458334216e-8, 3.4329197617921628e-6, 0.00011496080213851954, 0.0016049261054650872, 0.011035607537125456, 0.04265223428470815, 0.10298114958874703, 0.16912897488125084, 0.20246184995712557, 0.18692107142023276, 0.139413054676374, 0.0872754212127789, 0.04733474715307888, 0.022834736311325092, 0.010015233179420711, 0.00406749797028083, 0.001553282037075387, 0.0005649501017448987, 0.0001978298452769422, 0.00006730285589356952, 0.000022415456629010226, 7.355655505691948e-6, 2.3911132586151847e-6, 7.734928864078227e-7, 2.499465621141894e-7, 8.093996178848426e-8, 2.633708134913703e-8, 8.630431369560652e-9, 2.853416780634887e-9, 9.53309431395155e-10, 3.222461186780378e-10, 1.1032508240305104e-10, 3.8287317760676836e-11, 1.347771894089078e-11, 4.814815213194378e-12, 1.7463253065841396e-12, 6.432077093165843e-13, 2.4064084058750263e-13, 9.148237722911289e-14, 3.5360603334311223e-14, 1.3877787807814452e-14, 5.551115123125782e-15, 2.2204460492503123e-15, 8.881784197001249e-16, 3.885780586188047e-16, 1.6653345369377346e-16, 5.5511151231257815e-17, 5.5511151231257815e-17, 0., 0., 0., 0., 0., 0., 0., 0., 0., 0., 0., 0., 0., 0., 0.}:
{0, 68, 0., 0., 0., 0., 5.551115123125781e-17, 5.265232694284803e-13, 5.214108589335352e-10, 1.1471109023775125e-7, 7.566444502005164e-6, 0.00018893318188389904, 0.0021447951434839236, 0.012798759506779665, 0.045089830915881306, 0.10298778379627296, 0.16456318619108334, 0.1957683829155125, 0.18248971052475957, 0.13905406912500345, 0.08970479842026638, 0.05044554170796005, 0.02533986292216433, 0.011604815453625959, 0.00492922853631461, 0.001970143832526194, 0.0007500337839865255, 0.00027478231116973, 0.0000977217561778376, 0.00003398411443611415, 0.000011628930684848268, 3.936087706934987e-6, 1.323675035580507e-6, 4.4393722403723846e-7, 1.489578212443554e-7, 5.013813814125356e-8, 1.6967313998250688e-8, 5.7838494549322644e-9, 1.9891325808707445e-9, 6.910691463524187e-10, 2.428058865078242e-10, 8.63496496528171e-11, 3.11054515478304e-11, 1.1356249274285798e-11, 4.2038594827431544e-12, 1.5784040741095846e-12, 6.012967901369846e-13, 2.324251902052764e-13, 9.114931032172533e-14, 3.630429290524261e-14, 1.465494392505206e-14, 6.050715484207101e-15, 2.4980018054066014e-15, 1.0547118733938985e-15, 4.996003610813203e-16, 1.6653345369377346e-16, 1.1102230246251562e-16, 5.5511151231257815e-17, 0., 0., 0., 0., 0., 0., 0., 0., 0., 0., 0., 0., 0.}:
{0, 68, 0., 0., 0., 0., 0., 1.831867990631508e-15, 4.7948867099023565e-12, 2.4409014254267443e-9, 3.294779362672528e-7, 0.000015213231755795139, 0.0002935735082166268, 0.0027753577591380636, 0.014596587609535082, 0.047323055329783745, 0.102803764560551, 0.16021730472202608, 0.18948888148287846, 0.17816842308366704, 0.13843274550111867, 0.091794311107857, 0.0533689593241674, 0.02782946478997794, 0.013266434071843908, 0.005875326714596228, 0.0024504888606583504, 0.0009737007135285911, 0.0003722192320463335, 0.00013803214518881554, 0.00005000756450207477, 0.00001780624418223908, 6.2633637414877255e-6, 2.1858866743884593e-6, 7.596887190430832e-7, 2.6375067213590947e-7, 9.17184107551705e-8, 3.201861842327957e-8, 1.1242369146735596e-8, 3.976653173420885e-9, 1.4189440733503032e-9, 5.113129919465108e-10, 1.8624529696253942e-10, 6.862649337691094e-11, 2.559619183273298e-11, 9.668321698796943e-12, 3.699873740714565e-12, 1.434852237025552e-12, 5.640488076608107e-13, 2.2476465133536292e-13, 9.081624341433777e-14, 3.719247132494273e-14, 1.5487611193520927e-14, 6.550315845288423e-15, 2.7755575615628906e-15, 1.221245327087672e-15, 4.996003610813202e-16, 2.2204460492503126e-16, 1.1102230246251564e-16, 5.551115123125782e-17, 0., 0., 0., 0., 0., 0., 0., 0., 0., 0., 0.}:
{0, 68, 0., 0., 0., 0., 0., 0., 2.6811886044697527e-14, 3.3038127789097864e-11, 9.48287426361105e-9, 8.372720997074088e-7, 0.00002828436538171441, 0.00043473739437022147, 0.0034927517745437227, 0.01640648518854104, 0.04935598546128504, 0.10245835772650055, 0.15607785120430734, 0.183587354768843, 0.1739656790562845, 0.13759129912474824, 0.09356879870539966, 0.056097486971177876, 0.030282479037802783, 0.014983959931925691, 0.006899546820803624, 0.0029947147174378954, 0.001238742020146621, 0.0004928829194007499, 0.00019015005450417893, 0.000071612135605692, 0.0000264809001172539, 9.662451160574733e-6, 3.4937366379939037e-6, 1.2563581557878398e-6, 4.507127113195785e-7, 1.6173148525977507e-7, 5.817996606705122e-8, 2.102160945316455e-8, 7.641443977579597e-9, 2.7983130812536664e-9, 1.0335436395614295e-9, 3.853822816424212e-10, 1.451888609338425e-10, 5.530198521341844e-11, 2.1308232955874467e-11, 8.308909116294668e-12, 3.2800429039525613e-12, 1.3111733920823097e-12, 5.309086503757497e-13, 2.1771473512899312e-13, 9.042766535571897e-14, 3.808064974464286e-14, 1.6209256159527282e-14, 6.994405055138485e-15, 3.108624468950437e-15, 1.3877787807814453e-15, 6.10622663543836e-16, 2.775557561562891e-16, 1.6653345369377343e-16, 5.5511151231257815e-17, 0., 0., 0., 0., 0., 0., 0., 0., 0.}:
{0, 68, 0., 0., 0., 0., 0., 0., 1.1102230246251563e-16, 2.8416158315280877e-13, 1.802350491075799e-10, 3.1471356354284545e-8, 1.9169844380773067e-6, 0.00004917048228336717, 0.0006175876788561129, 0.004290726511220199, 0.01820857312642404, 0.051195429478051155, 0.10197691001354371, 0.15213213697951242, 0.1780317186891285, 0.16988671494629703, 0.13656642845205672, 0.09505329501226388, 0.058627817874608947, 0.03268091390102378, 0.01674156375663815, 0.007994465818900618, 0.0036020295537286242, 0.0015473032996797251, 0.000639337328836087, 0.0002560441683278069, 0.00010003758188970034, 0.00003834479127218236, 0.000014488785278377044, 5.4191669481284946e-6, 2.013479131812712e-6, 7.454125307559955e-7, 2.7568553012669023e-7, 1.0208672829303821e-7, 3.792210506725623e-8, 1.4154403704669248e-8, 5.315809403771964e-9, 2.0111158849367423e-9, 7.672314450424265e-10, 2.953928213145218e-10, 1.1485773443453693e-10, 4.512923368338305e-11, 1.792654913401747e-11, 7.201850227289695e-12, 2.926991982121762e-12, 1.2038148256010568e-12, 5.01043651013333e-13, 2.1105339698124223e-13, 9.003908729710018e-14, 3.885780586188047e-14, 1.698641227676489e-14, 7.494005416219805e-15, 3.386180225106727e-15, 1.554312234475219e-15, 6.661338147750937e-16, 3.330669073875469e-16, 5.551115123125782e-17, 0., 0., 0., 0., 0., 0., 0., 0.}:
{0, 68, 0., 0., 0., 0., 0., 0., 0., 1.5543122344752188e-15, 2.2603030558343558e-12, 8.073265389541006e-10, 9.134253575737715e-8, 4.013759064225297e-6, 0.00008066750946938982, 0.0008462890946024925, 0.00516122525152679, 0.019985843820227216, 0.05285006920584627, 0.10138132516094564, 0.14836826391946564, 0.17279330170977394, 0.16593428266475957, 0.13538991864318484, 0.09627240427670422, 0.06096006762051641, 0.035009776656471085, 0.01852409946861144, 0.0091518090051505, 0.00427054679483757, 0.0019008331434671728, 0.0008138865760405343, 0.00033767979697391093, 0.00013661247409224583, 0.00005418337820989326, 0.000021166801805860832, 8.177160409572615e-6, 3.134819532124577e-6, 1.1961416599426398e-6, 4.554394137379347e-7, 1.734278853859905e-7, 6.617211967263613e-8, 2.5340151976749322e-8, 9.752808838303649e-9, 3.7770785388246955e-9, 1.473432431620125e-9, 5.794646429357896e-10, 2.2991208936673497e-10, 9.208717122177743e-11, 3.7252756435179884e-11, 1.5227208383095097e-11, 6.291078769038448e-12, 2.6278423881365135e-12, 1.1100009800202313e-12, 4.742317649686355e-13, 2.0494717034580382e-13, 8.953948693601885e-14, 3.957945082788682e-14, 1.7708057242771244e-14, 7.993605777301126e-15, 3.719247132494274e-15, 1.7208456881689922e-15, 1.6653345369377346e-16, 0., 0., 0., 0., 0., 0., 0., 0.}:
{0, 68, 0., 0., 0., 0., 0., 0., 0., 0., 1.8651746813702624e-14, 1.4124201808130007e-11, 3.058106878839339e-9, 2.3635301710234202e-7, 7.78056122868742e-6, 0.0001258536873738336, 0.0011238096556526187, 0.006094961539832354, 0.02172412636673881, 0.05432978589995806, 0.10069049930598603, 0.14477510639972127, 0.16784641986317198, 0.16210923684456016, 0.13408921418507147, 0.09724986534875449, 0.06309707293212606, 0.03725691038126598, 0.020317387776798587, 0.010362756714677733, 0.0049974115377518485, 0.0023000638832434968, 0.0010185072989367105, 0.0004369627780980156, 0.0001827246661720294, 0.00007486621124391801, 0.000030190464931911795, 0.000012029445445815854, 4.752066688762379e-6, 1.866606463063469e-6, 7.308991532006813e-7, 2.8592294676332836e-7, 1.119567639151775e-7, 4.3951274342202134e-8, 1.7323033396632322e-8, 6.863303647630658e-9, 2.736210424902907e-9, 1.0986443421678867e-9, 4.4461367920689544e-10, 1.81469117510602e-10, 7.473921481704335e-11, 3.1075197970409356e-11, 1.3048395697268229e-11, 5.534905866966255e-12, 2.372269047867803e-12, 1.0275669204418134e-12, 4.4991788072934454e-13, 1.9911849946652178e-13, 8.90953977261688e-14, 4.0301095793893176e-14, 1.8374191057546338e-14, 8.493206138382446e-15, 8.881784197001251e-16, 5.5511151231257815e-17, 0., 0., 0., 0., 0., 0., 0.}:
{0, 68, 0., 0., 0., 0., 0., 0., 0., 0., 1.1102230246251563e-16, 1.6842083283563622e-13, 7.189671080709557e-11, 1.0035222042237278e-8, 5.539514241204023e-7, 0.000014107465533985671, 0.00018793467855549023, 0.001451829752669664, 0.007081945460553793, 0.023411932382512927, 0.05564513980561473, 0.09992071212064434, 0.14134228183911499, 0.16316801079747514, 0.15841099524940833, 0.13268794829602068, 0.09800826185637798, 0.06504377963427392, 0.03941277203662257, 0.022108410580842893, 0.01161822084765218, 0.005778946674924622, 0.002745021116108026, 0.001254797061661261, 0.0005556863082792906, 0.0002397885215749129, 0.00010133340501211616, 0.00004212104990169995, 0.000017286883323974763, 7.028108560513944e-6, 2.838641091795768e-6, 1.141867462972623e-6, 4.584529643691937e-7, 1.8406203128318308e-7, 7.40170575386223e-8, 2.985453806392257e-8, 1.2092866374935337e-8, 4.924303853570676e-9, 2.0176660897597283e-9, 8.324887446065076e-10, 3.4611336019452195e-10, 1.4508144685621e-10, 6.134276420155513e-11, 2.6172342071362203e-11, 1.1271761302111825e-11, 4.9014681202663715e-12, 2.1524448889920214e-12, 9.547918011776342e-13, 4.2782444253930397e-13, 1.9367840664585853e-13, 8.859579736508748e-14, 4.096722960866827e-14, 4.32986979603811e-15, 1.1102230246251563e-16, 0., 0., 0., 0., 0., 0., 0.}:
{0, 68, 0., 0., 0., 0., 0., 0., 0., 0., 0., 1.3877787807814453e-15, 1.1863288129632108e-12, 3.0707586473610604e-10, 2.9101436871403756e-8, 1.1916197247274771e-6, 0.000024132249120567544, 0.0002700764166008728, 0.0018307467704948284, 0.008111935115122535, 0.025040229339276236, 0.056806976225907066, 0.09908597386450162, 0.13806011437048427, 0.15873731810799693, 0.15483789947015333, 0.1312064235985775, 0.09856884380120232, 0.06680671915991353, 0.0414701774991899, 0.023885429054600886, 0.012909084732706131, 0.006610808236405029, 0.003235057391379247, 0.0015239396229249076, 0.0006954831694741536, 0.0003092106689383533, 0.00013457873075406465, 0.00005758216589868413, 0.000024310298824659068, 0.000010159687929389703, 4.2148027102895105e-6, 1.739981005999258e-6, 7.163243213592628e-7, 2.946329071829012e-7, 1.2127272303041892e-7, 5.0022750330835906e-8, 2.0702661474025768e-8, 8.60596682805692e-9, 3.596551501061639e-9, 1.5122696983560496e-9, 6.402112173731209e-10, 2.730362047564937e-10, 1.1736389637917452e-10, 5.0868198542275416e-11, 2.2238599850510348e-11, 9.809431045226799e-12, 4.366729200455665e-12, 1.9620971514200387e-12, 8.900102876907567e-13, 4.076738946423574e-13, 1.8851586958135156e-13, 1.9761969838327783e-14, 5.551115123125782e-16, 0., 0., 0., 0., 0., 0., 0.}:
{0, 68, 0., 0., 0., 0., 0., 0., 0., 0., 0., 0., 1.371125435412068e-14, 6.768918758837116e-12, 1.1276479749966482e-9, 7.582249866855405e-8, 2.3788199569052533e-6, 0.000039228934983481776, 0.00037524417607970306, 0.002259755672736285, 0.009174803253697458, 0.026602176535846785, 0.0578261336427917, 0.09819833059055748, 0.13491959482062926, 0.15453561850834738, 0.15138749723641484, 0.1296620428685625, 0.09895143267048277, 0.06839356853540872, 0.04342403295553381, 0.02563803887101501, 0.014226403625492321, 0.007488141279828052, 0.0037689048871374356, 0.0018266867320441136, 0.0008577851745599218, 0.0003923559922380248, 0.00017563017010868706, 0.00007725218031884305, 0.00003350960909836997, 0.000014379233071792895, 6.120703966439045e-6, 2.590655325374058e-6, 1.092631706445246e-6, 4.6003719378351343e-7, 1.9367150050353382e-7, 8.163987375020551e-8, 3.4501266732434026e-8, 1.4632798195357563e-8, 6.234220528700261e-9, 2.67022925992677e-9, 1.1506103847480627e-9, 4.990925450698568e-10, 2.1803675531728567e-10, 9.597622696588812e-11, 4.258371433252249e-11, 1.9050372390694286e-11, 8.595235634345498e-12, 3.911981849569201e-12, 1.7963408538435029e-12, 8.323342015614797e-13, 8.748557434046232e-14, 2.442490654175344e-15, 1.1102230246251563e-16, 0., 0., 0., 0., 0., 0.}:
{0, 68, 0., 0., 0., 0., 0., 0., 0., 0., 0., 0., 1.1102230246251563e-16, 1.0746958878371514e-13, 3.221717337353879e-11, 3.6332510333636488e-9, 1.7996598677960657e-7, 4.448281395619256e-6, 0.0000609744621417607, 0.0005060624773887134, 0.0027369834906488246, 0.010260819298918918, 0.028092848775395637, 0.058713232844789735, 0.09726813082273486, 0.1319123391890724, 0.1505459855317955, 0.1480567630706895, 0.1280696913206789, 0.09917438793535041, 0.06981278632408593, 0.045271066774943455, 0.027357175531383057, 0.01556156597756769, 0.008405729609301858, 0.004344741852635391, 0.002163355221175833, 0.0010437909932466958, 0.0004905153781024073, 0.0002255288710080738, 0.00010185435640219785, 0.000045341206903692914, 0.000019955709789909456, 8.706942259295579e-6, 3.774947839652042e-6, 1.6296756307210278e-6, 7.018187320739776e-7, 3.0197738259962737e-7, 1.30003919518451e-7, 5.606639524868838e-8, 2.4248113961178313e-8, 1.0526608029692849e-8, 4.5907947443524205e-9, 2.0127215449861065e-9, 8.876510082522768e-10, 3.939975012912099e-10, 1.7609008695629308e-10, 7.927480893954451e-11, 3.5961456035238364e-11, 1.6442291972396103e-11, 7.57893747760363e-12, 3.522571123681927e-12, 3.7225778015681494e-13, 1.0491607582707728e-14, 3.8857805861880474e-16, 0., 0., 0., 0., 0., 0.}:
{0, 68, 0., 0., 0., 0., 0., 0., 0., 0., 0., 0., 0., 1.221245327087672e-15, 6.784017791972018e-13, 1.3106782326133268e-10, 1.0446592868529333e-8, 3.9369229370977966e-7, 7.853508801947125e-6, 0.00009109678902569082, 0.000664705358301487, 0.003259656580716141, 0.011360853433181937, 0.029508964736005002, 0.05947852945197505, 0.096304257479604, 0.12903054711098497, 0.1467530844222364, 0.1448422704095496, 0.1264420734189421, 0.09925461763342971, 0.07107331589839931, 0.04700957163755886, 0.029035081599888095, 0.01690641759453981, 0.009358134474659828, 0.004960267906963244, 0.002533837541280892, 0.0012544428955572615, 0.0006048764809356565, 0.00028530746529942247, 0.0001321451324489686, 0.00006030365408177251, 0.000027194391644169695, 0.000012150500117713568, 5.391245640029573e-6, 2.3803810487166284e-6, 1.047715954605177e-6, 4.604313589284813e-7, 2.023079560542484e-7, 8.898514358701701e-8, 3.922326885508197e-8, 1.734202587089228e-8, 7.697378401338993e-9, 3.4322966691036064e-9, 1.538500382647356e-9, 6.936130558798934e-10, 3.1466468319862873e-10, 1.437029384376842e-10, 6.60877463865006e-11, 3.061551012706331e-11, 1.4290124639160238e-11, 1.5232815009369458e-12, 4.302114220422481e-14, 1.4988010832439611e-15, 1.1102230246251564e-16, 0., 0., 0., 0., 0.}:
{0, 68, 0., 0., 0., 0., 0., 0., 0., 0., 0., 0., 0., 0., 1.0547118733938986e-14, 3.5585423496797826e-12, 4.6516235308047266e-10, 2.7190124429754538e-8, 8.016613438077689e-7, 0.000013179673700403068, 0.00013140989646359677, 0.0008528214570451829, 0.003824282474780615, 0.012466512868345268, 0.03084863082226473, 0.06013181540732575, 0.0953143288930994, 0.12626696128896397, 0.143142993696936, 0.14174032549823748, 0.12479000798381096, 0.09920761968363341, 0.07218434719016036, 0.048639163267216554, 0.030665246143078743, 0.018253352067273295, 0.010339819071883303, 0.0056127838365642715, 0.0029376235223612097, 0.001490412406574548, 0.0007364984613986157, 0.00035596866014137024, 0.00016890104741540402, 0.00007893183088203413, 0.000036435502674014846, 0.000016655514383345782, 7.556687415977146e-6, 3.4096579072939713e-6, 1.5327148308874603e-6, 6.874787213395627e-7, 3.0810702911221444e-7, 1.3813867744127956e-7, 6.202472124794409e-8, 2.791638492594117e-8, 1.2605437638146807e-8, 5.71447844599504e-9, 2.6025042676458546e-9, 1.191362009045349e-9, 5.484581122594533e-10, 2.5402274728136826e-10, 1.1841000402412758e-10, 5.556810567242109e-11, 5.99414962110245e-12, 1.7058576773365528e-13, 5.884182030513328e-15, 2.2204460492503128e-16, 0., 0., 0., 0., 0.}:
{0, 68, 0., 0., 0., 0., 0., 0., 0., 0., 0., 0., 0., 0., 1.1102230246251563e-16, 7.271960811294774e-14, 1.588440490252196e-11, 1.4650919921699306e-9, 6.484206260815027e-8, 1.5323286980395419e-6, 0.000021145867900085318, 0.0001837421457825949, 0.0010714940410604388, 0.00442683200565852, 0.013570221735216098, 0.032111106712870145, 0.06068235779649993, 0.09430487262317291, 0.12361482852342914, 0.13970304955859297, 0.13874707116024315, 0.123122685670139, 0.09904754375770396, 0.07315512840132647, 0.050160559495288685, 0.0322423250600835, 0.019595371553544516, 0.011345257072899514, 0.006299272215896822, 0.0033738309884202003, 0.0017520944265135838, 0.000886291337862166, 0.00043846491602628207, 0.00021290485412933652, 0.0001017897606475082, 0.00004805174485844609, 0.000022453341604666825, 0.000010408237346326562, 4.7956422569161985e-6, 2.2000998479154706e-6, 1.0065400511405363e-6, 4.598367864261375e-7, 2.1003106059902513e-7, 9.601372813472507e-8, 4.3970575958063294e-8, 2.0189751981369846e-8, 9.301605985445601e-9, 4.302519007737259e-9, 1.99926836197406e-9, 9.337222106609033e-10, 4.384801965962026e-10, 2.0712420667479132e-10, 2.2681745370789482e-11, 6.538103392017546e-13, 2.2704060853584448e-14, 9.436895709313829e-16, 0., 0., 0., 0., 0.}:
{0, 68, 0., 0., 0., 0., 0., 0., 0., 0., 0., 0., 0., 0., 0., 1.1102230246251563e-15, 4.158895450245836e-13, 6.15783535273806e-11, 4.155154886831268e-9, 1.4314806778825679e-7, 2.769333085739233e-6, 0.000032597828596381266, 0.0002498643636644759, 0.0013212329470714266, 0.005062911358062582, 0.01466525595188167, 0.03329659557074854, 0.0611388657314582, 0.09328147550195823, 0.12106786272112643, 0.13642170992028244, 0.13585856681795958, 0.12144789289066368, 0.09878726605331653, 0.07399481980938459, 0.0515753814365722, 0.03376204941062521, 0.0209261222508324, 0.01236902454047789, 0.007016475901661599, 0.0038412428793367366, 0.0020396090423854814, 0.001055000289079566, 0.000533679889904992, 0.0002649313609040526, 0.00012946238375405314, 0.00006244477665556801, 0.000029801880471302937, 0.000014103342381444058, 6.6307580731117516e-6, 3.102463152604428e-6, 1.4468041385495838e-6, 6.733743845299676e-7, 3.1315972570666867e-7, 1.4567936956755287e-7, 6.785178424673076e-8, 3.166774659169035e-8, 1.4821275762244565e-8, 6.960637843889115e-9, 3.282135507820527e-9, 1.5546297027491103e-9, 7.400352552977551e-10, 8.25335910725755e-11, 2.4206192605902284e-12, 8.454348332520566e-14, 3.5527136788005005e-15, 5.551115123125782e-17, 0., 0., 0., 0.}:
{0, 68, 0., 0., 0., 0., 0., 0., 0., 0., 0., 0., 0., 0., 0., 0., 8.38218383591993e-15, 2.0184409699197654e-12, 2.1091511870352512e-10, 1.0743464007312294e-8, 2.951402995332585e-7, 4.761677920628315e-6, 0.00004849142986662613, 0.0003314231435627146, 0.0016019934217192382, 0.005727917290284655, 0.01574574352275526, 0.03440605966484644, 0.06150947800323185, 0.09224891301874064, 0.11862021008600085, 0.13328843529989753, 0.13307084978880376, 0.11977220607997992, 0.09843847128991162, 0.07471238261068984, 0.05288597716405551, 0.03522112739295113, 0.02223990885769328, 0.01340587544221855, 0.007760972159940537, 0.004338348679450376, 0.002352810038102226, 0.0012431949775393856, 0.0006424121681870564, 0.00032573351071590867, 0.00016254658821202025, 0.00008004075570461342, 0.00003898414659991855, 0.000018820121817919585, 9.022544976255983e-6, 4.302630635999448e-6, 2.0440176747293917e-6, 9.686290023402933e-7, 4.584227490389558e-7, 2.169041983246522e-7, 1.0269979799915059e-7, 4.870039971294203e-8, 2.314609054421268e-8, 1.1032892988094288e-8, 5.277394243830002e-9, 2.534488896532849e-9, 2.887952099683843e-10, 8.6575746571782e-12, 3.049227537132992e-13, 1.271205363195804e-14, 1.6653345369377343e-16, 0., 0., 0., 0.}:
{0, 68, 0., 0., 0., 0., 0., 0., 0., 0., 0., 0., 0., 0., 0., 0., 1.1102230246251563e-16, 5.15698594938385e-14, 8.478995283667242e-12, 6.476892355777861e-10, 2.5593827945868942e-8, 5.726416967832825e-7, 7.831426369009352e-6, 0.00006986825822880015, 0.00042988350700884343, 0.0019132159224908294, 0.006417171761026351, 0.01680663939278137, 0.03544106071026525, 0.06180176581599821, 0.09121126081955343, 0.11626641657544334, 0.1302935842553638, 0.1303799818211275, 0.11810115991457172, 0.09801173778250614, 0.0753164966065135, 0.05409526730996377, 0.036617144338614176, 0.023531692073698977, 0.014450801594244498, 0.008529240836564532, 0.004863388183802553, 0.002691298987706203, 0.001451263737740127, 0.0007653616552635856, 0.0003960291514991664, 0.00020164181752568838, 0.00010128509579332422, 0.00005030612807799261, 0.000024757058013136203, 0.000012094205158463817, 5.874464646171694e-6, 2.8412443509595593e-6, 1.370146463619548e-6, 6.595557641708715e-7, 3.172602515144617e-7, 1.5263847830127014e-7, 7.351184178050473e-8, 3.546636884177445e-8, 1.7152524511843122e-8, 8.320416966522968e-9, 9.717497917449691e-10, 2.991246139671943e-11, 1.0670353489672377e-12, 4.47419878923938e-14, 4.996003610813203e-16, 0., 0., 0., 0.}:
{0, 68, 0., 0., 0., 0., 0., 0., 0., 0., 0., 0., 0., 0., 0., 0., 0., 1.0547118733938983e-15, 2.6989521728637545e-13, 3.1361024888099096e-11, 1.8056939832256087e-9, 5.669125807683526e-8, 1.0524444755688476e-6, 0.000012377851759004518, 0.00009782531226337761, 0.0005464835630371587, 0.002253880819476472, 0.007126034510270438, 0.01784368250858203, 0.03640362335577395, 0.06202274620795144, 0.0901719907659516, 0.11400139762228557, 0.1274283213805924, 0.12778208400168414, 0.11643939277814637, 0.09751662262820651, 0.07581550138351643, 0.0552066113952021, 0.037948463992493735, 0.024797072816702456, 0.015499078276085041, 0.009317725550452571, 0.005414395911545521, 0.0030544437760319228, 0.0016794122968965537, 0.0009031188298454504, 0.00047648887906326365, 0.00024734057131209347, 0.00012663661424022751, 0.00006409397986473218, 0.000032132178040933365, 0.000015984833367677084, 7.903506081097243e-6, 3.889565152737084e-6, 1.9077102831888122e-6, 9.335891893447187e-7, 4.563315439964909e-7, 2.2299153495941576e-7, 1.0902819369551507e-7, 5.337683439687878e-8, 2.618284455913055e-8, 3.1443034287370604e-9, 9.983980309158366e-11, 3.6210479059661785e-12, 1.5276668818842151e-13, 1.7763568394002503e-15, 0., 0., 0., 0.}:
{0, 68, 0., 0., 0., 0., 0., 0., 0., 0., 0., 0., 0., 0., 0., 0., 0., 0., 6.82787160144471e-15, 1.2194689702482715e-12, 1.0363426783399628e-10, 4.619732929533881e-9, 1.176808289704567e-7, 1.8426883886535348e-6, 0.00001887735765243592, 0.00013348123754680638, 0.0006822023732493409, 0.002622572375827025, 0.007849993817692245, 0.018853341292228595, 0.0372961197696378, 0.062178902794395016, 0.08913405368938342, 0.11182041006792348, 0.12468453617553558, 0.12527336251153395, 0.11479077242177084, 0.09696174493855633, 0.0762173564337834, 0.05622369331445419, 0.03921413343261026, 0.026032266401777686, 0.016546297001587384, 0.010122887367125853, 0.005989244773123569, 0.0034414004153852096, 0.001927666567517416, 0.0010561569420575176, 0.0005677252528939468, 0.00030021909380756323, 0.00015656126065693993, 0.00008069063994142753, 0.0000411817366764433, 0.000020849305981840424, 0.000010487423587113296, 5.248692195036762e-6, 2.6169200384451577e-6, 1.3013145867546425e-6, 6.460575764921649e-7, 3.205206452472353e-7, 1.5903552341711697e-7, 7.897795412104001e-8, 9.783634957738483e-9, 3.219212119098812e-10, 1.191585718984811e-11, 5.072608999512339e-13, 5.939693181744587e-15, 5.5511151231257815e-17, 0., 0., 0.}:
{0, 68, 0., 0., 0., 0., 0., 0., 0., 0., 0., 0., 0., 0., 0., 0., 0., 0., 1.1102230246251562e-16, 3.80251385934116e-14, 4.837963363257812e-12, 3.098432621584379e-10, 1.0947755701984361e-8, 2.3050025915738454e-7, 3.08886072369896e-6, 0.000027878927699953586, 0.00017794154949091198, 0.0008377410208681433, 0.0030175471513725896, 0.008584736784355505, 0.019832752411048645, 0.03812117307056911, 0.06227621128150505, 0.08809995069699027, 0.10971902621675877, 0.12205477135093488, 0.12285012719143724, 0.11315850443586352, 0.09635486572873396, 0.07652961637903559, 0.05715042421225425, 0.04041379324222771, 0.027234069472107044, 0.01758838704319809, 0.010941250794168354, 0.006585687891783987, 0.003851137098817458, 0.0021958789686225546, 0.0012248271042256673, 0.0006702836010312184, 0.000360828513291389, 0.00019152562223834208, 0.00010045196905195117, 0.0000521584301284017, 0.000026857818203329657, 0.00001373624409428675, 6.987470351382806e-6, 3.5397274252835227e-6, 1.7877475410044137e-6, 9.010909367002106e-7, 4.536828203671738e-7, 2.2835605234527987e-7, 2.9273998281009732e-8, 1.0027429997450097e-9, 3.8025416149167755e-11, 1.6392442958590434e-12, 1.9095836023552692e-14, 5.5511151231257815e-17, 0., 0., 0.}:
{0, 68, 0., 0., 0., 0., 0., 0., 0., 0., 0., 0., 0., 0., 0., 0., 0., 0., 0., 9.992007221626405e-16, 1.836863994242321e-13, 1.7102097515930833e-11, 8.47268866177586e-10, 2.422559247650113e-8, 4.28547589415018e-7, 4.978816217027225e-6, 0.000039995307003881646, 0.0002322650752235033, 0.001013515964057132, 0.0034368028889854565, 0.009326201160471, 0.020779656574754994, 0.03888157732733715, 0.062320167836062076, 0.08707179463368667, 0.10769310990083518, 0.11953215933678456, 0.12050880447066256, 0.11154522583771738, 0.09570296358066589, 0.07675941810077418, 0.057990860923104334, 0.0415475939574978, 0.028399822028006224, 0.018621627321524833, 0.011769442237405168, 0.007201397755663251, 0.004282459534851345, 0.0024837376896396086, 0.0014093561304545086, 0.0007846345485405523, 0.00042968665527587363, 0.00023199039547988623, 0.00012374252857433318, 0.00006532918647239593, 0.000034195071423714904, 0.000017772346524613784, 9.184244044280197e-6, 4.724910708631124e-6, 2.4225735227867413e-6, 1.2391608291140164e-6, 6.329028309770556e-7, 8.423063480034186e-8, 3.0173393228416497e-9, 1.1767248286886908e-10, 5.153322213402588e-12, 6.067368829576479e-14, 2.775557561562891e-16, 0., 0., 0.}:
{0, 68, 0., 0., 0., 0., 0., 0., 0., 0., 0., 0., 0., 0., 0., 0., 0., 0., 0., 0., 5.662137425588297e-15, 7.767675391789907e-13, 5.4545312710985166e-11, 2.1390978988122807e-9, 5.0410249974319734e-8, 7.602399806350133e-7, 7.74627312843945e-6, 0.000055890492109189595, 0.0002974334483743512, 0.0012096631371468767, 0.003878144876933164, 0.010070611080258694, 0.02169233412283278, 0.039580231941022496, 0.06231581889195163, 0.08605136308389259, 0.10573879443214042, 0.1171103659396674, 0.11824594589143202, 0.10995308579032681, 0.09501230557053524, 0.07691347713248974, 0.05874913817530807, 0.042616119356485786, 0.029527366485140642, 0.019642650216850018, 0.012604221275117563, 0.007834002124553595, 0.004734036731801282, 0.0027907783016222205, 0.0016098469051445958, 0.000911168328759093, 0.0005072707075382541, 0.0002784040011723498, 0.00015093111758102126, 0.0000809725921302462, 0.000043059125141242647, 0.00002273020872767261, 0.000011927070666661875, 6.228469489166776e-6, 3.240562849282646e-6, 1.6814334179993114e-6, 2.3305828394937217e-7, 8.771083304104364e-9, 3.531259729072644e-10, 1.5760559524125025e-11, 1.8751666885918891e-13, 8.326672684688672e-16, 0., 0., 0.}:
{0, 68, 0., 0., 0., 0., 0., 0., 0., 0., 0., 0., 0., 0., 0., 0., 0., 0., 0., 0., 1.6653345369377343e-16, 2.903233209394784e-14, 2.9207747331838614e-12, 1.5867535063662783e-10, 5.027272154123351e-9, 9.924974081476631e-8, 1.292743349201597e-6, 0.000011672368127657594, 0.00007626437729707501, 0.0003743250040018075, 0.0014260509198729119, 0.004339247648550703, 0.010814499159224554, 0.022569542374474835, 0.04022008838062811, 0.06226779135723414, 0.08504014410260574, 0.10385246231543191, 0.11478354024313618, 0.11605823320654507, 0.10838381520831879, 0.09428851322273368, 0.07699809114571769, 0.05942941284275542, 0.043620316808696366, 0.030615005317602136, 0.02064843875732014, 0.013442505258647425, 0.008481116330375734, 0.0052044265313427865, 0.003116397137401138, 0.0018262810076941634, 0.0010501908702025828, 0.0005940108687628175, 0.00033119650046936616, 0.0001823861909143187, 0.00009937602361997919, 0.000053659938867467436, 0.00002875590606821187, 0.000015313766947633308, 8.11392369759467e-6, 4.281941076600403e-6, 6.201056092502987e-7, 2.4630717132545495e-8, 1.0276329787117786e-9, 4.689371113641982e-11, 5.666023206174485e-13, 2.442490654175344e-15, 0., 0., 0.}:
{0, 68, 0., 0., 0., 0., 0., 0., 0., 0., 0., 0., 0., 0., 0., 0., 0., 0., 0., 0., 0., 8.88178419700125e-16, 1.3006262733483706e-13, 9.887313190404255e-12, 4.250243490488968e-10, 1.107747754636179e-8, 1.8588757833004618e-7, 2.115598919827377e-6, 0.00001708502359931696, 0.00010183555596005031, 0.0004636939179358811, 0.001662299975363712, 0.0048177106359770785, 0.011554717338074226, 0.02341045608375147, 0.04080410743318618, 0.06218032247971871, 0.08403937569730699, 0.10203072659451505, 0.11254626997163845, 0.11394248082582488, 0.10683878677506715, 0.09353662344631554, 0.07701914876524922, 0.06003581864867023, 0.04456143464854622, 0.031661458510911004, 0.021636318508146728, 0.014281387842700773, 0.009140371790621936, 0.005692100322387981, 0.0034598658988786437, 0.0020585232878213558, 0.0012019215963349204, 0.0006902850672891313, 0.00039077394662967435, 0.00021847127584073695, 0.00012083256007366924, 0.00006621763881203834, 0.00003600636817613356, 0.000019451779866952453, 0.000010452503369839937, 1.5866225370197993e-6, 6.681835051924877e-8, 2.900014284268337e-9, 1.3574014134931642e-10, 1.6720513862367168e-12, 7.216449660063516e-15, 5.5511151231257815e-17, 0., 0.}:
{0, 68, 0., 0., 0., 0., 0., 0., 0., 0., 0., 0., 0., 0., 0., 0., 0., 0., 0., 0., 0., 0., 4.82947015711943e-15, 5.175304629290166e-13, 3.04604674816744e-11, 1.0569717323605228e-9, 2.3029744167235574e-8, 3.3277185362834405e-7, 3.343950708001308e-6, 0.00002435606902323472, 0.00013332331280968554, 0.0005661549691874377, 0.0019178080065782584, 0.00531110701764692, 0.012288438682760024, 0.02421461185277279, 0.041335225331874274, 0.06205728885336219, 0.0830500799368677, 0.1002704137080847, 0.11039354164577801, 0.11189563622674747, 0.10531906669045739, 0.09276114454536331, 0.0769821422879859, 0.06057242986384392, 0.045440966353947336, 0.03266582176514631, 0.02260394534134246, 0.01511815209855649, 0.009809440700268676, 0.0061954664915621046, 0.003820346999795775, 0.0023063280706087093, 0.001366492830958965, 0.0007964147941900699, 0.0004575132814321757, 0.0002595404964335079, 0.00014563775479187188, 0.0000809605514890399, 0.000044648407809766415, 0.000024457879185202366, 3.903809468852604e-6, 1.7510939909204376e-7, 7.936263202168446e-9, 3.822560601385305e-10, 4.8194226387465725e-12, 2.1038726316646713e-14, 1.6653345369377346e-16, 0., 0.}:
{0, 68, 0., 0., 0., 0., 0., 0., 0., 0., 0., 0., 0., 0., 0., 0., 0., 0., 0., 0., 0., 0., 1.6653345369377346e-16, 2.2704060853584448e-14, 1.8504642262939793e-12, 8.621336977654434e-11, 2.4581598978556936e-9, 4.5423821815049323e-8, 5.717977396568761e-7, 5.121090219273315e-6, 0.000033896237724650995, 0.00017142978430756403, 0.0006821739094107214, 0.0021917776445191657, 0.0058170254884370425, 0.013013152118052927, 0.02498185698295513, 0.04181632732600415, 0.061902234217719884, 0.08207309243852427, 0.09856854773642637, 0.10832070494800515, 0.10991477881720105, 0.10382545928938167, 0.09196610748599847, 0.07689218316272226, 0.06104323268757649, 0.04626060118702312, 0.033627526147616764, 0.023549290116568474, 0.015950278878287254, 0.0104860569821803, 0.00671289228156424, 0.004196909210640364, 0.0025693466695637652, 0.0015439506686482636, 0.0009126620570468199, 0.0005317578588097115, 0.00030593430323511134, 0.00017408634368620832, 0.00009812305162409937, 0.00005485754228873318, 9.236572156179346e-6, 4.43321008958275e-7, 2.1061336008543204e-8, 1.047256115160877e-9, 1.3567702517036649e-11, 5.978550987606467e-14, 4.440892098500625e-16, 0., 0.}:
{0, 68, 0., 0., 0., 0., 0., 0., 0., 0., 0., 0., 0., 0., 0., 0., 0., 0., 0., 0., 0., 0., 0., 8.88178419700125e-16, 9.525713551283839e-14, 6.0110805222279834e-12, 2.2604479399390693e-10, 5.3805792044059314e-9, 8.541823165453265e-8, 9.465746741987856e-7, 7.620078159242814e-6, 0.000046148311812543856, 0.00021682313669646453, 0.0008120631157818025, 0.0024832459134494496, 0.006333105046908259, 0.013726651815657461, 0.0257123029678542, 0.042250227446584014, 0.061718395830240066, 0.0811090878765917, 0.09692233592665851, 0.10632344079568351, 0.10799711763692389, 0.1023585455146304, 0.0911551126613669, 0.07675401932229932, 0.06145210314449465, 0.047022180875053936, 0.03454629969449496, 0.024470621157911092, 0.016775451086805, 0.011168033662080464, 0.007242723830983399, 0.004588543234562591, 0.0028471358967021567, 0.0017342571467272576, 0.0010392274282327583, 0.0006138136522457204, 0.0003579754919372235, 0.00020646896526171907, 0.00011794327484526689, 0.000021015534445945058, 1.0842325641191584e-6, 5.4201311716628446e-8, 2.7912825384390767e-9, 3.730699082993282e-11, 1.6697754290362352e-13, 1.1102230246251561e-15, 0., 0.}:
{0, 68, 0., 0., 0., 0., 0., 0., 0., 0., 0., 0., 0., 0., 0., 0., 0., 0., 0., 0., 0., 0., 0., 0., 4.1633363423443354e-15, 3.5821345889530666e-13, 1.7907064719935303e-11, 5.530528257580157e-10, 1.1147336331784883e-8, 1.5380618634264207e-7, 1.5146811155886115e-6, 0.000011044270163573787, 0.00006157879934182152, 0.0002701224404271229, 0.0009559819856383431, 0.0027911139815732233, 0.006857063152039598, 0.01442702269979856, 0.026406283631272506, 0.04263965339577063, 0.06150872928603705, 0.08015860206455681, 0.09532915539124111, 0.10439773268500331, 0.10613998820339612, 0.10091871609202002, 0.09033137243044465, 0.07657205365223443, 0.06180279046949054, 0.047727661865322894, 0.035422131297486434, 0.025366485273698103, 0.017591554488527002, 0.011853276895488816, 0.007783304257563404, 0.0049941769057716395, 0.003139167278031206, 0.0019372935417540367, 0.00117624913469333, 0.0007039461779586586, 0.0004159655796924787, 0.00024306896131293104, 0.000045980916004273446, 2.5616629418800936e-6, 1.3526573444666565e-7, 7.237809962479246e-9, 1.0019496343716126e-10, 4.568567746332519e-13, 3.1641356201816954e-15, 5.551115123125781e-17, 0.}:
{0, 68, 0., 0., 0., 0., 0., 0., 0., 0., 0., 0., 0., 0., 0., 0., 0., 0., 0., 0., 0., 0., 0., 0., 1.6653345369377343e-16, 1.826316875508382e-14, 1.2219669720536783e-12, 4.932654285028092e-11, 1.2708387120419216e-9, 2.196888443384281e-8, 2.662120633378783e-7, 2.3497547265161063e-6, 0.00001562665454646339, 0.00008066859391320233, 0.0003318847311846728, 0.0011139413961496756, 0.0031141761729042146, 0.007386717770576311, 0.015112623287855119, 0.027064317775018717, 0.04298723564573014, 0.0612759317293806, 0.07922205108342986, 0.09378654088175127, 0.10253984092614164, 0.10434084874353723, 0.09950620013800691, 0.08949774972351318, 0.07635036303750839, 0.06209890508301939, 0.04837908266891454, 0.03625523708041077, 0.026235687939824885, 0.018396675632846523, 0.012539796914450395, 0.008332989721276494, 0.005412689762302967, 0.003444836708239695, 0.0021528646079947973, 0.0013238031151777683, 0.0008023781436238828, 0.0004801815920644769, 0.00009674366359357921, 5.846784019825079e-6, 3.273557710459229e-7, 1.8258416167871158e-8, 2.6282914733499746e-10, 1.2264633753034102e-12, 8.548717289613704e-15, 1.1102230246251562e-16, 0.}:
{0, 68, 0., 0., 0., 0., 0., 0., 0., 0., 0., 0., 0., 0., 0., 0., 0., 0., 0., 0., 0., 0., 0., 0., 0., 7.771561172376094e-16, 7.188694084447887e-14, 3.817224314417443e-12, 1.2655948511408608e-10, 2.758328121466035e-9, 4.1368471204172856e-8, 4.4443125724047395e-7, 3.5432659428735742e-6, 0.000021627994489847865, 0.0001039030895609305, 0.0004025945610114378, 0.0012858114880908709, 0.0034511474687196056, 0.00792000393382347, 0.01578206685943206, 0.02768707610802845, 0.04329549997173303, 0.06102246345147843, 0.07829974786192405, 0.09229217354724105, 0.10074627943896806, 0.1025972760012253, 0.09812108982854154, 0.08865679301172054, 0.07609271755740772, 0.062343910378255464, 0.04897853580872478, 0.0370460293670926, 0.027077273153102925, 0.019189097432310617, 0.013225716185152777, 0.008890163464394248, 0.005842926801442437, 0.00376347430762175, 0.0023807035766252867, 0.0014819039554174738, 0.0009092878128520442, 0.00019573808158351855, 0.00001289162789497311, 7.682569624356538e-7, 4.4809659205391477e-8, 6.733990587370896e-10, 3.228473044458723e-12, 2.2537527399890675e-14, 2.2204460492503123e-16, 0.}:
{0, 68, 0., 0., 0., 0., 0., 0., 0., 0., 0., 0., 0., 0., 0., 0., 0., 0., 0., 0., 0., 0., 0., 0., 0., 5.5511151231257815e-17, 3.608224830031758e-15, 2.563504963859486e-13, 1.1009526623695363e-11, 3.0442171006228586e-10, 5.6837710094015376e-9, 7.472657970186701e-8, 7.178568116050776e-7, 5.205837640354093e-6, 0.000029333845861012613, 0.0001317622087768644, 0.00048265617253478993, 0.0014713320250803739, 0.003800688953679687, 0.008454985466090246, 0.0164342017484238, 0.02827535217120408, 0.04356686276617111, 0.060750567904679906, 0.07739191655643525, 0.09084387059353687, 0.09901379482053176, 0.10090696076958655, 0.09676336167033783, 0.08781076793389204, 0.07580259950196003, 0.06254111764930147, 0.049528143900410646, 0.03779508826187788, 0.027890503360413817, 0.01996729287324339, 0.013909275077055134, 0.009453247873991374, 0.006283711277269454, 0.004094354275386457, 0.0026204777409843945, 0.001650506601419854, 0.0003808343912168332, 0.00002745960144279191, 1.74842653805074e-6, 1.0698745483983528e-7, 1.6851683382057556e-9, 8.334777312768436e-12, 5.873079800267077e-14, 6.106226635438359e-16, 0.}:
{0, 68, 0., 0., 0., 0., 0., 0., 0., 0., 0., 0., 0., 0., 0., 0., 0., 0., 0., 0., 0., 0., 0., 0., 0., 0., 1.6653345369377346e-16, 1.493249968120835e-14, 8.366085602062865e-13, 2.953148836581931e-11, 6.904287697118148e-10, 1.1169291769252963e-8, 1.299455211212219e-7, 1.1249208102803718e-6, 7.468000599863965e-6, 0.00003905058804659633, 0.00016471075730373205, 0.0005723882840316662, 0.001670124613826762, 0.004161430856571723, 0.008989862550489112, 0.017068091380400826, 0.028830036941310585, 0.0438036285858207, 0.0604622901877082, 0.07649870502965078, 0.08943957576666765, 0.097339347431799, 0.09926770326433074, 0.09543289484043543, 0.0869616858636964, 0.07548322196694353, 0.06269368358586856, 0.05003003941752009, 0.038503135803608694, 0.02867483978185014, 0.020729917283432035, 0.014588835343038172, 0.010020714649255745, 0.006733856445079233, 0.004436704565009829, 0.0028717944638494415, 0.000712533305230134, 0.00005650365790582645, 3.858715314608573e-6, 2.4851168251016626e-7, 4.118942797948221e-9, 2.1102730674016353e-11, 1.5049073098793992e-13, 1.5543122344752186e-15, 0.}:
{0, 68, 0., 0., 0., 0., 0., 0., 0., 0., 0., 0., 0., 0., 0., 0., 0., 0., 0., 0., 0., 0., 0., 0., 0., 0., 0., 7.216449660063516e-16, 5.5511151231257814e-14, 2.518041331001086e-12, 7.414913127945509e-11, 1.4840464412912975e-9, 2.101682022859208e-8, 2.1822490875456063e-7, 1.714469035407617e-6, 0.00001048031002148786, 0.0000511006545963477, 0.0002031894551791091, 0.0006720213573335742, 0.0018817061336507952, 0.004531992996934519, 0.009522975773395224, 0.017682994531383278, 0.02935209678533051, 0.04400798947542905, 0.060159494072563484, 0.07562019568456534, 0.08807735059000593, 0.09572009428230442, 0.09767740842826414, 0.09412948699510454, 0.08611132968632289, 0.07513754685112146, 0.06280460984489954, 0.05048634772024967, 0.03917101260947247, 0.02942992337089866, 0.021475799527469745, 0.015262881700973726, 0.010591093182992005, 0.007192176196596177, 0.004789716237985352, 0.0012819836487536482, 0.00011231942432915475, 8.258337575783868e-6, 5.615824954507963e-7, 9.833316383378586e-9, 5.2398752004023657e-11, 3.791411629094909e-13, 3.885780586188047e-15, 0.}:
{0, 68, 0., 0., 0., 0., 0., 0., 0., 0., 0., 0., 0., 0., 0., 0., 0., 0., 0., 0., 0., 0., 0., 0., 0., 0., 0., 5.5511151231257815e-17, 3.2196467714129536e-15, 1.886824030350453e-13, 7.040201754904272e-12, 1.7527979068177044e-10, 3.0370185810646425e-9, 3.800419584587544e-8, 3.5492764643985087e-7, 2.546984929630014e-6, 0.000014412788215567572, 0.00006581718137743663, 0.000247606918323151, 0.0007816971351390366, 0.0021055028034055456, 0.004911002577547784, 0.010052807246188733, 0.018278346161998468, 0.02984255443829825, 0.04418202568819684, 0.05984387765352893, 0.07475641487472612, 0.08675536629068062, 0.09415337351835963, 0.09613408123625658, 0.09285286789341038, 0.0852612770375987, 0.07476830213230133, 0.06287674428419364, 0.050899172958694325, 0.039799656893776666, 0.03015555659114593, 0.022203932448906723, 0.015930021792263323, 0.011162977285216534, 0.007657494562964605, 0.0022180341904284857, 0.00021568961940471307, 0.000017139460404436143, 1.2346196154311426e-6, 2.2929050547126902e-8, 1.2759870937628645e-10, 9.398037903451948e-13, 9.714451465470117e-15, 5.551115123125781e-17}:
{0, 68, 0., 0., 0., 0., 0., 0., 0., 0., 0., 0., 0., 0., 0., 0., 0., 0., 0., 0., 0., 0., 0., 0., 0., 0., 0., 0., 1.6653345369377343e-16, 1.243449787580175e-14, 5.909717160079707e-13, 1.8402168677766888e-11, 3.9209829827413495e-10, 5.941515335283753e-9, 6.625666676418617e-8, 5.605055881652277e-7, 3.695583522089762e-6, 0.000019453698703486566, 0.0000835383028194303, 0.00029833278642471534, 0.0009014701773363275, 0.0023408644017541276, 0.005297109361631191, 0.010577979349374154, 0.018853739080757544, 0.030302472688538577, 0.04432770748953956, 0.0595169877039242, 0.07390734108083033, 0.08547189635645154, 0.0926366903439122, 0.09463582205339387, 0.09160271113294194, 0.08441292124114495, 0.07437799834064819, 0.06291278350813194, 0.05127058649432457, 0.0403900857258294, 0.030851686135919258, 0.02291346283046702, 0.016588984774188905, 0.011735030388149324, 0.003690307343126752, 0.00040012877490003257, 0.00003449501620439443, 2.6406187187966164e-6, 5.2220854529494425e-8, 3.0472840917283856e-10, 2.292055434338635e-12, 2.38142838782096e-14, 0.}:
{0, 68, 0., 0., 0., 0., 0., 0., 0., 0., 0., 0., 0., 0., 0., 0., 0., 0., 0., 0., 0., 0., 0., 0., 0., 0., 0., 0., 0., 7.216449660063517e-16, 4.385380947269367e-14, 1.7172929744901917e-12, 4.522743290991115e-11, 8.338630341775397e-10, 1.1153043377731818e-8, 1.1169411012756922e-7, 8.614453914090879e-7, 5.2467069438510966e-6, 0.000025807693782575743, 0.00010460132371792327, 0.0003556921170637105, 0.0010313110940236012, 0.002587078245653018, 0.005688998346215834, 0.011097251585362731, 0.019408906609055917, 0.030732940471121347, 0.04444689778606713, 0.05918023282802529, 0.0730729120174382, 0.08422530966931907, 0.0911677042233869, 0.09318082208576442, 0.09037864425401111, 0.08356749016136028, 0.07396894418029472, 0.06291527643183785, 0.05160261751628674, 0.04094337837843825, 0.031518386673497656, 0.023603681099757853, 0.017238618781833245, 0.00590426032871516, 0.0007170782995518097, 0.00006732406450182803, 5.49453813686318e-6, 1.161645893366092e-7, 7.137096469378432e-10, 5.4988791298171675e-12, 5.75095526755831e-14, 1.1102230246251562e-16}:
{0, 68, 0., 0., 0., 0., 0., 0., 0., 0., 0., 0., 0., 0., 0., 0., 0., 0., 0., 0., 0., 0., 0., 0., 0., 0., 0., 0., 0., 5.5511151231257815e-17, 2.8865798640254066e-15, 1.4249712521063882e-13, 4.660771768527638e-12, 1.0505513126091157e-10, 1.6928775603552988e-9, 2.0154526214621882e-8, 1.8254849243337645e-7, 1.2911892378064669e-6, 7.30046906227688e-6, 0.000033693408538704166, 0.00012933697798284125, 0.000419961097260224, 0.0011711111618133985, 0.0028433826169044214, 0.006085400093520431, 0.01160951596617693, 0.019943706355898535, 0.031135061090894967, 0.04454135536849656, 0.05883489549501729, 0.0722530308110718, 0.08301406416693424, 0.08974421723355679, 0.09176735895289284, 0.0891802574333446, 0.08272606317250766, 0.07354326127564079, 0.06288662861863202, 0.0518972455611899, 0.04146066161234457, 0.032155845664968756, 0.024274010968448275, 0.009084001959730524, 0.0012414513816822457, 0.00012742045033559132, 0.000011122686832287785, 2.523919316321787e-7, 1.6393509882917097e-9, 1.2978285113263152e-11, 1.3694601008751303e-13, 2.7755575615628904e-16}:
{0, 68, 0., 0., 0., 0., 0., 0., 0., 0., 0., 0., 0., 0., 0., 0., 0., 0., 0., 0., 0., 0., 0., 0., 0., 0., 0., 0., 0., 0., 1.6653345369377346e-16, 1.0491607582707728e-14, 4.2910119901762295e-13, 1.1881162720328572e-11, 2.3169688390112237e-10, 3.29307775492893e-9, 3.516660196378751e-8, 2.899399411115943e-7, 1.8909826369206682e-6, 9.97061586149872e-6, 0.00004334059771948783, 0.00015806396010803467, 0.0004913640646825868, 0.0013206880152686893, 0.003108979404559619, 0.006485098914236319, 0.012113791303856756, 0.02045810515969592, 0.031509942318838795, 0.04461273859638874, 0.05848214303956133, 0.07144757137163905, 0.08183670098719362, 0.08836416344686289, 0.09039379240249663, 0.08800711095789884, 0.08188958642716579, 0.07310289803807217, 0.06282910718719346, 0.052156394675583743, 0.04194309674056917, 0.0327643492733044, 0.013439954360777825, 0.0020762960306313634, 0.00023386371449135576, 0.00002190490132586431, 5.356105560183621e-7, 3.692871508587103e-9, 3.0133395778619836e-11, 3.2174263253637026e-13, 6.661338147750936e-16}:
{0, 68, 0., 0., 0., 0., 0., 0., 0., 0., 0., 0., 0., 0., 0., 0., 0., 0., 0., 0., 0., 0., 0., 0., 0., 0., 0., 0., 0., 0., 0., 6.661338147750937e-16, 3.530509218307997e-14, 1.2061462939527697e-12, 2.85937939992209e-11, 4.87206774923976e-10, 6.158570986514177e-9, 5.940700992246305e-8, 4.4849393276980004e-7, 2.7106026196932467e-6, 0.000013384088621615218, 0.000054986927149114344, 0.0001910838834527917, 0.0005700717829141276, 0.0014797921226605277, 0.0033830457999207693, 0.0068869391140957675, 0.01260921671628001, 0.02095216521548909, 0.031858688128445105, 0.04466260938529652, 0.058123037710139415, 0.07065638306253251, 0.08069183905535825, 0.08702559924201116, 0.08905856018165821, 0.08685874164330322, 0.08105888659109928, 0.0726496426633964, 0.06274484612031601, 0.05238192898897608, 0.04239186831896984, 0.019121735509704082, 0.0033546354207464315, 0.0004162377956384854, 0.00004196874829082153, 1.1101835206694941e-6, 8.15827455591389e-9, 6.882855396739271e-11, 7.454037387333299e-13, 1.443289932012703e-15}:
{0, 68, 0., 0., 0., 0., 0., 0., 0., 0., 0., 0., 0., 0., 0., 0., 0., 0., 0., 0., 0., 0., 0., 0., 0., 0., 0., 0., 0., 0., 0., 5.5511151231257815e-17, 2.6090241078691175e-15, 1.0991207943789047e-13, 3.1817881662732357e-12, 6.526817974972231e-11, 9.80443337628145e-10, 1.1106446817787939e-8, 9.739906114969442e-8, 6.769771214165664e-7, 3.808924055548334e-6, 0.00001768019698267231, 0.00006887453863241298, 0.00022867678478616366, 0.0006562008787152628, 0.0016481137808382338, 0.0036647449400898356, 0.007289829521269606, 0.013095044610536509, 0.021426031376596818, 0.03218239186155624, 0.04469243738417138, 0.057758545842249966, 0.06987929476056855, 0.07957817007670616, 0.08572669444947827, 0.08776017407339762, 0.0857346683390354, 0.08023468319642944, 0.07218513528111203, 0.06263585183736008, 0.052575649491827185, 0.026161692339831785, 0.005235979659586164, 0.0007184146892572628, 0.00007822830199472051, 2.2475659656184806e-6, 1.7675606422962172e-8, 1.5466039560152462e-10, 1.7030266086237583e-12, 3.330669073875469e-15}:
{0, 68, 0., 0., 0., 0., 0., 0., 0., 0., 0., 0., 0., 0., 0., 0., 0., 0., 0., 0., 0., 0., 0., 0., 0., 0., 0., 0., 0., 0., 0., 0., 1.6653345369377346e-16, 8.992806499463765e-15, 3.192446307309637e-13, 7.917055899753223e-12, 1.4189055486113486e-10, 1.894595758056283e-9, 1.9367738968156797e-8, 1.5532584163313598e-7, 9.989257224174428e-7, 5.254289061062955e-6, 0.00002300942717525789, 0.00008524650731950299, 0.00027109725958529557, 0.0007498143235568631, 0.0018252903946073813, 0.003953235445391944, 0.007692746509840918, 0.013570633360483083, 0.021879919598105528, 0.032482130634874644, 0.044703604253413895, 0.05738954622893287, 0.06911611838464737, 0.07849445390096851, 0.08446572424978184, 0.08649721610353327, 0.08463439664305593, 0.07941759975074147, 0.07171087928431581, 0.06250400891801543, 0.034420204311307816, 0.007894910428406175, 0.0012024415424426447, 0.00014185838390734504, 4.444287766081078e-6, 3.7557116194797395e-8, 3.418840210933637e-10, 3.836708728499614e-12, 7.549516567451061e-15}:
{0, 68, 0., 0., 0., 0., 0., 0., 0., 0., 0., 0., 0., 0., 0., 0., 0., 0., 0., 0., 0., 0., 0., 0., 0., 0., 0., 0., 0., 0., 0., 0., 0., 6.661338147750938e-16, 2.8865798640254064e-14, 8.695266728864225e-13, 1.8666734824535066e-11, 2.9488861352788826e-10, 3.526352321259196e-9, 3.273951404425545e-8, 2.414232631586799e-7, 1.4432384601859025e-6, 7.124653757351051e-6, 0.00002953192600546605, 0.00010434330446151827, 0.0003185712793513095, 0.0008509228257553291, 0.0020109138389679533, 0.004247679836023032, 0.008094735726225709, 0.01403543985483135, 0.022314106474364985, 0.03275896081894923, 0.044697407972662466, 0.05701683775639858, 0.06836665196153872, 0.07743951422785067, 0.08324106175145421, 0.08526833491963963, 0.08355742293205094, 0.07860817372669346, 0.0712282518744443, 0.043548198701212064, 0.01149987601883756, 0.0019516766728293606, 0.00025026457147214737, 8.583491499014604e-6, 7.8262205382984e-8, 7.434774462744539e-10, 8.524070338467024e-12, 1.6875389974302373e-14}:
{0, 68, 0., 0., 0., 0., 0., 0., 0., 0., 0., 0., 0., 0., 0., 0., 0., 0., 0., 0., 0., 0., 0., 0., 0., 0., 0., 0., 0., 0., 0., 0., 0., 5.5511151231257815e-17, 2.3869795029440858e-15, 8.643086246706842e-14, 2.232325435613802e-12, 4.187894475649045e-11, 5.878840747541857e-10, 6.339523739296025e-9, 5.37697026348205e-8, 3.6640168099566484e-7, 2.0447060175010634e-6, 9.507497130967211e-6, 0.00003741571292259493, 0.00012639936773767288, 0.0003712937121650438, 0.0009594869919264389, 0.0022045377358487768, 0.004547251844730703, 0.008494912712891541, 0.014489012056987601, 0.02272891981236762, 0.033013914440532525, 0.04467506712277829, 0.05664114636773497, 0.0676306822881123, 0.07641223462564853, 0.08205117118357559, 0.08407224234148372, 0.08250323779909152, 0.07780686554461397, 0.052982950705310436, 0.016182136494355123, 0.003071899136004696, 0.00042953350110491717, 0.000016191903488949052, 1.5993881447018407e-7, 1.590545917196095e-9, 1.8675616608732064e-11, 3.747002708109902e-14}:
{0, 68, 0., 0., 0., 0., 0., 0., 0., 0., 0., 0., 0., 0., 0., 0., 0., 0., 0., 0., 0., 0., 0., 0., 0., 0., 0., 0., 0., 0., 0., 0., 0., 0., 1.6653345369377343e-16, 7.827072323607354e-15, 2.4269475318305917e-13, 5.426548099762839e-12, 8.973732867900708e-11, 1.1277009326349228e-9, 1.103586100281717e-8, 8.59745526993194e-8, 5.438828448167676e-7, 2.8444506534053278e-6, 0.00001249948762332975, 0.00004683468042943061, 0.00015163986731225873, 0.00042942654177186, 0.0010754201156789596, 0.002405684509066141, 0.004851142666194462, 0.008892462608606986, 0.014930981687596651, 0.023124730176526102, 0.03324799637672048, 0.04463772509912211, 0.05626313141295595, 0.0669079872415116, 0.0754115548374341, 0.0808946016446901, 0.08290771008047369, 0.08147132897815398, 0.0619885278713352, 0.021997603187119127, 0.004688795166508108, 0.0007172128360979911, 0.000029833484176067234, 3.2055136367503673e-7, 3.347449650803468e-9, 4.0349834584674214e-11, 8.193445921733653e-14}:
{0, 68, 0., 0., 0., 0., 0., 0., 0., 0., 0., 0., 0., 0., 0., 0., 0., 0., 0., 0., 0., 0., 0., 0., 0., 0., 0., 0., 0., 0., 0., 0., 0., 0., 0., 6.10622663543836e-16, 2.3980817331903378e-14, 6.415978859308778e-13, 1.2542022975736698e-11, 1.8428120140967505e-10, 2.0872873984778546e-9, 1.8645467780853405e-8, 1.3408659355063077e-7, 7.908366979059165e-7, 3.89025297165002e-6, 0.000016205913532407742, 0.00005796644723760068, 0.00018027773980994194, 0.0004930977591136031, 0.0011985914560010966, 0.002613852111116032, 0.00515856620107241, 0.009286639087948741, 0.015361057114996631, 0.023501943337039196, 0.03346218222523949, 0.044586454223570146, 0.05588339143913772, 0.06619833778206399, 0.07443646735157801, 0.07976998135614022, 0.08177356662433737, 0.0697422211332317, 0.028887616808059565, 0.006940181719864324, 0.001165071145454277, 0.00005368861729482254, 6.300621176458242e-7, 6.930607698851786e-9, 8.59698423560928e-11, 1.7741363933509996e-13}:
{0, 68, 0., 0., 0., 0., 0., 0., 0., 0., 0., 0., 0., 0., 0., 0., 0., 0., 0., 0., 0., 0., 0., 0., 0., 0., 0., 0., 0., 0., 0., 0., 0., 0., 0., 5.551115123125782e-17, 2.164934898019055e-15, 6.916689443414724e-14, 1.6049939155493574e-12, 2.7663982216097332e-11, 3.638003231998254e-10, 3.737362641587082e-9, 3.063860087859638e-8, 2.0432890235344556e-7, 1.1280011776304553e-6, 5.236747413595032e-6, 0.000020739892756527205, 0.00007099012926414791, 0.00021251104567204798, 0.0005624008835070636, 0.0013288298762585966, 0.0028285203424255876, 0.005468763364455563, 0.009676762685790095, 0.015779016517095398, 0.023860993552984926, 0.03365741674959154, 0.04452225973111711, 0.05550246947001446, 0.06550149968784556, 0.07348601421536786, 0.0786760123732373, 0.07545526046920807, 0.03664755065495428, 0.00996175225730694, 0.0018412393876309214, 0.00009436971903159506, 1.2145380050565533e-6, 1.411620703661853e-8, 1.806301219708927e-10, 3.7986280787549716e-13}:
{0, 68, 0., 0., 0., 0., 0., 0., 0., 0., 0., 0., 0., 0., 0., 0., 0., 0., 0., 0., 0., 0., 0., 0., 0., 0., 0., 0., 0., 0., 0., 0., 0., 0., 0., 0., 1.6653345369377346e-16, 7.494005416219805e-15, 2.1038726316646714e-13, 4.361122574181308e-12, 6.84244882975804e-11, 8.328048251016183e-10, 8.039130083847823e-9, 6.279156461452827e-8, 4.0409876750358004e-7, 2.178200566860244e-6, 9.981621152399532e-6, 0.000039415846921686523, 0.0001357825247914057, 0.000412639533976744, 0.0011175363340111817, 0.002722236584703718, 0.006014632095855064, 0.012145800646554737, 0.022573135998778134, 0.038855216064708646, 0.062301137362459055, 0.09354235264629493, 0.13214908215908522, 0.17642638128099056, 0.22348440714508638, 0.26959623324217363, 0.36472678281515186, 0.2978256499795136, 0.12646364860583256, 0.03396458095744625, 0.002702608879289081, 0.0000522318907890673, 7.85482704046547e-7, 1.1740636407520095e-8, 2.754046990460778e-11}:
{0, 68, 0., 0., 0., 0., 0., 0., 0., 0., 0., 0., 0., 0., 0., 0., 0., 0., 0., 0., 0., 0., 0., 0., 0., 0., 0., 0., 0., 0., 0., 0., 0., 0., 0., 0., 0., 0., 0., 5.5511151231257815e-17, 2.0539125955565392e-15, 5.2347015611076125e-14, 1.019517803513281e-12, 1.537731053602442e-11, 1.8341694829615557e-10, 1.7638437377343053e-9, 1.3918040053795263e-8, 9.156725466752387e-8, 5.096520567793305e-7, 2.4319111890935825e-6, 0.000010069920399868867, 0.00003658603838940787, 0.00011781672506144811, 0.00033940161369422345, 0.0008820739608232928, 0.002084178425917293, 0.004508912172119737, 0.008989234395656517, 0.016613340880982153, 0.028617237722679652, 0.0461733990313336, 0.0701017077276314, 0.17727514928627933, 0.34360883347868815, 0.29085777961215914, 0.13594443942295872, 0.02042288186742319, 0.0007064643206250997, 0.000015456558422721752, 2.926727292740238e-7, 8.28944912711904e-10}:
{0, 68, 0., 0., 0., 0., 0., 0., 0., 0., 0., 0., 0., 0., 0., 0., 0., 0., 0., 0., 0., 0., 0., 0., 0., 0., 0., 0., 0., 0., 0., 0., 0., 0., 0., 0., 0., 0., 0., 0., 0., 0., 0., 6.10622663543836e-16, 1.4599432773820805e-14, 2.6689761511988763e-13, 3.851141627819742e-12, 4.4706960355966866e-11, 4.24725532521819e-10, 3.353746058643025e-9, 2.2325463033823205e-8, 1.2692747436426894e-7, 6.236738156473185e-7, 2.6775473055407058e-6, 0.000010144572157699814, 0.00003423176190403553, 0.00010374797431472734, 0.0002846051364376877, 0.0007117112112784428, 0.0016330465645133516, 0.0034588715231999574, 0.006800017088983589, 0.03469745132114787, 0.1770652745450327, 0.32471704924756495, 0.28323168583098307, 0.08766854495496872, 0.005955546609806238, 0.000203835643504735, 5.178991697551981e-6, 1.8918214439445074e-8}:
{0, 68, 0., 0., 0., 0., 0., 0., 0., 0., 0., 0., 0., 0., 0., 0., 0., 0., 0., 0., 0., 0., 0., 0., 0., 0., 0., 0., 0., 0., 0., 0., 0., 0., 0., 0., 0., 0., 0., 0., 0., 0., 0., 0., 0., 0., 2.2204460492503126e-16, 4.4964032497318824e-15, 7.738254481637339e-14, 1.0643153025569061e-12, 1.1965262114443928e-11, 1.1159495549861727e-10, 8.753691105312098e-10, 5.848547701692296e-9, 3.367087481054298e-8, 1.6882782383209613e-7, 7.445279385231981e-7, 2.914015797050861e-6, 0.000010206917530397595, 0.000032242170372676064, 0.00009250321559578499, 0.00024262210715103588, 0.0027083699804274493, 0.040620340292861816, 0.17604073404773216, 0.3077302877014809, 0.21421522520915248, 0.03133611764151977, 0.0018031066612741449, 0.00006509063065829321, 3.2745901262787303e-7}:
{0, 68, 0., 0., 0., 0., 0., 0., 0., 0., 0., 0., 0., 0., 0., 0., 0., 0., 0., 0., 0., 0., 0., 0., 0., 0., 0., 0., 0., 0., 0., 0., 0., 0., 0., 0., 0., 0., 0., 0., 0., 0., 0., 0., 0., 0., 0., 0., 0., 5.5511151231257815e-17, 1.5543122344752186e-15, 2.4591439995447208e-14, 3.2163161023390775e-13, 3.490374655967798e-12, 3.1812608103365385e-11, 2.4654422947634197e-10, 1.6431169758135405e-9, 9.516032406509108e-9, 4.8355782711340105e-8, 2.1753213425013124e-7, 8.735180520580419e-7, 3.1551718112643452e-6, 0.00008435520557720232, 0.004305966313934373, 0.05210686546053249, 0.2258761976449048, 0.5353638119353598, 0.3149986800175991, 0.05343247517115461, 0.004273167423193889, 0.00004715255909876202}:
{0, 68, 0., 0., 0., 0., 0., 0., 0., 0., 0., 0., 0., 0., 0., 0., 0., 0., 0., 0., 0., 0., 0., 0., 0., 0., 0., 0., 0., 0., 0., 0., 0., 0., 0., 0., 0., 0., 0., 0., 0., 0., 0., 0., 0., 0., 0., 0., 0., 0., 0., 0., 0., 0., 0., 0., 2.2204460492503123e-16, 3.1641356201816954e-15, 3.719247132494274e-14, 3.737565812400589e-13, 3.2224778401257477e-12, 2.4081403537934417e-11, 4.652273233318737e-9, 3.5923783293645424e-6, 0.00036695371332279286, 0.008517908393326166, 0.13500667995913554, 0.4929782509208275, 0.3214186176370858, 0.07029610808058998, 0.0021860916097637957}:
{0, 68, 0., 0., 0., 0., 0., 0., 0., 0., 0., 0., 0., 0., 0., 0., 0., 0., 0., 0., 0., 0., 0., 0., 0., 0., 0., 0., 0., 0., 0., 0., 0., 0., 0., 0., 0., 0., 0., 0., 0., 0., 0., 0., 0., 0., 0., 0., 0., 0., 0., 0., 0., 0., 0., 0., 0., 0., 0., 0., 0., 0., 5.60662627435704e-15, 1.0803247185720008e-10, 1.4361391065254023e-7, 0.000026128200357522495, 0.004392527893102682, 0.14612853726473987, 0.4562810189145745, 0.32277380140954415, 0.03503890431800498}:
{0, 68, 0., 0., 0., 0., 0., 0., 0., 0., 0., 0., 0., 0., 0., 0., 0., 0., 0., 0., 0., 0., 0., 0., 0., 0., 0., 0., 0., 0., 0., 0., 0., 0., 0., 0., 0., 0., 0., 0., 0., 0., 0., 0., 0., 0., 0., 0., 0., 0., 0., 0., 0., 0., 0., 0., 0., 0., 0., 0., 0., 0., 0., 1.1102230246251563e-16, 2.8532176621354202e-12, 5.793650004193294e-9, 0.000016247693936488613, 0.007773011046390997, 0.15452846759923977, 0.4243183614857816, 0.19745367107291362}:
{0, 68, 0., 0., 0., 0., 0., 0., 0., 0., 0., 0., 0., 0., 0., 0., 0., 0., 0., 0., 0., 0., 0., 0., 0., 0., 0., 0., 0., 0., 0., 0., 0., 0., 0., 0., 0., 0., 0., 0., 0., 0., 0., 0., 0., 0., 0., 0., 0., 0., 0., 0., 0., 0., 0., 0., 0., 0., 0., 0., 0., 0., 0., 0., 0., 8.781864124784987e-14, 6.305847788379281e-9, 0.00006868695920997368, 0.012315446512767054, 0.17775997598321747, 0.6839762533694672};
>
