// Mapping of true neutrino energy to reconstructed energy
// in T2K
energy(#ERES_NUBAR_QE)<
  @energy =
{0, 68, 0.36070937409249837, 0.325006300628802, 0.1196104471460793, 0.019210555132286724, 0.0014295695579305523, 0.000052153130347953805, 9.845905581951072e-7, 1.0130307204203589e-8, 5.967104588222574e-11, 2.1083135237631695e-13, 4.44089209850062e-16, 0., 0., 0., 0., 0., 0., 0., 0., 0., 0., 0., 0., 0., 0., 0., 0., 0., 0., 0., 0., 0., 0., 0., 0., 0., 0., 0., 0., 0., 0., 0., 0., 0., 0., 0., 0., 0., 0., 0., 0., 0., 0., 0., 0., 0., 0., 0., 0., 0., 0., 0., 0., 0., 0., 0., 0., 0., 0.}:
{0, 68, 0.15325917617836546, 0.3564667805156681, 0.3220155946003267, 0.12169687510586633, 0.020512839743005964, 0.0016341000838894758, 0.00006496964009794484, 1.358165712173063e-6, 1.569099372655811e-8, 1.0504630498786568e-10, 4.261591080023658e-13, 1.1102230246251552e-15, 0., 0., 0., 0., 0., 0., 0., 0., 0., 0., 0., 0., 0., 0., 0., 0., 0., 0., 0., 0., 0., 0., 0., 0., 0., 0., 0., 0., 0., 0., 0., 0., 0., 0., 0., 0., 0., 0., 0., 0., 0., 0., 0., 0., 0., 0., 0., 0., 0., 0., 0., 0., 0., 0., 0., 0., 0.}:
{0, 68, 0.024985879101643033, 0.15505502840026728, 0.352306343530497, 0.3190509609365876, 0.12369263946780083, 0.02183993993831598, 0.0018575364408180389, 0.00008021786037276645, 1.849572327128343e-6, 2.388816694454118e-8, 1.808925231827627e-10, 8.384959393481484e-13, 2.4980018054065987e-15, 0., 0., 0., 0., 0., 0., 0., 0., 0., 0., 0., 0., 0., 0., 0., 0., 0., 0., 0., 0., 0., 0., 0., 0., 0., 0., 0., 0., 0., 0., 0., 0., 0., 0., 0., 0., 0., 0., 0., 0., 0., 0., 0., 0., 0., 0., 0., 0., 0., 0., 0., 0., 0., 0., 0., 0.}:
{0, 68, 0.0015443677323008196, 0.026582511545909748, 0.15674103517048427, 0.348226466367044, 0.31611373949210975, 0.12559912010221103, 0.02318904764274101, 0.0021004286326991, 0.00009821214235655725, 2.488301634184783e-6, 3.577742707649984e-8, 3.0505364900790214e-10, 1.6078249842621495e-12, 5.440092820663259e-15, 0., 0., 0., 0., 0., 0., 0., 0., 0., 0., 0., 0., 0., 0., 0., 0., 0., 0., 0., 0., 0., 0., 0., 0., 0., 0., 0., 0., 0., 0., 0., 0., 0., 0., 0., 0., 0., 0., 0., 0., 0., 0., 0., 0., 0., 0., 0., 0., 0., 0., 0., 0., 0., 0., 0.}:
{0, 68, 0.000035710814472622526, 0.0017768112484708417, 0.028200027502691974, 0.15832063431416896, 0.34422553837031566, 0.313205088394482, 0.1274178662564255, 0.024557379286741194, 0.002363244788288695, 0.00011928405947436699, 3.309180546251507e-6, 5.275861381104356e-8, 5.043235273838313e-10, 3.0086488855829385e-12, 1.1657341758564126e-14, 5.551115123125775e-17, 0., 0., 0., 0., 0., 0., 0., 0., 0., 0., 0., 0., 0., 0., 0., 0., 0., 0., 0., 0., 0., 0., 0., 0., 0., 0., 0., 0., 0., 0., 0., 0., 0., 0., 0., 0., 0., 0., 0., 0., 0., 0., 0., 0., 0., 0., 0., 0., 0., 0., 0., 0., 0.}:
{0, 68, 3.0522449351311156e-7, 0.000045741057752179884, 0.00203172210227259, 0.02983479229804798, 0.15979730566112085, 0.34030194195064783, 0.3103260006427021, 0.12915057110151998, 0.025942191713625124, 0.002646368732105272, 0.00014378053063968091, 4.352899195536603e-6, 7.666134221873112e-8, 8.181855748468069e-10, 5.500488953202868e-12, 2.414735078559712e-14, 5.551115123125775e-17, 0., 0., 0., 0., 0., 0., 0., 0., 0., 0., 0., 0., 0., 0., 0., 0., 0., 0., 0., 0., 0., 0., 0., 0., 0., 0., 0., 0., 0., 0., 0., 0., 0., 0., 0., 0., 0., 0., 0., 0., 0., 0., 0., 0., 0., 0., 0., 0., 0., 0., 0., 0.}:
{0, 68, 9.550480406517165e-10, 4.4845370383850206e-7, 0.00005796315924766473, 0.0023097626330043607, 0.031483267223712315, 0.16117454895824318, 0.33645405863211664, 0.30747731933830963, 0.1307990485071974, 0.027340796161262188, 0.002950098584135082, 0.00017206169780570302, 5.6665170870551144e-6, 1.0984428755467219e-7, 1.303794794349498e-9, 9.836242931271485e-12, 4.8849813083506825e-14, 1.665334536937732e-16, 0., 0., 0., 0., 0., 0., 0., 0., 0., 0., 0., 0., 0., 0., 0., 0., 0., 0., 0., 0., 0., 0., 0., 0., 0., 0., 0., 0., 0., 0., 0., 0., 0., 0., 0., 0., 0., 0., 0., 0., 0., 0., 0., 0., 0., 0., 0., 0., 0., 0., 0.}:
{0, 68, 1.0860756738395576e-12, 1.6592252016778248e-9, 6.479918245871898e-7, 0.00007271096507233109, 0.00261148668428884, 0.03314202561216973, 0.1624558645943875, 0.3326802742963636, 0.304659751648967, 0.13236521193501802, 0.028750570388859937, 0.0032746463294682183, 0.0002044985956041742, 7.303936310820703e-6, 1.5530873587188388e-7, 2.042498559173819e-9, 1.7223611425976037e-11, 9.636735853746344e-14, 3.885780586188043e-16, 0., 0., 0., 0., 0., 0., 0., 0., 0., 0., 0., 0., 0., 0., 0., 0., 0., 0., 0., 0., 0., 0., 0., 0., 0., 0., 0., 0., 0., 0., 0., 0., 0., 0., 0., 0., 0., 0., 0., 0., 0., 0., 0., 0., 0., 0., 0., 0., 0., 0.}:
{0, 68, 4.4408920985006193e-16, 2.3006041516282453e-12, 2.814200150691444e-9, 9.216974128922736e-7, 0.00009034285606296364, 0.0029373366512635514, 0.034807766160982974, 0.1636447368868403, 0.32897898370980294, 0.3018738815993468, 0.1338510553324789, 0.030168969037069407, 0.00362013828762236, 0.00024147065368706995, 9.326330550118986e-6, 2.168265972879443e-7, 3.14822956593019e-9, 2.956079825366937e-11, 1.8546275626363217e-13, 7.771561172376086e-16, 0., 0., 0., 0., 0., 0., 0., 0., 0., 0., 0., 0., 0., 0., 0., 0., 0., 0., 0., 0., 0., 0., 0., 0., 0., 0., 0., 0., 0., 0., 0., 0., 0., 0., 0., 0., 0., 0., 0., 0., 0., 0., 0., 0., 0., 0., 0., 0., 0.}:
{0, 68, 0., 1.1657341758564124e-15, 4.716227408607658e-12, 4.666304675993153e-9, 1.2916888261216267e-6, 0.0001112399532653406, 0.003287642001214281, 0.0364773237003787, 0.1647446196908577, 0.32534859441349123, 0.2991201817790277, 0.13525863590606635, 0.03159353232292196, 0.003986616402919413, 0.00028336307396648015, 0.000011802519258974338, 2.9908272303202884e-7, 4.778138384953216e-9, 4.977618317525405e-11, 3.4910963009338e-13, 1.72084568816899e-15, 0., 0., 0., 0., 0., 0., 0., 0., 0., 0., 0., 0., 0., 0., 0., 0., 0., 0., 0., 0., 0., 0., 0., 0., 0., 0., 0., 0., 0., 0., 0., 0., 0., 0., 0., 0., 0., 0., 0., 0., 0., 0., 0., 0., 0., 0., 0., 0.}:
{0, 68, 0., 0., 3.0531133177191758e-15, 9.374723219934807e-12, 7.57383433747093e-9, 1.7849863870877923e-6, 0.00013580392034961955, 0.0036626191712738013, 0.03814767760859278, 0.16575892410717735, 0.32178753004698957, 0.29639902405180246, 0.13659005864972926, 0.033021893180222646, 0.004374040271700735, 0.00033056412535808994, 0.000014809277317617812, 4.078309805977114e-7, 7.145857461310347e-9, 8.230460757374648e-11, 6.426525978042709e-13, 3.497202527569238e-15, 0., 0., 0., 0., 0., 0., 0., 0., 0., 0., 0., 0., 0., 0., 0., 0., 0., 0., 0., 0., 0., 0., 0., 0., 0., 0., 0., 0., 0., 0., 0., 0., 0., 0., 0., 0., 0., 0., 0., 0., 0., 0., 0., 0., 0., 0., 0.}:
{0, 68, 0., 0., 0., 7.438494264988538e-15, 1.810041005967375e-11, 1.2047586206431741e-8, 2.4341730271437678e-6, 0.00016445440559814648, 0.004062372730214863, 0.03981595808411376, 0.16669100807674614, 0.31829423317025435, 0.29371068934546346, 0.1378474625057092, 0.03445178296160579, 0.004782289819091117, 0.00038346239798014943, 0.00001843157166830919, 5.500631357069345e-7, 1.053780940285519e-8, 1.337485122654412e-10, 1.1587397708012743e-12, 7.049916206369734e-15, 5.5511151231257765e-17, 0., 0., 0., 0., 0., 0., 0., 0., 0., 0., 0., 0., 0., 0., 0., 0., 0., 0., 0., 0., 0., 0., 0., 0., 0., 0., 0., 0., 0., 0., 0., 0., 0., 0., 0., 0., 0., 0., 0., 0., 0., 0., 0., 0., 0.}:
{0, 68, 0., 0., 0., 0., 1.7541523789077448e-14, 3.400102421835522e-11, 1.8802120249627992e-8, 3.278060029199276e-6, 0.00019762617329921432, 0.0044868976797819374, 0.0414794504838088, 0.16754416766659047, 0.3148671676410048, 0.2910553765959065, 0.13903300803686205, 0.03588103582108277, 0.005211168537136927, 0.0004424440571821335, 0.00002276271784718006, 7.341891843926075e-7, 1.5332978664517304e-8, 2.1377588588222778e-10, 2.0481394358284856e-12, 1.3822276656583183e-14, 5.5511151231257765e-17, 0., 0., 0., 0., 0., 0., 0., 0., 0., 0., 0., 0., 0., 0., 0., 0., 0., 0., 0., 0., 0., 0., 0., 0., 0., 0., 0., 0., 0., 0., 0., 0., 0., 0., 0., 0., 0., 0., 0., 0., 0., 0., 0., 0.}:
{0, 68, 0., 0., 0., 0., 0., 3.996802888650558e-14, 6.223410675687537e-11, 2.8819351183262352e-8, 4.36234334699747e-6, 0.00023576597960367455, 0.0049360827639444655, 0.04313559793191485, 0.16832162986542296, 0.3115048205989995, 0.28843321091422386, 0.14014886649308475, 0.03730759189606009, 0.0056604071971209004, 0.0005078901354119141, 0.000027904450892846066, 9.702273814360381e-7, 2.2026562018773147e-8, 3.3632330254107454e-10, 3.5519920338344905e-12, 2.6645352591003725e-14, 1.6653345369377326e-16, 0., 0., 0., 0., 0., 0., 0., 0., 0., 0., 0., 0., 0., 0., 0., 0., 0., 0., 0., 0., 0., 0., 0., 0., 0., 0., 0., 0., 0., 0., 0., 0., 0., 0., 0., 0., 0., 0., 0., 0., 0., 0., 0.}:
{0, 68, 0., 0., 0., 0., 0., 0., 8.787415239908101e-14, 1.1114992259919613e-10, 4.3426010898350793e-8, 5.740235318574253e-6, 0.00027932925117835034, 0.005409714651356805, 0.044782002397899694, 0.16902654672205283, 0.308205704103232, 0.2858442510405627, 0.1411972101589385, 0.03872949940598407, 0.006129667951375864, 0.0005801738969363749, 0.000033966906785254326, 1.2700018431344145e-6, 3.125789627134163e-8, 5.211818754347058e-10, 6.049050149670158e-12, 5.012656956182574e-14, 2.7755575615628884e-16, 0., 0., 0., 0., 0., 0., 0., 0., 0., 0., 0., 0., 0., 0., 0., 0., 0., 0., 0., 0., 0., 0., 0., 0., 0., 0., 0., 0., 0., 0., 0., 0., 0., 0., 0., 0., 0., 0., 0., 0., 0., 0.}:
{0, 68, 0., 0., 0., 0., 0., 0., 5.5511151231257747e-17, 1.8729462425426363e-13, 1.9395729466964411e-10, 6.438637378813885e-8, 7.47305642584405e-6, 0.0003287766264195575, 0.005907482856617343, 0.04641642443197129, 0.1696619906736173, 0.3049683564631578, 0.283288496143783, 0.14218020387470842, 0.04014491578135499, 0.006618548743680166, 0.0006596583069521368, 0.000041068512286745956, 1.6473452661425167e-6, 4.384302765281229e-8, 7.960571091203396e-10, 1.0124068250405557e-11, 9.248157795127543e-14, 6.106226635438354e-16, 0., 0., 0., 0., 0., 0., 0., 0., 0., 0., 0., 0., 0., 0., 0., 0., 0., 0., 0., 0., 0., 0., 0., 0., 0., 0., 0., 0., 0., 0., 0., 0., 0., 0., 0., 0., 0., 0., 0., 0., 0.}:
{0, 68, 0., 0., 0., 0., 0., 0., 0., 1.1102230246251548e-16, 3.870792575355602e-13, 3.3109465169545114e-10, 9.401141348730477e-8, 9.630772095703387e-6, 0.00038457041871253707, 0.006428985269047828, 0.04803678173618125, 0.1702309509240889, 0.30179134330066043, 0.2807658920214958, 0.14309999762877837, 0.04155210793223768, 0.00712658795203679, 0.0007466936328093244, 0.0000493357827784368, 2.1183040276873096e-6, 6.081224251941457e-8, 1.1992074000488612e-9, 1.666466964422851e-11, 1.671995875085484e-13, 1.2212453270876706e-15, 0., 0., 0., 0., 0., 0., 0., 0., 0., 0., 0., 0., 0., 0., 0., 0., 0., 0., 0., 0., 0., 0., 0., 0., 0., 0., 0., 0., 0., 0., 0., 0., 0., 0., 0., 0., 0., 0., 0., 0.}:
{0, 68, 0., 0., 0., 0., 0., 0., 0., 0., 3.3306690738754647e-16, 7.774891841449961e-13, 5.535356062402734e-10, 1.352852510572154e-7, 0.000012292460356666518, 0.00044717105944913556, 0.006973734163124901, 0.049641146737160455, 0.1707363307461826, 0.2986732583754758, 0.2782763367508234, 0.14395872012508887, 0.04294945175988168, 0.0076532691930591866, 0.000841615201047362, 0.0000589030293436376, 2.701342700917039e-6, 8.345281282684513e-8, 1.7827788689750414e-9, 2.6997348800961134e-11, 2.967071033310727e-13, 2.4424906541753412e-15, 0., 0., 0., 0., 0., 0., 0., 0., 0., 0., 0., 0., 0., 0., 0., 0., 0., 0., 0., 0., 0., 0., 0., 0., 0., 0., 0., 0., 0., 0., 0., 0., 0., 0., 0., 0., 0., 0., 0.}:
{0, 68, 0., 0., 0., 0., 0., 0., 0., 0., 0., 8.326672684688663e-16, 1.519617764955681e-12, 9.073023443661997e-10, 1.920093792295849e-7, 0.000015546697417490017, 0.0005170335754592351, 0.007541162571873029, 0.05122774331401369, 0.17118094559178362, 0.2956127242032656, 0.27581968583627453, 0.14475847323550667, 0.044335431008924224, 0.008198026223084286, 0.0009447413298442886, 0.00006991197793099195, 3.4175448692663706e-6, 1.1335713762106168e-7, 2.6169643119189316e-9, 4.307454393170923e-11, 5.171418848703972e-13, 4.662936703425651e-15, 5.5511151231257765e-17, 0., 0., 0., 0., 0., 0., 0., 0., 0., 0., 0., 0., 0., 0., 0., 0., 0., 0., 0., 0., 0., 0., 0., 0., 0., 0., 0., 0., 0., 0., 0., 0., 0., 0., 0., 0., 0.}:
{0, 68, 0., 0., 0., 0., 0., 0., 0., 0., 0., 0., 1.942890293094021e-15, 2.8945179586514732e-12, 1.459511234092046e-9, 2.6896470467496727e-7, 0.00001949184986266281, 0.0005946041514124915, 0.0081306309130058, 0.05279494282210742, 0.17156752190715155, 0.29260839249227333, 0.2733957568974196, 0.1455013272529672, 0.04570863555110632, 0.008760247877309715, 0.0010563714523938437, 0.00008251130486897063, 4.290807028684002e-6, 1.5247636842019558e-7, 3.795127379024871e-9, 6.772821192768665e-11, 8.86013484802105e-13, 8.659739592076212e-15, 5.5511151231257765e-17, 0., 0., 0., 0., 0., 0., 0., 0., 0., 0., 0., 0., 0., 0., 0., 0., 0., 0., 0., 0., 0., 0., 0., 0., 0., 0., 0., 0., 0., 0., 0., 0., 0., 0., 0., 0.}:
{0, 68, 0., 0., 0., 0., 0., 0., 0., 0., 0., 0., 0., 4.385380947269363e-15, 5.379807710426113e-12, 2.3063224663388804e-9, 3.72090961986426e-7, 0.00002423626409081555, 0.0006803168228446945, 0.008741433766969328, 0.0543412595407569, 0.17189869655955087, 0.2896589444217095, 0.2710043339356043, 0.14618931686722636, 0.04706775918469192, 0.009339282994537613, 0.0011767844427617562, 0.00009685609429854736, 5.348022357742893e-6, 2.0317950999437755e-7, 5.4400407512034055e-9, 1.0501000069496045e-10, 1.4931944569696027e-12, 1.5987211554602235e-14, 1.1102230246251552e-16, 0., 0., 0., 0., 0., 0., 0., 0., 0., 0., 0., 0., 0., 0., 0., 0., 0., 0., 0., 0., 0., 0., 0., 0., 0., 0., 0., 0., 0., 0., 0., 0., 0., 0., 0.}:
{0, 68, 0., 0., 0., 0., 0., 0., 0., 0., 0., 0., 0., 0., 9.60342916300759e-15, 9.769018927130432e-12, 3.5832125599988224e-9, 5.086825313749258e-7, 0.000029898345775769512, 0.000774590339988167, 0.009372806715928092, 0.05586534566032751, 0.17217701679154498, 0.28676309078235385, 0.26864517121571146, 0.14682443779086896, 0.048411597026966235, 0.009934445281359214, 0.00130623715198641, 0.00011310722420043705, 6.6192511878892986e-6, 2.683178748630329e-7, 7.711392469023072e-9, 1.606393906783408e-10, 2.4767965456362593e-12, 2.886579864025403e-14, 2.7755575615628884e-16, 0., 0., 0., 0., 0., 0., 0., 0., 0., 0., 0., 0., 0., 0., 0., 0., 0., 0., 0., 0., 0., 0., 0., 0., 0., 0., 0., 0., 0., 0., 0., 0., 0., 0.}:
{0, 68, 0., 0., 0., 0., 0., 0., 0., 0., 0., 0., 0., 0., 0., 2.0428103653102852e-14, 1.7351065029203005e-11, 5.478027587102467e-9, 6.875991602761635e-7, 0.00003660652442960538, 0.0008778252367557792, 0.010023933162848652, 0.057365985912265466, 0.17240494062800918, 0.28391957199768664, 0.2663179967960561, 0.1474086439688506, 0.04973904257046606, 0.01054501807572593, 0.0014449631586554972, 0.00013143068862131438, 8.137875135594265e-6, 3.5129465858485484e-7, 1.0814720174945324e-8, 2.425882272838462e-10, 4.046429857851302e-12, 5.11257702839884e-14, 4.9960036108131995e-16, 0., 0., 0., 0., 0., 0., 0., 0., 0., 0., 0., 0., 0., 0., 0., 0., 0., 0., 0., 0., 0., 0., 0., 0., 0., 0., 0., 0., 0., 0., 0., 0., 0.}:
{0, 68, 0., 0., 0., 0., 0., 0., 0., 0., 0., 0., 0., 0., 0., 0., 4.2132963784524634e-14, 3.017602834276541e-11, 8.247307836661822e-9, 9.194895596587023e-7, 0.00004449910050735578, 0.0009904011332371163, 0.01069395105990732, 0.058842091934066226, 0.17258483766897983, 0.28112715804166033, 0.2640225157366926, 0.14794384531018778, 0.05104908446701217, 0.011170258975721702, 0.0015931717349413322, 0.00015199686442912678, 9.940732047741806e-6, 4.56139283677714e-7, 1.5011930920572053e-8, 3.6183200879946707e-10, 6.514899730802874e-12, 8.92619311798625e-14, 9.436895709313819e-16, 0., 0., 0., 0., 0., 0., 0., 0., 0., 0., 0., 0., 0., 0., 0., 0., 0., 0., 0., 0., 0., 0., 0., 0., 0., 0., 0., 0., 0., 0., 0., 0.}:
{0, 68, 0., 0., 0., 0., 0., 0., 0., 0., 0., 0., 0., 0., 0., 0., 5.5511151231257747e-17, 8.482103908136183e-14, 5.144012993341101e-11, 1.223639545244735e-8, 1.2170253487764332e-6, 0.0000537239748407136, 0.0011126742940846797, 0.011381959485280464, 0.06029269645043963, 0.17271899020883197, 0.2783846482675348, 0.26175841301392605, 0.1484319058855296, 0.05234080309729682, 0.011809404304918376, 0.0017510470261491973, 0.00017497973145935686, 0.000012068229160055998, 5.875860419890515e-7, 2.063356180359574e-8, 5.333064545531835e-10, 1.0343059742012872e-11, 1.5332179970073394e-13, 1.7763568394002483e-15, 0., 0., 0., 0., 0., 0., 0., 0., 0., 0., 0., 0., 0., 0., 0., 0., 0., 0., 0., 0., 0., 0., 0., 0., 0., 0., 0., 0., 0., 0., 0.}:
{0, 68, 0., 0., 0., 0., 0., 0., 0., 0., 0., 0., 0., 0., 0., 0., 0., 1.110223024625155e-16, 1.6642243139131074e-13, 8.603229240122786e-11, 1.7903842186584003e-8, 1.5951423653626208e-6, 0.0000644382624556127, 0.0012449754593499267, 0.012087025016810454, 0.061716947341802254, 0.1728095946289874, 0.27569087116046503, 0.25952535616644273, 0.14887464253914884, 0.053613366977739364, 0.012461673390904966, 0.0019187474392433044, 0.00020055605525387521, 0.000014564432169406044, 7.511564518170023e-7, 2.8092925874467737e-8, 7.771077670248864e-10, 1.6200485397632727e-11, 2.5907054279628e-13, 3.275157922644208e-15, 5.5511151231257765e-17, 0., 0., 0., 0., 0., 0., 0., 0., 0., 0., 0., 0., 0., 0., 0., 0., 0., 0., 0., 0., 0., 0., 0., 0., 0., 0., 0., 0., 0.}:
{0, 68, 0., 0., 0., 0., 0., 0., 0., 0., 0., 0., 0., 0., 0., 0., 0., 0., 2.775557561562888e-16, 3.188005415211132e-13, 1.4129625247605286e-10, 2.5850624640888465e-8, 2.071285966243061e-6, 0.00007680779495294876, 0.0013876079587822312, 0.012808187859941074, 0.06311410166193247, 0.17285876301742983, 0.2730446840251149, 0.25732299769636335, 0.14927382386841084, 0.054866029050627194, 0.01312627263840192, 0.002096405233566909, 0.00022890454174717662, 0.000017477128260279227, 9.532446388349481e-7, 3.79022789820382e-8, 1.1199861038591038e-9, 2.504835228123167e-11, 4.31377156218104e-13, 5.773159728050808e-15, 5.551115123125776e-17, 0., 0., 0., 0., 0., 0., 0., 0., 0., 0., 0., 0., 0., 0., 0., 0., 0., 0., 0., 0., 0., 0., 0., 0., 0., 0., 0., 0.}:
{0, 68, 0., 0., 0., 0., 0., 0., 0., 0., 0., 0., 0., 0., 0., 0., 0., 0., 0., 6.106226635438351e-16, 5.968558980384833e-13, 2.2807494781673623e-10, 3.685464766700614e-8, 2.665656625933096e-6, 0.00009100651756571696, 0.0015408461154300928, 0.013544467695614277, 0.06448351965802071, 0.17286852497376745, 0.2704449726182536, 0.25515097724650365, 0.14963116952799807, 0.056098122898215176, 0.013802399382781478, 0.0022841263050730727, 0.0002602049732420838, 0.000020857861499690132, 1.2012049500631495e-6, 5.0691121133983264e-8, 1.59717999936859e-9, 3.824801586560506e-11, 7.079892228034615e-13, 1.0325074129013943e-14, 1.1102230246251554e-16, 0., 0., 0., 0., 0., 0., 0., 0., 0., 0., 0., 0., 0., 0., 0., 0., 0., 0., 0., 0., 0., 0., 0., 0., 0., 0., 0.}:
{0, 68, 0., 0., 0., 0., 0., 0., 0., 0., 0., 0., 0., 0., 0., 0., 0., 0., 0., 0., 1.332267629550186e-15, 1.0931255900459277e-12, 3.6211661447182967e-10, 5.191096702494839e-8, 3.4014519095792955e-6, 0.0001072157887133106, 0.0017049339396552046, 0.014294869221447327, 0.06582465883853254, 0.17284082956357993, 0.26789065073512913, 0.2530089235733412, 0.14994834982009628, 0.057309058916490956, 0.014489245513808131, 0.0024819901538132264, 0.00029463733484458266, 0.000024761939408868256, 1.5034409256431386e-6, 6.722672951653399e-8, 2.254650632860231e-9, 5.7706561751302785e-11, 1.1458056725643914e-12, 1.793010184769626e-14, 2.2204460492503104e-16, 0., 0., 0., 0., 0., 0., 0., 0., 0., 0., 0., 0., 0., 0., 0., 0., 0., 0., 0., 0., 0., 0., 0., 0., 0., 0.}:
{0, 68, 0., 0., 0., 0., 0., 0., 0., 0., 0., 0., 0., 0., 0., 0., 0., 0., 0., 0., 0., 2.8310687127941456e-15, 1.9606538614880236e-12, 5.65938906849083e-10, 7.227809772913918e-8, 4.3051007604932805e-6, 0.0001256235913226765, 0.0018800841104202855, 0.015058387366438813, 0.06713706812722639, 0.1727775473902208, 0.265380659757405, 0.25089645633351426, 0.15022698553540664, 0.058498320479725134, 0.015186000862987362, 0.002690050023183729, 0.0003323809402214214, 0.000029248409930349128, 1.8694946772312958e-6, 8.843698900973241e-8, 3.1517716769791056e-9, 8.606398926858096e-11, 1.8297585668847185e-12, 3.07531777821168e-14, 4.4408920985006217e-16, 0., 0., 0., 0., 0., 0., 0., 0., 0., 0., 0., 0., 0., 0., 0., 0., 0., 0., 0., 0., 0., 0., 0., 0., 0.}:
{0, 68, 0., 0., 0., 0., 0., 0., 0., 0., 0., 0., 0., 0., 0., 0., 0., 0., 0., 0., 0., 0., 5.828670879282063e-15, 3.4471314691586437e-12, 8.712619514739104e-10, 9.953068802470698e-8, 5.406486000891769e-6, 0.00014642366636208304, 0.002066477236987216, 0.015834012165670857, 0.06842038213525133, 0.17268047275622236, 0.2629139681694613, 0.24881318770012426, 0.15046864801320087, 0.05966546012269922, 0.015891856351081573, 0.0029083331984833785, 0.00037361356511544886, 0.00003438000841854412, 2.310135670757771e-6, 1.1543556177606706e-7, 4.364540562296066e-9, 1.2693579520828267e-10, 2.884470440278616e-12, 5.195843755245727e-14, 7.771561172376087e-16, 0., 0., 0., 0., 0., 0., 0., 0., 0., 0., 0., 0., 0., 0., 0., 0., 0., 0., 0., 0., 0., 0., 0., 0.}:
{0, 68, 0., 0., 0., 0., 0., 0., 0., 0., 0., 0., 0., 0., 0., 0., 0., 0., 0., 0., 0., 0., 0., 1.1712852909795386e-14, 5.9463545198923295e-12, 1.3221375660954479e-9, 1.3561873379863682e-7, 6.739151005297197e-6, 0.00016981457993148186, 0.0022642613909554777, 0.016620733286999402, 0.0696743155775669, 0.17255132589007713, 0.26048957104911846, 0.24675872382377764, 0.15067485939175304, 0.060810095763662024, 0.016606006895126795, 0.0031368414516643704, 0.0004185105965295305, 0.00004022307468848347, 2.8374478654447055e-6, 1.4954939958622388e-7, 5.989374274317776e-9, 1.852205611108102e-10, 4.490852134608753e-12, 8.659739592076211e-14, 1.3322676295501869e-15, 0., 0., 0., 0., 0., 0., 0., 0., 0., 0., 0., 0., 0., 0., 0., 0., 0., 0., 0., 0., 0., 0., 0.}:
{0, 68, 0., 0., 0., 0., 0., 0., 0., 0., 0., 0., 0., 0., 0., 0., 0., 0., 0., 0., 0., 0., 0., 0., 2.2926105458509448e-14, 1.007249839091172e-11, 1.9789174743323176e-9, 1.8293339126840254e-7, 8.34048665382391e-6, 0.0001959987358735036, 0.002473551895890377, 0.017417544206557754, 0.0708986578548131, 0.17239175521732666, 0.25810648953807985, 0.24473266615194636, 0.15084709302333238, 0.061931906987563234, 0.01732765407668988, 0.0033755516187456386, 0.00046724420488214403, 0.0000468474405517782, 3.4649141456011236e-6, 1.923485701826875e-7, 8.14755735101257e-9, 2.674891974585589e-10, 6.908529304183722e-12, 1.423861029081762e-13, 2.3869795029440838e-15, 5.551115123125778e-17, 0., 0., 0., 0., 0., 0., 0., 0., 0., 0., 0., 0., 0., 0., 0., 0., 0., 0., 0., 0., 0.}:
{0, 68, 0., 0., 0., 0., 0., 0., 0., 0., 0., 0., 0., 0., 0., 0., 0., 0., 0., 0., 0., 0., 0., 0., 5.5511151231257747e-17, 4.390932062392489e-14, 1.6767531807460026e-11, 2.9232185561056626e-9, 2.443793114537127e-7, 0.000010251894916546422, 0.00022518134621846123, 0.0026944313596128887, 0.01822344603408452, 0.0720932678172598, 0.17220333965775925, 0.2557637702966888, 0.24273461261909005, 0.15098677403055852, 0.06303063140594775, 0.01805600857515619, 0.00362441629616322, 0.0005199825457701252, 0.00005432628863932803, 4.207496974550913e-6, 2.4567832968003213e-7, 1.0990407417477132e-8, 3.8246894540350194e-10, 1.0505540881666765e-11, 2.309263891220323e-13, 4.107825191113075e-15, 5.5511151231257765e-17, 0., 0., 0., 0., 0., 0., 0., 0., 0., 0., 0., 0., 0., 0., 0., 0., 0., 0., 0., 0.}:
{0, 68, 0., 0., 0., 0., 0., 0., 0., 0., 0., 0., 0., 0., 0., 0., 0., 0., 0., 0., 0., 0., 0., 0., 0., 1.1102230246251553e-16, 8.237854842718653e-14, 2.7451985129545126e-11, 4.264055053493361e-9, 3.234532793827679e-7, 0.000012518925737392533, 0.0002575693718796509, 0.002926949932529229, 0.01903745099266588, 0.07325806872352877, 0.17198759093305466, 0.2534604849471121, 0.24076415871893878, 0.15109527998331598, 0.06410606110705844, 0.018790292371571905, 0.00388336464234806, 0.0005768889972614926, 0.00006273598365813531, 5.081714217314287e-6, 3.1169333353231434e-7, 1.4705226092370777e-8, 5.416429527116401e-10, 1.579814057350857e-11, 3.6981528950263934e-13, 7.049916206369736e-15, 1.1102230246251556e-16, 0., 0., 0., 0., 0., 0., 0., 0., 0., 0., 0., 0., 0., 0., 0., 0., 0., 0., 0.}:
{0, 68, 0., 0., 0., 0., 0., 0., 0., 0., 0., 0., 0., 0., 0., 0., 0., 0., 0., 0., 0., 0., 0., 0., 0., 0., 2.2204460492503106e-16, 1.5126788710517738e-13, 4.423472699244252e-11, 6.145319086936489e-9, 4.24328792214545e-7, 0.000015191384273471866, 0.0002933704458779048, 0.0031711257741258124, 0.01985858556048229, 0.07439304340328574, 0.1717459558714588, 0.2511957295084983, 0.23882089846929275, 0.1511739416776086, 0.06515803920715238, 0.019529740729989788, 0.004152303271001962, 0.0006381214379049809, 0.00007215587754400002, 6.10570911196983e-6, 3.928938401287492e-7, 1.952209688349525e-8, 7.599835760707654e-10, 2.3502588764046076e-11, 5.850320228262256e-13, 1.1879386363489164e-14, 2.2204460492503106e-16, 0., 0., 0., 0., 0., 0., 0., 0., 0., 0., 0., 0., 0., 0., 0., 0., 0., 0.}:
{0, 68, 0., 0., 0., 0., 0., 0., 0., 0., 0., 0., 0., 0., 0., 0., 0., 0., 0., 0., 0., 0., 0., 0., 0., 0., 0., 4.996003610813198e-16, 2.7244873024301306e-13, 7.019912429129241e-11, 8.754796942955767e-9, 5.519460629099796e-7, 0.00001832340599372537, 0.0003327917910410646, 0.003426945708922876, 0.020685893284619592, 0.0754982296301053, 0.1714798186980777, 0.24896862382716478, 0.2369044252788287, 0.1512240439997279, 0.06618645651176329, 0.02027360396443054, 0.004431117222876475, 0.0007038315698887344, 0.00008266809025120328, 7.299313416808664e-6, 4.921637194454927e-7, 2.5721589747007526e-8, 1.0568424468893046e-9, 3.460287612000453e-11, 9.144907053837406e-13, 1.9706458687096507e-14, 3.330669073875466e-16, 0., 0., 0., 0., 0., 0., 0., 0., 0., 0., 0., 0., 0., 0., 0., 0., 0.}:
{0, 68, 0., 0., 0., 0., 0., 0., 0., 0., 0., 0., 0., 0., 0., 0., 0., 0., 0., 0., 0., 0., 0., 0., 0., 0., 0., 0., 9.992007221626397e-16, 4.814482146286985e-13, 1.097887336598545e-10, 1.2334913257472363e-8, 7.121067872595245e-7, 0.000021973497624283554, 0.00037603914359823866, 0.003694366052705618, 0.021518437279015232, 0.0765737157081434, 0.1711905033011381, 0.24677831100454567, 0.2350143327246157, 0.151246826860912, 0.06719124829365516, 0.021021149000479664, 0.004719671003315767, 0.0007741642910352722, 0.00009435726816481294, 8.684102829892284e-6, 6.128100449309664e-7, 3.36434271552832e-8, 1.4570207262920561e-9, 5.043720996411589e-11, 1.4132583991965914e-12, 3.24740234702858e-14, 6.106226635438354e-16, 0., 0., 0., 0., 0., 0., 0., 0., 0., 0., 0., 0., 0., 0., 0., 0.}:
{0, 68, 0., 0., 0., 0., 0., 0., 0., 0., 0., 0., 0., 0., 0., 0., 0., 0., 0., 0., 0., 0., 0., 0., 0., 0., 0., 0., 0., 1.9984014443252794e-15, 8.357203817865854e-13, 1.693190032625578e-10, 1.7195391444069207e-8, 9.115728739073061e-7, 0.000026204542449947938, 0.00042331569342196564, 0.003973313589719747, 0.022355302420173785, 0.07761963627398852, 0.17087927546612414, 0.2446239568252352, 0.23315021524822171, 0.1512434861893393, 0.06817239119243522, 0.021771660741234794, 0.0050178096733803305, 0.000849257118581136, 0.00010731032231975348, 0.000010283443851233353, 7.586040057794279e-7, 4.3696157747685714e-8, 1.9920464167100233e-9, 7.280803737685907e-11, 2.1597723609545463e-12, 5.2624571367232363e-14, 1.0547118733938977e-15, 0., 0., 0., 0., 0., 0., 0., 0., 0., 0., 0., 0., 0., 0., 0.}:
{0, 68, 0., 0., 0., 0., 0., 0., 0., 0., 0., 0., 0., 0., 0., 0., 0., 0., 0., 0., 0., 0., 0., 0., 0., 0., 0., 0., 0., 0., 3.885780586188042e-15, 1.4258039193748553e-12, 2.5764745892331544e-10, 2.3728015219326414e-8, 1.158168206838449e-6, 0.00003108376901417294, 0.00047482105087093225, 0.004263686681659658, 0.02319559725546147, 0.0786361683131971, 0.17054734507106972, 0.24250474918708154, 0.23131166877767176, 0.15121517496774206, 0.06912990023925134, 0.022524443247811974, 0.005325359983006033, 0.0009292396669806071, 0.00012161614877703717, 0.000012122531352853893, 9.338228478816813e-7, 5.6367875922447244e-8, 2.7016845982608084e-9, 1.0412154471950421e-10, 3.2655544934812006e-12, 8.432143872028056e-14, 1.8318679906315063e-15, 5.551115123125778e-17, 0., 0., 0., 0., 0., 0., 0., 0., 0., 0., 0., 0., 0.}:
{0, 68, 0., 0., 0., 0., 0., 0., 0., 0., 0., 0., 0., 0., 0., 0., 0., 0., 0., 0., 0., 0., 0., 0., 0., 0., 0., 0., 0., 0., 0., 7.382983113757282e-15, 2.392530618067209e-12, 3.8704001115163986e-10, 3.2423661699976196e-8, 1.4608823941109054e-6, 0.000036682682798105896, 0.0005307502492976063, 0.00456535648967104, 0.024038455639647655, 0.0796235273894554, 0.17019586823748675, 0.2404198975351488, 0.22949829128185772, 0.15116300430634308, 0.07006382600865944, 0.02327882074494783, 0.005642131535348089, 0.0010142331812920114, 0.00013736533362768133, 0.000014228416219785862, 1.1432925179910559e-6, 7.223801762323837e-8, 3.6357108990081566e-9, 1.475606303813491e-10, 4.88653562058516e-12, 1.3350431871117492e-13, 2.99760216648792e-15, 5.5511151231257765e-17, 0., 0., 0., 0., 0., 0., 0., 0., 0., 0., 0., 0.}:
{0, 68, 0., 0., 0., 0., 0., 0., 0., 0., 0., 0., 0., 0., 0., 0., 0., 0., 0., 0., 0., 0., 0., 0., 0., 0., 0., 0., 0., 0., 0., 0., 1.3766765505351924e-14, 3.9515613003970836e-12, 5.74276626252867e-10, 4.389176100350051e-8, 1.8299753611894488e-6, 0.00004307696099103971, 0.000591292791321362, 0.004878168291187584, 0.024883038115899727, 0.0805819640829338, 0.16982594943248983, 0.23836863230093808, 0.22770968326344737, 0.15108804454195723, 0.07097425189857079, 0.024034138462406627, 0.005967917972198859, 0.0011043501270644452, 0.0001546498451779897, 0.00001663002253626809, 1.3924306625501244e-6, 9.199024703088191e-8, 4.855976620810049e-9, 2.0730028804649674e-10, 7.239153720917094e-12, 2.0911050668814806e-13, 5.051514762044457e-15, 1.1102230246251556e-16, 0., 0., 0., 0., 0., 0., 0., 0., 0., 0., 0.}:
{0, 68, 0., 0., 0., 0., 0., 0., 0., 0., 0., 0., 0., 0., 0., 0., 0., 0., 0., 0., 0., 0., 0., 0., 0., 0., 0., 0., 0., 0., 0., 0., 5.551115123125775e-17, 2.5202062658991025e-14, 6.42780273452103e-12, 8.420459884916898e-10, 5.8882311915198156e-8, 2.2770815657491262e-6, 0.00005034631097339254, 0.0006566317459615325, 0.005201942874182957, 0.025728533057721967, 0.08151176063338168, 0.1694386435185462, 0.23635020434820167, 0.22594544819579382, 0.15099132635526472, 0.07186129153820187, 0.024789763322947776, 0.006302498171135868, 0.0011996938370474873, 0.00017356271591451017, 0.00001935815390252669, 1.6872896098085717e-6, 1.1642644237586085e-7, 6.438797106600441e-9, 2.8877122915105216e-10, 1.0621004076227782e-11, 3.2379654513192655e-13, 8.27116153345741e-15, 1.665334536937733e-16, 0., 0., 0., 0., 0., 0., 0., 0., 0., 0.}:
{0, 68, 0., 0., 0., 0., 0., 0., 0., 0., 0., 0., 0., 0., 0., 0., 0., 0., 0., 0., 0., 0., 0., 0., 0., 0., 0., 0., 0., 0., 0., 0., 0., 1.1102230246251553e-16, 4.540812170716885e-14, 1.0304090913848527e-11, 1.2206843313933277e-9, 7.831055731655205e-8, 2.8153125589680494e-6, 0.000058574293618440724, 0.000726942902699811, 0.005536477992318372, 0.026574157588413774, 0.08241322778256469, 0.16903495774815733, 0.2343638844263474, 0.22420519290889812, 0.1508738418992108, 0.07272508632308258, 0.025545084487548362, 0.006645637445832734, 0.0013003582144985857, 0.0001941977168588569, 0.000022445488587874406, 2.0345989473757854e-6, 1.464817702689912e-7, 8.477692547970142e-9, 3.98981292448752e-10, 1.5437207068202935e-11, 4.962141808562133e-13, 1.3378187446733124e-14, 3.3306690738754667e-16, 0., 0., 0., 0., 0., 0., 0., 0., 0.}:
{0, 68, 0., 0., 0., 0., 0., 0., 0., 0., 0., 0., 0., 0., 0., 0., 0., 0., 0., 0., 0., 0., 0., 0., 0., 0., 0., 0., 0., 0., 0., 0., 0., 0., 2.2204460492503106e-16, 8.038014698286123e-14, 1.6287637905065805e-11, 1.7503189453371687e-9, 1.032843863768561e-7, 3.4593565818030705e-6, 0.00006784811296117735, 0.0008023939875086974, 0.005881549865462514, 0.027419158294485685, 0.08328670181002747, 0.16861585370141863, 0.23240896263238803, 0.22248852792903867, 0.15073654593239075, 0.07356580307547582, 0.026299513768413687, 0.0069970887417500835, 0.0014064274923640803, 0.00021664902689555432, 0.000025926563343381362, 2.4418072969156747e-6, 1.8324082784459942e-7, 1.1086513096447693e-8, 5.469038555361288e-10, 2.2234492025319222e-11, 7.526756995446243e-13, 2.1371793224034248e-14, 0., 0., 0., 0., 0., 0., 0., 0., 0.}:
{0, 68, 0., 0., 0., 0., 0., 0., 0., 0., 0., 0., 0., 0., 0., 0., 0., 0., 0., 0., 0., 0., 0., 0., 0., 0., 0., 0., 0., 0., 0., 0., 0., 0., 0., 3.885780586188043e-16, 1.397215676490758e-13, 2.5400681558096468e-11, 2.483483418913576e-9, 1.3513449481639112e-7, 4.225573879246264e-6, 0.00007825837418706785, 0.0008831439448738755, 0.0062369147111296305, 0.028262811749213714, 0.08413254175554621, 0.1681822491650298, 0.23048474788211712, 0.22079506777623037, 0.15058035695207667, 0.07438363182793725, 0.02705248592007856, 0.007356593820193261, 0.0015179760471671895, 0.00024101089960670814, 0.00002983774581699625, 2.9171228813629183e-6, 2.279548145800445e-7, 1.4402976256100416e-8, 7.439431848332839e-10, 3.1744440409653375e-11, 1.1303180613708709e-12, 0., 0., 0., 0., 0., 0., 0., 0., 0.}:
{0, 68, 0., 0., 0., 0., 0., 0., 0., 0., 0., 0., 0., 0., 0., 0., 0., 0., 0., 0., 0., 0., 0., 0., 0., 0., 0., 0., 0., 0., 0., 0., 0., 0., 0., 0., 7.771561172376087e-16, 2.3914203950425847e-13, 3.910222146075166e-11, 3.488274724627867e-9, 1.7544729014051778e-7, 5.132086427162003e-6, 0.00008989881224663588, 0.0009693422888558113, 0.00660231029350005, 0.02910442486210321, 0.08495112682131857, 0.16773501995187784, 0.2285905673911472, 0.21912443122342104, 0.1504061583222553, 0.07517878372727275, 0.02780345881860399, 0.00772388442448118, 0.0016350682660423701, 0.0002673773300634339, 0.000034217195629959695, 3.469552480150903e-6, 2.820596837205255e-7, 1.859264575632123e-8, 1.0044885478954758e-9, 4.4937720211635185e-11, 1.4432899320127023e-15, 0., 0., 0., 0., 0., 0., 0., 0.}:
{0, 68, 0., 0., 0., 0., 0., 0., 0., 0., 0., 0., 0., 0., 0., 0., 0., 0., 0., 0., 0., 0., 0., 0., 0., 0., 0., 0., 0., 0., 0., 0., 0., 0., 0., 0., 0., 1.443289932012702e-15, 4.027889133340063e-13, 5.94486126992421e-11, 4.852126866961009e-9, 2.2610048461268993e-7, 6.198860807049559e-6, 0.00010286599370290517, 0.001061128525301601, 0.006977457477825125, 0.029943335069532027, 0.08574285394659895, 0.16727500166069373, 0.22672576616629314, 0.21747624152086822, 0.15021479939268995, 0.0759514890557256, 0.02855191353852635, 0.008098683422700528, 0.0017577584650149676, 0.00029584172392277364, 0.00003910481428476272, 4.108938372660016e-6, 3.4719520419779183e-7, 2.3853377717486504e-8, 1.3465686898861394e-9, 8.226752612472404e-14, 0., 0., 0., 0., 0., 0., 0., 0.}:
{0, 68, 0., 0., 0., 0., 0., 0., 0., 0., 0., 0., 0., 0., 0., 0., 0., 0., 0., 0., 0., 0., 0., 0., 0., 0., 0., 0., 0., 0., 0., 0., 0., 0., 0., 0., 0., 0., 2.7200464103316304e-15, 6.683542608243434e-13, 8.930439721055438e-11, 6.686278808398776e-9, 2.8930127038417876e-7, 7.447783021363722e-6, 0.00011725899466802345, 0.00115863164643598, 0.007362061779166642, 0.0307789103812596, 0.0865081355473288, 0.1668029913757559, 0.22488970650765402, 0.21585012658894642, 0.15000709660558903, 0.07670199536591475, 0.02929735433683047, 0.008480705922223213, 0.0018860908563367842, 0.0003264965710531028, 0.00004454218418259432, 4.845992881141732e-6, 4.2522485388385397e-7, 3.042025770172427e-8, 3.61721763653122e-12, 0., 0., 0., 0., 0., 0., 0., 0.}:
{0, 68, 0., 0., 0., 0., 0., 0., 0., 0., 0., 0., 0., 0., 0., 0., 0., 0., 0., 0., 0., 0., 0., 0., 0., 0., 0., 0., 0., 0., 0., 0., 0., 0., 0., 0., 0., 0., 0., 4.996003610813198e-15, 1.0930145677434652e-12, 1.3261436393463542e-10, 9.131015166197176e-9, 3.6762692340319666e-7, 8.902724124071327e-6, 0.00013317905787801884, 0.0012619696982442126, 0.00775581489555343, 0.031610549296839395, 0.0872473974132569, 0.16631974930687252, 0.22308176752173497, 0.21424571918231192, 0.1497838345869789, 0.07743056572580312, 0.030039308552803207, 0.008869660351832277, 0.002020099562446363, 0.000359433125771302, 0.00005057249712897556, 5.692330139417385e-6, 5.18256446313536e-7, 1.2144990568785367e-10, 0., 0., 0., 0., 0., 0., 0., 0.}:
{0, 68, 0., 0., 0., 0., 0., 0., 0., 0., 0., 0., 0., 0., 0., 0., 0., 0., 0., 0., 0., 0., 0., 0., 0., 0., 0., 0., 0., 0., 0., 0., 0., 0., 0., 0., 0., 0., 0., 0., 8.881784197001241e-15, 1.7627566073485905e-12, 1.9475199231067085e-10, 1.236175828367435e-8, 4.6406763326567404e-7, 0.000010589595638210704, 0.00015072923209669112, 0.0013712494203084167, 0.008158396216745514, 0.03243768060528626, 0.08796107675495292, 0.16582600037017203, 0.22130134464576756, 0.21266265702805967, 0.14954576722032878, 0.07813747706976713, 0.030777326432185084, 0.009265249507932607, 0.002159808673929229, 0.0003947410956186555, 0.00005724047279426209, 6.6604947340231864e-6, 3.113928614961734e-9, 2.7755575615628894e-16, 0., 0., 0., 0., 0., 0., 0.}:
{0, 68, 0., 0., 0., 0., 0., 0., 0., 0., 0., 0., 0., 0., 0., 0., 0., 0., 0., 0., 0., 0., 0., 0., 0., 0., 0., 0., 0., 0., 0., 0., 0., 0., 0., 0., 0., 0., 0., 0., 5.551115123125776e-17, 1.565414464721469e-14, 2.8049784717154544e-12, 2.8296015530671044e-10, 1.6596088447951e-8, 5.820713083748424e-7, 0.000012536393845519174, 0.0001700139971242408, 0.001486565957082296, 0.008569474300873228, 0.03325976308062719, 0.08864962039325273, 0.1653224357104928, 0.2195478491834001, 0.21110058294038167, 0.14929361870038566, 0.07882301865173699, 0.03151098088359419, 0.009667171561917032, 0.002305232348703332, 0.00043250834044133947, 0.00006459226768468213, 6.098522409292424e-8, 1.4821477378745827e-14, 0., 0., 0., 0., 0., 0., 0.}:
{0, 68, 0., 0., 0., 0., 0., 0., 0., 0., 0., 0., 0., 0., 0., 0., 0., 0., 0., 0., 0., 0., 0., 0., 0., 0., 0., 0., 0., 0., 0., 0., 0., 0., 0., 0., 0., 0., 0., 0., 0., 1.1102230246251553e-16, 2.725597525454756e-14, 4.40597558437616e-12, 4.06902900262906e-10, 2.2101766916637873e-8, 7.255900608682522e-7, 0.000014773232161924263, 0.00019113887772814734, 0.0016080026389865263, 0.008988708312239291, 0.034076285085228496, 0.08931348308369826, 0.16480971416628334, 0.2178207078518368, 0.20955914491389319, 0.14902808456553152, 0.07948749059626722, 0.032239867174733115, 0.010075121026305525, 0.00245637494954448, 0.0004728205833641193, 9.125557309253011e-7, 6.347700143294327e-13, 0., 0., 0., 0., 0., 0., 0.}:
{0, 68, 0., 0., 0., 0., 0., 0., 0., 0., 0., 0., 0., 0., 0., 0., 0., 0., 0., 0., 0., 0., 0., 0., 0., 0., 0., 0., 0., 0., 0., 0., 0., 0., 0., 0., 0., 0., 0., 0., 0., 0., 1.665334536937733e-16, 4.6629367034256524e-14, 6.8351435622559994e-12, 5.793494572969842e-10, 2.9205828200318215e-8, 8.991280326386956e-7, 0.00001733236094730859, 0.0002142100498023767, 0.0017356308311776128, 0.009415749414553967, 0.03488676409205123, 0.08995312596870611, 0.16428846367816866, 0.21611936234042695, 0.20803799619770885, 0.14874983270729328, 0.08013120254337361, 0.03296360257543671, 0.01048878967779009, 0.0026132312169963013, 0.000010435857501156491, 2.1165180719151506e-11, 0., 0., 0., 0., 0., 0., 0.}:
{0, 68, 0., 0., 0., 0., 0., 0., 0., 0., 0., 0., 0., 0., 0., 0., 0., 0., 0., 0., 0., 0., 0., 0., 0., 0., 0., 0., 0., 0., 0., 0., 0., 0., 0., 0., 0., 0., 0., 0., 0., 0., 0., 3.330669073875466e-16, 7.8603790143461e-14, 1.0477063661085128e-11, 8.170146226227349e-10, 3.830480449495962e-8, 1.1077901846401326e-6, 0.000020248174244341645, 0.0002393339420119764, 0.0018695098473891485, 0.00985024211478851, 0.03569074613624126, 0.0905690151503919, 0.1637592826424043, 0.21444326888073534, 0.20653679535211997, 0.14845950435593427, 0.08075447238295184, 0.03368182595416654, 0.010907867435783637, 0.00009123153106027619, 5.49654710635394e-10, 5.5511151231257784e-17, 0., 0., 0., 0., 0., 0.}:
{0, 68, 0., 0., 0., 0., 0., 0., 0., 0., 0., 0., 0., 0., 0., 0., 0., 0., 0., 0., 0., 0., 0., 0., 0., 0., 0., 0., 0., 0., 0., 0., 0., 0., 0., 0., 0., 0., 0., 0., 0., 0., 0., 0., 6.106226635438354e-16, 1.3067324999838077e-13, 1.5874745962207706e-11, 1.1415802192438197e-9, 4.9876133167980837e-8, 1.357331639861846e-6, 0.000023557203089885602, 0.00026661683609052717, 0.0020096869258607298, 0.010291825553688341, 0.03648780520573615, 0.09116162037711753, 0.16322274121055969, 0.21279189782797742, 0.20505520628956528, 0.14815771504125536, 0.08135762507462606, 0.03439419733410479, 0.0006098467939905089, 1.1119885678922961e-8, 2.8865798640254046e-15, 0., 0., 0., 0., 0., 0.}:
{0, 68, 0., 0., 0., 0., 0., 0., 0., 0., 0., 0., 0., 0., 0., 0., 0., 0., 0., 0., 0., 0., 0., 0., 0., 0., 0., 0., 0., 0., 0., 0., 0., 0., 0., 0., 0., 0., 0., 0., 0., 0., 0., 0., 0., 1.1102230246251554e-15, 2.1416202145019244e-13, 2.3786306257989034e-11, 1.5809272779776488e-9, 6.449078887582609e-8, 1.6542071393232919e-6, 0.0000272980951913637, 0.00029616446883434756, 0.002156197264055413, 0.010740134739788952, 0.037277542579852184, 0.09173141383712947, 0.1626793825368755, 0.21116473325379714, 0.20359289830144964, 0.147845055528031, 0.0819409915489182, 0.0031178896050033634, 1.7528450824144657e-7, 1.1990408665951683e-13, 0., 0., 0., 0., 0., 0.}:
{0, 68, 0., 0., 0., 0., 0., 0., 0., 0., 0., 0., 0., 0., 0., 0., 0., 0., 0., 0., 0., 0., 0., 0., 0., 0., 0., 0., 0., 0., 0., 0., 0., 0., 0., 0., 0., 0., 0., 0., 0., 0., 0., 0., 0., 0., 1.9984014443252794e-15, 3.463340725318173e-13, 3.525918446101169e-11, 2.1706081376748877e-9, 8.282716895680044e-8, 2.005620151124264e-6, 0.00003151158091357905, 0.0003280816386855287, 0.0023090641086179727, 0.011194801724501314, 0.03805958612411888, 0.09227886905281149, 0.1621297239747516, 0.20956127255017523, 0.20214954607222857, 0.14752209272560637, 0.012194443855804473, 2.153333039600634e-6, 3.938571691008972e-12, 0., 0., 0., 0., 0., 0.}:
{0, 68, 0., 0., 0., 0., 0., 0., 0., 0., 0., 0., 0., 0., 0., 0., 0., 0., 0., 0., 0., 0., 0., 0., 0., 0., 0., 0., 0., 0., 0., 0., 0., 0., 0., 0., 0., 0., 0., 0., 0., 0., 0., 0., 0., 0., 0., 3.5527136788004978e-15, 5.530020885657899e-13, 5.1725623784193386e-11, 2.9555915492807088e-9, 1.0568624714268882e-7, 2.419571154987918e-6, 0.000036240425664302267, 0.0003624718196200689, 0.0024682988968375264, 0.011655456716512679, 0.03883358954897322, 0.09280445986941256, 0.16157425822391275, 0.20798102604443738, 0.20072482968207134, 0.03649310678272097, 0.000020620274786331536, 1.0254080917704291e-10, 0., 0., 0., 0., 0., 0.}:
{0, 68, 0., 0., 0., 0., 0., 0., 0., 0., 0., 0., 0., 0., 0., 0., 0., 0., 0., 0., 0., 0., 0., 0., 0., 0., 0., 0., 0., 0., 0., 0., 0., 0., 0., 0., 0., 0., 0., 0., 0., 0., 0., 0., 0., 0., 0., 0., 6.106226635438354e-15, 8.722467192967534e-13, 7.512479527349561e-11, 3.9923132577612786e-9, 1.3400799397933467e-7, 2.904904617462287e-6, 0.000041529368911774564, 0.00039943678485804236, 0.0026339014457468753, 0.01212172913434605, 0.039599231639265334, 0.0933086595322603, 0.1610134544297983, 0.20642351662509822, 0.0835757515928851, 0.00015395099545262292, 2.1166142727402343e-9, 6.106226635438357e-16, 0., 0., 0., 0., 0.}:
{0, 68, 0., 0., 0., 0., 0., 0., 0., 0., 0., 0., 0., 0., 0., 0., 0., 0., 0., 0., 0., 0., 0., 0., 0., 0., 0., 0., 0., 0., 0., 0., 0., 0., 0., 0., 0., 0., 0., 0., 0., 0., 0., 0., 0., 0., 0., 0., 5.5511151231257765e-17, 1.049160758270772e-14, 1.377176150896274e-12, 1.1018169709942063e-10, 5.508288547506618e-9, 1.762301602981074e-7, 3.69266951899538e-6, 0.00005183100310146567, 0.0004982860751942536, 0.0033547512923294796, 0.016180188034533066, 0.05724767571912515, 0.15243263578380892, 0.3141379175255156, 0.7991895996001072, 0.14516931720927528, 0.00028826043695318027, 7.532624968220596e-9, 0., 0., 0., 0., 0.}:
{0, 68, 0., 0., 0., 0., 0., 0., 0., 0., 0., 0., 0., 0., 0., 0., 0., 0., 0., 0., 0., 0., 0., 0., 0., 0., 0., 0., 0., 0., 0., 0., 0., 0., 0., 0., 0., 0., 0., 0., 0., 0., 0., 0., 0., 0., 0., 0., 0., 0., 0., 0., 0., 8.881784197001244e-16, 1.2478906796786744e-13, 1.0798639760167807e-11, 5.97576599314919e-10, 2.1608070222001155e-8, 5.213551199090277e-7, 8.566157160605485e-6, 0.00009777516048986569, 0.0007907298282050494, 0.06469863607717335, 0.78238766076096, 0.1540075165183299, 0.00044744696712417615, 4.323585933718729e-11, 0., 0., 0., 0.}:
{0, 68, 0., 0., 0., 0., 0., 0., 0., 0., 0., 0., 0., 0., 0., 0., 0., 0., 0., 0., 0., 0., 0., 0., 0., 0., 0., 0., 0., 0., 0., 0., 0., 0., 0., 0., 0., 0., 0., 0., 0., 0., 0., 0., 0., 0., 0., 0., 0., 0., 0., 0., 0., 0., 0., 0., 0., 1.1102230246251556e-16, 1.2045919817182934e-14, 1.1061151994340427e-12, 6.647798977965629e-11, 2.662560560917624e-9, 0.000018081516073575874, 0.07223089756700934, 0.7658511563765816, 0.1624901356680809, 9.920720649703167e-6, 1.6653345369377336e-16, 0., 0., 0.}:
{0, 68, 0., 0., 0., 0., 0., 0., 0., 0., 0., 0., 0., 0., 0., 0., 0., 0., 0., 0., 0., 0., 0., 0., 0., 0., 0., 0., 0., 0., 0., 0., 0., 0., 0., 0., 0., 0., 0., 0., 0., 0., 0., 0., 0., 0., 0., 0., 0., 0., 0., 0., 0., 0., 0., 0., 0., 0., 0., 0., 0., 0., 7.646161481744678e-12, 0.00003521284085516993, 0.0797890716711061, 0.7496281301455867, 0.02044490945661924, 5.885462117660718e-10, 0., 0., 0.}:
{0, 68, 0., 0., 0., 0., 0., 0., 0., 0., 0., 0., 0., 0., 0., 0., 0., 0., 0., 0., 0., 0., 0., 0., 0., 0., 0., 0., 0., 0., 0., 0., 0., 0., 0., 0., 0., 0., 0., 0., 0., 0., 0., 0., 0., 0., 0., 0., 0., 0., 0., 0., 0., 0., 0., 0., 0., 0., 0., 0., 0., 0., 0., 4.2757242191271384e-11, 0.0000639927738129708, 0.0874342788921995, 0.9713476338548981, 0.027640145704463583, 5.156775118031472e-9, 0., 0.}:
{0, 68, 0., 0., 0., 0., 0., 0., 0., 0., 0., 0., 0., 0., 0., 0., 0., 0., 0., 0., 0., 0., 0., 0., 0., 0., 0., 0., 0., 0., 0., 0., 0., 0., 0., 0., 0., 0., 0., 0., 0., 0., 0., 0., 0., 0., 0., 0., 0., 0., 0., 0., 0., 0., 0., 0., 0., 0., 0., 0., 0., 0., 0., 0., 0., 7.943817825761806e-10, 0.008197535920757388, 0.9601353810519444, 0.035621796450739505, 3.1971790326323886e-8, 0.}:
{0, 68, 0., 0., 0., 0., 0., 0., 0., 0., 0., 0., 0., 0., 0., 0., 0., 0., 0., 0., 0., 0., 0., 0., 0., 0., 0., 0., 0., 0., 0., 0., 0., 0., 0., 0., 0., 0., 0., 0., 0., 0., 0., 0., 0., 0., 0., 0., 0., 0., 0., 0., 0., 0., 0., 0., 0., 0., 0., 0., 0., 0., 0., 0., 0., 0., 3.8386516187927076e-12, 0.012224472585399318, 0.947275713603147, 0.04421819595945816, 1.0360212687743334e-11}:
{0, 68, 0., 0., 0., 0., 0., 0., 0., 0., 0., 0., 0., 0., 0., 0., 0., 0., 0., 0., 0., 0., 0., 0., 0., 0., 0., 0., 0., 0., 0., 0., 0., 0., 0., 0., 0., 0., 0., 0., 0., 0., 0., 0., 0., 0., 0., 0., 0., 0., 0., 0., 0., 0., 0., 0., 0., 0., 0., 0., 0., 0., 0., 0., 0., 0., 0., 6.964523402430696e-11, 0.017102484015011726, 0.933031640120572, 0.0005152742952024276}:
{0, 68, 0., 0., 0., 0., 0., 0., 0., 0., 0., 0., 0., 0., 0., 0., 0., 0., 0., 0., 0., 0., 0., 0., 0., 0., 0., 0., 0., 0., 0., 0., 0., 0., 0., 0., 0., 0., 0., 0., 0., 0., 0., 0., 0., 0., 0., 0., 0., 0., 0., 0., 0., 0., 0., 0., 0., 0., 0., 0., 0., 0., 0., 0., 0., 0., 0., 0., 7.74325603636327e-10, 0.022750131948179247, 0.9992961350795174};
>
