energy(#ERES_NC)<
  @energy =
{ 0, 68 , 1, 0.957945, 0.879421, 0.782751, 0.609814, 0.482635, 0.366534, 0.291341, 0.245191, 0.204102, 0.174181, 0.153567, 0.130067, 0.127317, 0.118873, 0.106813, 0.100402, 0.0951185, 0.0892212, 0.0813065, 0.0809045, 0.0739401, 0.0704183, 0.0726122, 0.0662717, 0.0650015, 0.0649754, 0.0604632, 0.0583216, 0.0565318, 0.06112, 0.0540676, 0.0555556, 0.0478964, 0.0519298, 0.0503511, 0.0463974, 0.0505263, 0.0462063, 0.0472039, 0.0494137, 0.04401, 0.0387892, 0.0434172, 0.042485, 0.0420884, 0.0393945, 0.0377793, 0.0348523, 0.0364729, 0.0344448, 0.0353566, 0.034272, 0.031657, 0.0328591, 0.0341615, 0.0319575, 0.034462, 0.0295621, 0.0320417, 0.0306583, 0.0317635, 0.0257463, 0.0228343, 0.0229137, 0.020633, 0.0190228, 0.0186223, 0.01542 }:
{ 0, 68 , 0, 0.042055, 0.118757, 0.20198, 0.344731, 0.394164, 0.377635, 0.314384, 0.265945, 0.217339, 0.185073, 0.163051, 0.151039, 0.132151, 0.113437, 0.110028, 0.0977889, 0.103154, 0.0870132, 0.0881407, 0.0776884, 0.0765521, 0.0738289, 0.0738174, 0.0681795, 0.064199, 0.068886, 0.0595608, 0.0556113, 0.055126, 0.0554998, 0.0521617, 0.0551544, 0.0524149, 0.0507268, 0.0476429, 0.0480008, 0.0447118, 0.0457051, 0.0432952, 0.0471083, 0.0417043, 0.0406936, 0.0406096, 0.0433868, 0.0381802, 0.0414996, 0.0393827, 0.035353, 0.0368737, 0.0364474, 0.0345553, 0.0357751, 0.0397716, 0.0323582, 0.0324584, 0.0320577, 0.0314566, 0.0341718, 0.0318414, 0.0308586, 0.0259519, 0.0265478, 0.0244367, 0.0218131, 0.0176282, 0.0165198, 0.0165198, 0.0131171 }:
{ 0, 68 , 0, 0, 0.00182208, 0.014743, 0.0395661, 0.105117, 0.199206, 0.231956, 0.214416, 0.189148, 0.1647, 0.135607, 0.122, 0.114625, 0.101661, 0.0955587, 0.0835176, 0.07955, 0.0803894, 0.0706533, 0.0647236, 0.064999, 0.0587822, 0.0589535, 0.0567326, 0.0544689, 0.0501354, 0.0529429, 0.0505923, 0.0463902, 0.0460658, 0.0438359, 0.040012, 0.0401647, 0.04, 0.0400201, 0.0350737, 0.0346867, 0.0385888, 0.039086, 0.0339781, 0.0316792, 0.0323745, 0.0343929, 0.0321643, 0.0307646, 0.0289695, 0.0287604, 0.0295443, 0.0299599, 0.0267348, 0.0289463, 0.0255537, 0.0254458, 0.027249, 0.0262472, 0.0260469, 0.0253456, 0.0203427, 0.0245319, 0.0219417, 0.0210421, 0.0212382, 0.0210315, 0.0182109, 0.0158253, 0.0134161, 0.0143172, 0.0130169 }:
{ 0, 68 , 0, 0, 0, 0.000526537, 0.00568182, 0.0124332, 0.035747, 0.0982641, 0.137882, 0.144387, 0.134745, 0.115326, 0.10607, 0.0903505, 0.0797182, 0.0753617, 0.0682412, 0.0642828, 0.0577077, 0.0594975, 0.0547739, 0.0514366, 0.0503561, 0.0432861, 0.0489005, 0.0485505, 0.0379023, 0.0408102, 0.0379442, 0.0396626, 0.0329185, 0.0324004, 0.0329924, 0.0339391, 0.0334837, 0.0337011, 0.030965, 0.0316792, 0.0288664, 0.0278613, 0.0253583, 0.0242607, 0.0231533, 0.0261707, 0.0241483, 0.0245516, 0.0256616, 0.0258543, 0.0231347, 0.0232465, 0.0213277, 0.0207332, 0.0220463, 0.0208375, 0.0212382, 0.0193348, 0.0201362, 0.0198357, 0.0177372, 0.0180234, 0.0158301, 0.0162325, 0.0186335, 0.0155233, 0.0153092, 0.0120192, 0.0120144, 0.0104125, 0.00921198 }:
{ 0, 68 , 0, 0, 0, 0, 0.000206612, 0.00472667, 0.00804563, 0.0189828, 0.0482891, 0.0838638, 0.103076, 0.100192, 0.0837871, 0.0757454, 0.0729743, 0.0675241, 0.0615075, 0.0521294, 0.0478723, 0.0489447, 0.0494472, 0.0458107, 0.0459424, 0.0362559, 0.0349433, 0.0354098, 0.0355961, 0.0371002, 0.03684, 0.0294206, 0.0327178, 0.0310964, 0.026775, 0.027814, 0.0255639, 0.0248746, 0.0243511, 0.0262657, 0.0268618, 0.0237523, 0.0245565, 0.0209524, 0.0200461, 0.0230623, 0.0199399, 0.0210442, 0.0193464, 0.019541, 0.0239359, 0.0209419, 0.0205267, 0.01873, 0.0174366, 0.0173312, 0.0185334, 0.0169305, 0.0176317, 0.0181326, 0.0161339, 0.016121, 0.0138263, 0.0159319, 0.0142256, 0.0103155, 0.00970582, 0.0111178, 0.00941129, 0.00861033, 0.00841093 }:
{ 0, 68 , 0, 0, 0, 0, 0, 0.000924784, 0.0102862, 0.0180692, 0.0199433, 0.039709, 0.0618255, 0.0785995, 0.079754, 0.0738316, 0.0712632, 0.0637058, 0.0568844, 0.0596625, 0.0506825, 0.0495477, 0.0443216, 0.0441029, 0.0392216, 0.0395702, 0.0379556, 0.0395225, 0.0343929, 0.0344931, 0.0332263, 0.0308264, 0.0295062, 0.029692, 0.0268753, 0.0280149, 0.0276692, 0.0253761, 0.0265558, 0.0235589, 0.0237546, 0.0210463, 0.0257592, 0.0239599, 0.0242558, 0.0239647, 0.0214429, 0.0213448, 0.0198476, 0.0202425, 0.0204306, 0.0194389, 0.020026, 0.018129, 0.0197415, 0.0170307, 0.0188339, 0.0156281, 0.0171308, 0.0173312, 0.0172362, 0.017723, 0.0162308, 0.0127255, 0.0126227, 0.0134201, 0.013308, 0.0116186, 0.0117141, 0.0117141, 0.00801041 }:
{ 0, 68 , 0, 0, 0, 0, 0, 0, 0.00254608, 0.0233479, 0.0346224, 0.0407194, 0.0477055, 0.0641711, 0.0706796, 0.0775584, 0.0792149, 0.0733521, 0.0663317, 0.0624749, 0.066941, 0.0569849, 0.0557789, 0.0542495, 0.0476477, 0.047203, 0.0442816, 0.0439362, 0.0435175, 0.0392059, 0.0433648, 0.0408676, 0.0396427, 0.0376166, 0.0357, 0.0345416, 0.0330827, 0.0334002, 0.0324682, 0.0319799, 0.0297685, 0.0318701, 0.0289666, 0.0272682, 0.0274632, 0.0272736, 0.0296593, 0.0260547, 0.0284683, 0.0235495, 0.0279419, 0.0226453, 0.0275358, 0.0233373, 0.0257541, 0.0229413, 0.02224, 0.0234422, 0.0210379, 0.0198357, 0.023349, 0.0219285, 0.0182346, 0.0190381, 0.0159287, 0.0167251, 0.0146088, 0.0143229, 0.0139167, 0.0119143, 0.0103134 }:
{ 0, 68 , 0, 0, 0, 0, 0, 0, 0, 0.00365445, 0.030573, 0.0499141, 0.0574887, 0.0620523, 0.0684614, 0.0772562, 0.0833417, 0.0775723, 0.0776884, 0.070008, 0.0663388, 0.0648241, 0.059799, 0.0589713, 0.0608888, 0.0538315, 0.054624, 0.0508577, 0.048531, 0.0463251, 0.0460751, 0.0458881, 0.0480731, 0.03872, 0.0389089, 0.0423737, 0.039599, 0.0373119, 0.03808, 0.0394987, 0.036083, 0.0368811, 0.0315726, 0.0306767, 0.0325749, 0.0323874, 0.0332665, 0.0291612, 0.02917, 0.032869, 0.0303455, 0.0294589, 0.0301392, 0.0309495, 0.0273574, 0.0297536, 0.0270487, 0.0264476, 0.0281507, 0.0251453, 0.0265558, 0.0266346, 0.0227432, 0.0226453, 0.0215388, 0.0177266, 0.0191115, 0.0172276, 0.0156187, 0.0148178, 0.0137178 }:
{ 0, 68 , 0, 0, 0, 0, 0, 0, 0, 0, 0.00313829, 0.0285945, 0.0478064, 0.0637675, 0.0722928, 0.0696011, 0.0779064, 0.0788786, 0.078191, 0.0750301, 0.0746688, 0.0717588, 0.0663317, 0.0644967, 0.0600863, 0.0583509, 0.0559293, 0.050657, 0.0490324, 0.0525419, 0.0471793, 0.0480972, 0.0439583, 0.0450396, 0.0455275, 0.04147, 0.0373935, 0.0382146, 0.0398838, 0.0381955, 0.0398917, 0.0347765, 0.0356821, 0.0373935, 0.0337777, 0.0341923, 0.0342685, 0.0367772, 0.0327787, 0.0327688, 0.0290436, 0.0323647, 0.0332432, 0.0305489, 0.0305642, 0.0280505, 0.0314566, 0.0292527, 0.0265478, 0.0278501, 0.0283596, 0.0262341, 0.0214407, 0.0238477, 0.0242436, 0.0205308, 0.0206124, 0.0155248, 0.0162195, 0.0145174, 0.0134174 }:
{ 0, 68 , 0, 0, 0, 0, 0, 0, 0, 0, 0, 0.0022229, 0.021886, 0.0482292, 0.06463, 0.0675866, 0.0706593, 0.068127, 0.0775879, 0.0704098, 0.0744681, 0.0676382, 0.0662312, 0.0619851, 0.0617916, 0.0573466, 0.0594437, 0.0511586, 0.052241, 0.0453224, 0.0496888, 0.0449844, 0.0465676, 0.0425318, 0.0456278, 0.0429762, 0.0422055, 0.0379137, 0.03808, 0.0374937, 0.0385888, 0.0354781, 0.0383883, 0.0349875, 0.0363837, 0.0328888, 0.0344689, 0.0327688, 0.0298717, 0.0324682, 0.0316475, 0.0304609, 0.0271353, 0.028746, 0.0295621, 0.0306552, 0.02775, 0.0298537, 0.0263474, 0.0279503, 0.0264556, 0.0264344, 0.0271516, 0.0234469, 0.0230415, 0.0188282, 0.0188113, 0.01873, 0.0166199, 0.0149179, 0.0139181 }:
{ 0, 68 , 0, 0, 0, 0, 0, 0, 0, 0, 0, 0, 0.00151286, 0.0146302, 0.0400282, 0.0553989, 0.0562657, 0.0668207, 0.0688442, 0.0692045, 0.0655359, 0.0648241, 0.0650251, 0.0600764, 0.0573779, 0.0558401, 0.0531178, 0.0499549, 0.0478291, 0.0479294, 0.0462758, 0.0464906, 0.0418507, 0.0405256, 0.0396109, 0.0389597, 0.0358897, 0.0351053, 0.0407857, 0.0340852, 0.0352811, 0.0338745, 0.0335772, 0.0360902, 0.0339781, 0.0321869, 0.0312625, 0.0279587, 0.0278669, 0.0318669, 0.0262394, 0.0276553, 0.0294383, 0.0272436, 0.0267562, 0.0257463, 0.029453, 0.0254458, 0.0267481, 0.0246444, 0.0255537, 0.0216281, 0.0229436, 0.0218437, 0.0212382, 0.0210315, 0.0185111, 0.0165264, 0.0147177, 0.0132159, 0.0121158 }:
{ 0, 68 , 0, 0, 0, 0, 0, 0, 0, 0, 0, 0, 0, 0.000807184, 0.0101835, 0.0307212, 0.0450931, 0.0558682, 0.060201, 0.0607674, 0.0592132, 0.0575879, 0.0613065, 0.0554551, 0.0518608, 0.0536306, 0.0490009, 0.0494533, 0.0443197, 0.0469267, 0.0434652, 0.039763, 0.0433561, 0.0417294, 0.0377056, 0.0355457, 0.0366917, 0.0364092, 0.0369777, 0.0349875, 0.0311717, 0.0336741, 0.0327754, 0.0311779, 0.0332765, 0.0313847, 0.0262525, 0.0299629, 0.0271652, 0.026656, 0.0283425, 0.0249499, 0.0237308, 0.0245393, 0.0277583, 0.029453, 0.0243438, 0.0259467, 0.0213384, 0.0218393, 0.0259545, 0.0263342, 0.0235447, 0.0236473, 0.0203366, 0.0198297, 0.0169101, 0.0133213, 0.0140168, 0.013316, 0.0114148 }:
{ 0, 68 , 0, 0, 0, 0, 0, 0, 0, 0, 0, 0, 0, 0, 0.00100827, 0.00745367, 0.0214394, 0.0362741, 0.0506533, 0.0525311, 0.0568045, 0.0547739, 0.0512563, 0.0484227, 0.0499549, 0.0499146, 0.046591, 0.0453406, 0.0444199, 0.0395067, 0.0404537, 0.0391606, 0.0350261, 0.0362123, 0.0399118, 0.0366503, 0.0345865, 0.0352056, 0.0338711, 0.033183, 0.0303698, 0.0308679, 0.029568, 0.0271679, 0.0285657, 0.0274742, 0.0282565, 0.0310652, 0.0265638, 0.024752, 0.0255383, 0.0265531, 0.0263342, 0.026242, 0.0242509, 0.0249449, 0.0252454, 0.0240433, 0.0235424, 0.0251453, 0.0235495, 0.0217282, 0.0236449, 0.0196393, 0.0200361, 0.0188282, 0.0198119, 0.015024, 0.0147177, 0.0123148, 0.010013 }:
{ 0, 68 , 0, 0, 0, 0, 0, 0, 0, 0, 0, 0, 0, 0, 0, 0.000402901, 0.00744841, 0.0177854, 0.0306533, 0.0400763, 0.0474709, 0.0476382, 0.0494472, 0.0516375, 0.0474471, 0.044893, 0.0444824, 0.0444378, 0.0431164, 0.0430161, 0.0371411, 0.037554, 0.0377358, 0.0396228, 0.0341957, 0.0339391, 0.0328822, 0.0311936, 0.0302636, 0.0288722, 0.0292673, 0.0309681, 0.0277639, 0.0293734, 0.0279643, 0.0286774, 0.0271543, 0.0244513, 0.0257618, 0.0258543, 0.023335, 0.0232465, 0.0283368, 0.0234375, 0.0248522, 0.019435, 0.0197355, 0.0200361, 0.0236426, 0.0234422, 0.0223469, 0.0196255, 0.0209398, 0.0200401, 0.0198357, 0.0174261, 0.0163098, 0.0122196, 0.0138166, 0.0132159, 0.0102133 }:
{ 0, 68 , 0, 0, 0, 0, 0, 0, 0, 0, 0, 0, 0, 0, 0, 0, 0.00070458, 0.00572749, 0.0161809, 0.0255123, 0.0380369, 0.0426131, 0.0458291, 0.0428973, 0.0446384, 0.0417797, 0.0446832, 0.040325, 0.0413115, 0.0381029, 0.0351335, 0.0350437, 0.0361301, 0.0395225, 0.034296, 0.0337383, 0.0304762, 0.0317954, 0.0289608, 0.0298747, 0.0286659, 0.0283624, 0.0331763, 0.0303759, 0.0259597, 0.0267723, 0.0268537, 0.0216455, 0.0277666, 0.0253532, 0.025338, 0.0233467, 0.0262341, 0.0266426, 0.0240505, 0.021639, 0.0225406, 0.0242436, 0.0242436, 0.0218393, 0.01904, 0.0221288, 0.0173329, 0.0174349, 0.0180325, 0.0158237, 0.0155093, 0.0155248, 0.0123148, 0.010813, 0.0105137 }:
{ 0, 68 , 0, 0, 0, 0, 0, 0, 0, 0, 0, 0, 0, 0, 0, 0, 0, 0.000602894, 0.00472362, 0.0151667, 0.0196708, 0.0345729, 0.0378894, 0.0425959, 0.0411275, 0.0420809, 0.0422733, 0.0391213, 0.0398075, 0.0379023, 0.0359366, 0.0394618, 0.0341228, 0.0297924, 0.032491, 0.0340396, 0.0322807, 0.0290873, 0.0273574, 0.0302757, 0.0311717, 0.0292644, 0.0263606, 0.0297744, 0.0306705, 0.0261707, 0.0285571, 0.0234492, 0.0256616, 0.0258543, 0.0218327, 0.0236473, 0.023831, 0.0222356, 0.0235495, 0.0243438, 0.0213384, 0.0213384, 0.0201362, 0.0212382, 0.0222467, 0.0194253, 0.02104, 0.0177355, 0.0181326, 0.0141212, 0.0139083, 0.0155248, 0.0116139, 0.0103124, 0.0109142 }:
{ 0, 68 , 0, 0, 0, 0, 0, 0, 0, 0, 0, 0, 0, 0, 0, 0, 0, 0, 0.000603015, 0.00462033, 0.0137495, 0.0221106, 0.0314573, 0.0355636, 0.0385194, 0.0379632, 0.0393614, 0.0384191, 0.0341923, 0.0345934, 0.03684, 0.0340396, 0.0335207, 0.0338048, 0.031789, 0.0308264, 0.033584, 0.0320963, 0.030965, 0.0277694, 0.0289666, 0.0271598, 0.0266613, 0.0255639, 0.0262604, 0.0270731, 0.0238477, 0.0260547, 0.0252606, 0.0222467, 0.0249374, 0.0268537, 0.0249324, 0.023137, 0.0229482, 0.0228411, 0.0199359, 0.0206371, 0.0206371, 0.024444, 0.0211444, 0.0226294, 0.0224426, 0.0173347, 0.0176317, 0.0158237, 0.0151091, 0.0153245, 0.0113136, 0.0113136, 0.0110143 }:
{ 0, 68 , 0, 0, 0, 0, 0, 0, 0, 0, 0, 0, 0, 0, 0, 0, 0, 0, 0, 0.000301326, 0.00411481, 0.0112563, 0.0201005, 0.0275266, 0.0355101, 0.0371598, 0.0378552, 0.034507, 0.0366991, 0.0341923, 0.0335274, 0.0327342, 0.0296066, 0.0347076, 0.0329924, 0.0323326, 0.0312782, 0.02999, 0.02856, 0.0301754, 0.0277639, 0.0274604, 0.0260599, 0.0251629, 0.0279643, 0.0233631, 0.0240481, 0.0242509, 0.0249599, 0.0231486, 0.0248373, 0.0231463, 0.0252328, 0.0233373, 0.0191402, 0.0228411, 0.0214386, 0.0235424, 0.0218393, 0.020537, 0.0216455, 0.0189246, 0.020539, 0.0189379, 0.0179323, 0.0182273, 0.0138083, 0.0133213, 0.0121145, 0.0121145, 0.0119155 }:
{ 0, 68 , 0, 0, 0, 0, 0, 0, 0, 0, 0, 0, 0, 0, 0, 0, 0, 0, 0, 0, 0.000100361, 0.00532663, 0.0130653, 0.0211975, 0.0273849, 0.0330421, 0.0311276, 0.0372154, 0.0355961, 0.0376015, 0.0342301, 0.0347424, 0.0305098, 0.0317986, 0.0336943, 0.0291194, 0.0310777, 0.0320963, 0.0284598, 0.0266667, 0.0302696, 0.0293646, 0.0274632, 0.0270677, 0.0271625, 0.0268726, 0.0264529, 0.0262551, 0.0232558, 0.0241507, 0.0237356, 0.0229459, 0.0237308, 0.0244391, 0.0244513, 0.0218393, 0.019435, 0.0200361, 0.0229413, 0.0224404, 0.0204429, 0.0201262, 0.0190362, 0.0185371, 0.0185334, 0.0162243, 0.0194116, 0.0124199, 0.0142171, 0.010012, 0.0102133 }:
{ 0, 68 , 0, 0, 0, 0, 0, 0, 0, 0, 0, 0, 0, 0, 0, 0, 0, 0, 0, 0, 0, 0, 0.00422111, 0.0134619, 0.0191594, 0.0267149, 0.0283161, 0.0323001, 0.0330893, 0.0332899, 0.0302148, 0.0321317, 0.0335207, 0.0295917, 0.0312876, 0.0315293, 0.0296742, 0.0278837, 0.0298627, 0.0314787, 0.0280645, 0.0267589, 0.0265611, 0.0223559, 0.0238549, 0.0254688, 0.0266533, 0.0217457, 0.023757, 0.0200421, 0.0230346, 0.0233467, 0.0235306, 0.0239383, 0.0219461, 0.0231417, 0.0204368, 0.0214386, 0.0228411, 0.019435, 0.020944, 0.0190247, 0.0193367, 0.0185371, 0.0162292, 0.0168252, 0.0143086, 0.013722, 0.0130156, 0.0111133, 0.0105137 }:
{ 0, 68 , 0, 0, 0, 0, 0, 0, 0, 0, 0, 0, 0, 0, 0, 0, 0, 0, 0, 0, 0, 0, 0.00040201, 0.00421941, 0.0142442, 0.0201868, 0.0236972, 0.029692, 0.0331896, 0.0326883, 0.0316202, 0.032935, 0.0314131, 0.0301936, 0.0279783, 0.0301235, 0.0308772, 0.0302909, 0.0270568, 0.0277694, 0.0287662, 0.0238525, 0.0260599, 0.0268672, 0.0276636, 0.0233631, 0.0264529, 0.0235495, 0.024158, 0.0255537, 0.0250376, 0.0254509, 0.0225293, 0.0238381, 0.0212446, 0.0213384, 0.0220397, 0.0197355, 0.0214386, 0.0226408, 0.0210442, 0.0221288, 0.0208396, 0.0188377, 0.0184332, 0.0204306, 0.0139083, 0.0155248, 0.0115138, 0.0145174, 0.0101131 }:
{ 0, 68 , 0, 0, 0, 0, 0, 0, 0, 0, 0, 0, 0, 0, 0, 0, 0, 0, 0, 0, 0, 0, 0, 0.000401848, 0.00341057, 0.0109471, 0.0171704, 0.0232721, 0.0296801, 0.0283766, 0.0338285, 0.0274124, 0.0299077, 0.0285886, 0.0290814, 0.0299227, 0.0254637, 0.0282849, 0.0276581, 0.0301754, 0.0260599, 0.0259571, 0.0241556, 0.0265664, 0.0258595, 0.0261707, 0.0209419, 0.0231486, 0.0229551, 0.0235495, 0.0237356, 0.0254509, 0.0241314, 0.0215345, 0.0225473, 0.0212382, 0.0200361, 0.0209377, 0.0208375, 0.0199359, 0.0185389, 0.0193251, 0.0190362, 0.0168337, 0.0167301, 0.0164246, 0.0160096, 0.0151242, 0.0152183, 0.0127153, 0.0110143 }:
{ 0, 68 , 0, 0, 0, 0, 0, 0, 0, 0, 0, 0, 0, 0, 0, 0, 0, 0, 0, 0, 0, 0, 0, 0, 0.000401244, 0.00451943, 0.0116478, 0.0173538, 0.0233631, 0.0261707, 0.0297129, 0.027312, 0.0282015, 0.0313973, 0.0274769, 0.0283161, 0.0293734, 0.0265797, 0.0268564, 0.0232581, 0.0273629, 0.0259571, 0.0229528, 0.0265664, 0.0254586, 0.0232628, 0.0240481, 0.0220463, 0.021652, 0.0225473, 0.0209314, 0.0251503, 0.0198258, 0.0200321, 0.0187394, 0.0202364, 0.0212382, 0.0198357, 0.0187337, 0.0202364, 0.0172362, 0.0199259, 0.0192365, 0.0184369, 0.0173312, 0.0150225, 0.0137082, 0.0136218, 0.0120144, 0.0131157, 0.0119155 }:
{ 0, 68 , 0, 0, 0, 0, 0, 0, 0, 0, 0, 0, 0, 0, 0, 0, 0, 0, 0, 0, 0, 0, 0, 0, 0, 0.000100432, 0.00331359, 0.0105327, 0.015542, 0.0225609, 0.0229874, 0.0313284, 0.0304095, 0.0307955, 0.0306859, 0.0257054, 0.0257644, 0.0257773, 0.026656, 0.0255639, 0.0237546, 0.0292644, 0.0252581, 0.0259649, 0.0239551, 0.0234634, 0.0224449, 0.0221465, 0.02085, 0.0218459, 0.0209314, 0.0176353, 0.0198258, 0.0200321, 0.0206434, 0.0198357, 0.0204368, 0.019435, 0.0208375, 0.0203366, 0.0178375, 0.0199259, 0.0190362, 0.0170341, 0.0163294, 0.0148222, 0.0156094, 0.013722, 0.0131157, 0.0116139, 0.0111144 }:
{ 0, 68 , 0, 0, 0, 0, 0, 0, 0, 0, 0, 0, 0, 0, 0, 0, 0, 0, 0, 0, 0, 0, 0, 0, 0, 0, 0.000100412, 0.00391213, 0.00952572, 0.0146395, 0.0219835, 0.0248017, 0.022782, 0.0266827, 0.0265744, 0.0260066, 0.0211529, 0.0260782, 0.0243511, 0.0239599, 0.0236544, 0.0235518, 0.0234539, 0.0252632, 0.02175, 0.022962, 0.0211423, 0.022848, 0.0228549, 0.0203427, 0.0204306, 0.0222445, 0.0201262, 0.0204327, 0.0202425, 0.0171308, 0.0188339, 0.0176317, 0.0175316, 0.0197355, 0.0187394, 0.0159207, 0.0172327, 0.0171343, 0.0137247, 0.0144216, 0.0141085, 0.0130208, 0.0114137, 0.0113136, 0.0109142 }:
{ 0, 68 , 0, 0, 0, 0, 0, 0, 0, 0, 0, 0, 0, 0, 0, 0, 0, 0, 0, 0, 0, 0, 0, 0, 0, 0, 0, 0.000401244, 0.00290785, 0.00982653, 0.0162618, 0.0222914, 0.0220795, 0.0242753, 0.0262736, 0.0266091, 0.0274687, 0.0268806, 0.0236497, 0.0212531, 0.0216498, 0.0243536, 0.0228526, 0.0246617, 0.0239551, 0.021859, 0.0237475, 0.0218459, 0.0220529, 0.0172362, 0.0204306, 0.0216433, 0.0201262, 0.0204327, 0.0197415, 0.0165298, 0.0209377, 0.0188339, 0.0162292, 0.0173312, 0.0188396, 0.0180234, 0.0181345, 0.0148297, 0.0151272, 0.0154231, 0.0132079, 0.0119191, 0.0109131, 0.00991189, 0.0101131 }:
{ 0, 68 , 0, 0, 0, 0, 0, 0, 0, 0, 0, 0, 0, 0, 0, 0, 0, 0, 0, 0, 0, 0, 0, 0, 0, 0, 0, 0, 0.000200541, 0.00381029, 0.00923509, 0.0145597, 0.0206744, 0.02257, 0.0245688, 0.0214881, 0.0264662, 0.0245737, 0.0236497, 0.0216541, 0.0219505, 0.0232512, 0.0215496, 0.0223559, 0.0196452, 0.024065, 0.0207415, 0.0223469, 0.0214515, 0.0196412, 0.0169254, 0.0180361, 0.0189246, 0.0177284, 0.0215452, 0.0207373, 0.0195352, 0.0159287, 0.0153276, 0.0200361, 0.0191402, 0.0173225, 0.0182346, 0.0167335, 0.0136245, 0.0118177, 0.0138083, 0.0144231, 0.0115138, 0.00981177, 0.0112146 }:
{ 0, 68 , 0, 0, 0, 0, 0, 0, 0, 0, 0, 0, 0, 0, 0, 0, 0, 0, 0, 0, 0, 0, 0, 0, 0, 0, 0, 0, 0, 0.000100271, 0.00230877, 0.00873582, 0.0116419, 0.0173538, 0.0209587, 0.0267095, 0.0240602, 0.0244734, 0.023349, 0.0218546, 0.0215496, 0.021347, 0.0244562, 0.0216541, 0.0223514, 0.0201544, 0.0193387, 0.0200421, 0.0190457, 0.0215452, 0.0190285, 0.0159319, 0.0175228, 0.01873, 0.0207436, 0.017231, 0.0192346, 0.0177319, 0.0160289, 0.0169305, 0.0160337, 0.0159207, 0.0160305, 0.0142285, 0.014426, 0.0144216, 0.0114068, 0.0120192, 0.0113136, 0.0116139, 0.00861119 }:
{ 0, 68 , 0, 0, 0, 0, 0, 0, 0, 0, 0, 0, 0, 0, 0, 0, 0, 0, 0, 0, 0, 0, 0, 0, 0, 0, 0, 0, 0, 0, 0, 0.00160659, 0.00903252, 0.0131407, 0.01785, 0.0219902, 0.0216541, 0.022668, 0.0241507, 0.0230576, 0.019545, 0.0203448, 0.0196452, 0.0200501, 0.0177408, 0.0205555, 0.0200401, 0.0221465, 0.018745, 0.0166349, 0.02003, 0.0146293, 0.0181236, 0.018129, 0.0193406, 0.0176317, 0.0178321, 0.0184332, 0.0157283, 0.0159287, 0.0160337, 0.017723, 0.0158301, 0.0144289, 0.0130234, 0.012018, 0.0113068, 0.013121, 0.0107129, 0.00931117, 0.00821067 }:
{ 0, 68 , 0, 0, 0, 0, 0, 0, 0, 0, 0, 0, 0, 0, 0, 0, 0, 0, 0, 0, 0, 0, 0, 0, 0, 0, 0, 0, 0, 0, 0, 0.000100412, 0.00230831, 0.00882737, 0.00982752, 0.0169696, 0.0195489, 0.0214644, 0.0230484, 0.0206516, 0.023053, 0.0209461, 0.0206475, 0.0197494, 0.0216498, 0.0205555, 0.0183367, 0.0186391, 0.0205493, 0.019541, 0.0183275, 0.0186373, 0.0160208, 0.0179287, 0.017136, 0.0163294, 0.018333, 0.0162292, 0.0176317, 0.0151272, 0.0178375, 0.0157204, 0.0143272, 0.0137275, 0.0157283, 0.0131197, 0.0139083, 0.0103165, 0.0116139, 0.00911093, 0.0101131 }:
{ 0, 68 , 0, 0, 0, 0, 0, 0, 0, 0, 0, 0, 0, 0, 0, 0, 0, 0, 0, 0, 0, 0, 0, 0, 0, 0, 0, 0, 0, 0, 0, 0, 0.000100361, 0.00170529, 0.00581629, 0.0111457, 0.0163409, 0.0187563, 0.0197415, 0.0210526, 0.0211486, 0.0183403, 0.0203468, 0.0222556, 0.0198456, 0.0180487, 0.0201403, 0.0192404, 0.0200481, 0.01904, 0.0194291, 0.0197395, 0.0168219, 0.0166266, 0.0179377, 0.0145261, 0.0158285, 0.0148267, 0.0151272, 0.0156281, 0.0150316, 0.0153199, 0.0146278, 0.0151303, 0.0149269, 0.0125188, 0.0119071, 0.0110176, 0.0118142, 0.00991189, 0.00861119 }:
{ 0, 68 , 0, 0, 0, 0, 0, 0, 0, 0, 0, 0, 0, 0, 0, 0, 0, 0, 0, 0, 0, 0, 0, 0, 0, 0, 0, 0, 0, 0, 0, 0, 0, 0, 0.00180505, 0.00502058, 0.0129323, 0.0172518, 0.0178375, 0.0211529, 0.0194447, 0.0183403, 0.0189436, 0.0166416, 0.019545, 0.0169458, 0.0187375, 0.0198417, 0.018344, 0.0175368, 0.0176264, 0.0175351, 0.0178232, 0.0139223, 0.017637, 0.0157283, 0.0152274, 0.0151272, 0.0158285, 0.0179323, 0.0172362, 0.0162211, 0.0172327, 0.012525, 0.0128231, 0.0124186, 0.0119071, 0.0110176, 0.00981177, 0.00951141, 0.0105137 }:
{ 0, 68 , 0, 0, 0, 0, 0, 0, 0, 0, 0, 0, 0, 0, 0, 0, 0, 0, 0, 0, 0, 0, 0, 0, 0, 0, 0, 0, 0, 0, 0, 0, 0, 0, 0, 0.00160659, 0.0073183, 0.0108325, 0.015232, 0.0189474, 0.0172397, 0.0191421, 0.0187431, 0.0204511, 0.0201463, 0.0175474, 0.0187375, 0.0192404, 0.0179431, 0.0185389, 0.0177266, 0.0166333, 0.0148193, 0.016226, 0.0147309, 0.0145261, 0.0154278, 0.0151272, 0.0156281, 0.0167301, 0.0167351, 0.0147191, 0.0140267, 0.0154309, 0.0137247, 0.0144216, 0.0112067, 0.0104167, 0.0102123, 0.00961153, 0.00901172 }:
{ 0, 68 , 0, 0, 0, 0, 0, 0, 0, 0, 0, 0, 0, 0, 0, 0, 0, 0, 0, 0, 0, 0, 0, 0, 0, 0, 0, 0, 0, 0, 0, 0, 0, 0, 0, 0.000100412, 0.00150376, 0.00491474, 0.0131276, 0.0133333, 0.0167385, 0.0172379, 0.017841, 0.0174436, 0.0198456, 0.0180487, 0.0154309, 0.0179377, 0.0178428, 0.0174366, 0.0197296, 0.0178357, 0.017723, 0.0179287, 0.0147309, 0.0160289, 0.0198357, 0.0177319, 0.0181326, 0.0137247, 0.0159335, 0.0139181, 0.012624, 0.0134269, 0.0148267, 0.0139209, 0.010006, 0.0103165, 0.00991189, 0.00911093, 0.00670872 }:
{ 0, 68 , 0, 0, 0, 0, 0, 0, 0, 0, 0, 0, 0, 0, 0, 0, 0, 0, 0, 0, 0, 0, 0, 0, 0, 0, 0, 0, 0, 0, 0, 0, 0, 0, 0, 0, 0, 0.00150451, 0.00591242, 0.0129323, 0.015636, 0.0176388, 0.0175403, 0.0190476, 0.0172397, 0.0186504, 0.0175351, 0.0151318, 0.0175421, 0.0164345, 0.0165248, 0.0160321, 0.0150195, 0.0165264, 0.0163343, 0.0178321, 0.0157283, 0.0176317, 0.0160289, 0.0158285, 0.0175368, 0.0145189, 0.0141268, 0.0148297, 0.0114206, 0.0125188, 0.0105063, 0.0102163, 0.00871045, 0.00820985, 0.00760989 }:
{ 0, 68 , 0, 0, 0, 0, 0, 0, 0, 0, 0, 0, 0, 0, 0, 0, 0, 0, 0, 0, 0, 0, 0, 0, 0, 0, 0, 0, 0, 0, 0, 0, 0, 0, 0, 0, 0, 0, 0.00170358, 0.00551378, 0.00922121, 0.0131289, 0.0187431, 0.0167419, 0.016538, 0.0177479, 0.0165331, 0.0166349, 0.0173416, 0.017136, 0.017326, 0.0166333, 0.0173225, 0.0164263, 0.0151318, 0.018333, 0.0140252, 0.015528, 0.0147265, 0.0123222, 0.015232, 0.0157204, 0.0138263, 0.0154309, 0.0140252, 0.0138207, 0.0128077, 0.0103165, 0.00981177, 0.0103124, 0.00941224 }:
{ 0, 68 , 0, 0, 0, 0, 0, 0, 0, 0, 0, 0, 0, 0, 0, 0, 0, 0, 0, 0, 0, 0, 0, 0, 0, 0, 0, 0, 0, 0, 0, 0, 0, 0, 0, 0, 0, 0, 0.00010021, 0.00180451, 0.00571314, 0.0116256, 0.0128295, 0.0155388, 0.0167385, 0.017046, 0.0169339, 0.0198417, 0.0181435, 0.0196412, 0.016024, 0.0166333, 0.016121, 0.0163261, 0.0148311, 0.0148267, 0.0157283, 0.0162292, 0.0176317, 0.0143258, 0.0153322, 0.0150195, 0.0138263, 0.0119238, 0.0128231, 0.0116174, 0.0114068, 0.00941506, 0.0102123, 0.0101121, 0.00811054 }:
{ 0, 68 , 0, 0, 0, 0, 0, 0, 0, 0, 0, 0, 0, 0, 0, 0, 0, 0, 0, 0, 0, 0, 0, 0, 0, 0, 0, 0, 0, 0, 0, 0, 0, 0, 0, 0, 0, 0, 0, 0.000100251, 0.00210484, 0.00521147, 0.00751729, 0.0148371, 0.0166383, 0.0150406, 0.0163327, 0.0166349, 0.0165397, 0.0162341, 0.0184276, 0.0141283, 0.01542, 0.0158253, 0.0145305, 0.014426, 0.0157283, 0.0166299, 0.0149269, 0.0140252, 0.0149314, 0.01542, 0.0145276, 0.0112224, 0.0116209, 0.0132198, 0.0119071, 0.0078125, 0.0105126, 0.00710853, 0.00690898 }:
{ 0, 68 , 0, 0, 0, 0, 0, 0, 0, 0, 0, 0, 0, 0, 0, 0, 0, 0, 0, 0, 0, 0, 0, 0, 0, 0, 0, 0, 0, 0, 0, 0, 0, 0, 0, 0, 0, 0, 0, 0, 0.000100231, 0.00150331, 0.00430991, 0.00972431, 0.0131302, 0.0139376, 0.0173347, 0.0177372, 0.016239, 0.0165347, 0.0165248, 0.0141283, 0.0152198, 0.0151242, 0.0135284, 0.0151272, 0.0145261, 0.0154278, 0.0145261, 0.0139251, 0.0135284, 0.0134174, 0.0149284, 0.0121242, 0.0132238, 0.0119179, 0.0144086, 0.0110176, 0.00911093, 0.00891069, 0.00771002 }:
{ 0, 68 , 0, 0, 0, 0, 0, 0, 0, 0, 0, 0, 0, 0, 0, 0, 0, 0, 0, 0, 0, 0, 0, 0, 0, 0, 0, 0, 0, 0, 0, 0, 0, 0, 0, 0, 0, 0, 0, 0, 0, 0, 0.001303, 0.00501253, 0.0102235, 0.0115311, 0.0134269, 0.0166349, 0.0163392, 0.0174366, 0.0149224, 0.0165331, 0.0135176, 0.0139223, 0.0140295, 0.0140252, 0.0127229, 0.0138249, 0.0136245, 0.0143258, 0.0131276, 0.0132172, 0.0141268, 0.012525, 0.0113204, 0.0103155, 0.0107064, 0.0115184, 0.00881057, 0.00851021, 0.00660859 }:
{ 0, 68 , 0, 0, 0, 0, 0, 0, 0, 0, 0, 0, 0, 0, 0, 0, 0, 0, 0, 0, 0, 0, 0, 0, 0, 0, 0, 0, 0, 0, 0, 0, 0, 0, 0, 0, 0, 0, 0, 0, 0, 0, 0.000100231, 0.00160401, 0.00310715, 0.00892409, 0.0128257, 0.0149314, 0.0150361, 0.0154324, 0.0142213, 0.0135271, 0.0147191, 0.0163261, 0.0148311, 0.0153276, 0.0148267, 0.0137247, 0.0156281, 0.0136245, 0.0130274, 0.0136177, 0.0125238, 0.0123246, 0.0120216, 0.0115173, 0.0108065, 0.00941506, 0.00851021, 0.00810973, 0.00781015 }:
{ 0, 68 , 0, 0, 0, 0, 0, 0, 0, 0, 0, 0, 0, 0, 0, 0, 0, 0, 0, 0, 0, 0, 0, 0, 0, 0, 0, 0, 0, 0, 0, 0, 0, 0, 0, 0, 0, 0, 0, 0, 0, 0, 0, 0, 0.00180415, 0.00531435, 0.00851703, 0.0117246, 0.0149358, 0.0146307, 0.0156234, 0.0145291, 0.0165215, 0.0158253, 0.0134282, 0.016129, 0.0157283, 0.0142256, 0.0142256, 0.0125225, 0.0131276, 0.0141184, 0.0124236, 0.0118236, 0.0125225, 0.0129194, 0.0119071, 0.0114183, 0.00911093, 0.00780937, 0.00710924 }:
{ 0, 68 , 0, 0, 0, 0, 0, 0, 0, 0, 0, 0, 0, 0, 0, 0, 0, 0, 0, 0, 0, 0, 0, 0, 0, 0, 0, 0, 0, 0, 0, 0, 0, 0, 0, 0, 0, 0, 0, 0, 0, 0, 0, 0, 0, 0.00100271, 0.00410822, 0.0104219, 0.0127306, 0.0139293, 0.0152228, 0.0164329, 0.0134174, 0.017528, 0.0141297, 0.0156281, 0.0156281, 0.0154278, 0.0145261, 0.014426, 0.0107225, 0.0132172, 0.0137261, 0.0137275, 0.00961731, 0.0136204, 0.0101061, 0.00891426, 0.00760913, 0.00901081, 0.00911184 }:
{ 0, 68 , 0, 0, 0, 0, 0, 0, 0, 0, 0, 0, 0, 0, 0, 0, 0, 0, 0, 0, 0, 0, 0, 0, 0, 0, 0, 0, 0, 0, 0, 0, 0, 0, 0, 0, 0, 0, 0, 0, 0, 0, 0, 0, 0, 0, 0.00160321, 0.00450947, 0.00912189, 0.013328, 0.0145218, 0.0149299, 0.012316, 0.0144231, 0.0144303, 0.0149269, 0.0145261, 0.0151272, 0.0148267, 0.0141254, 0.0151318, 0.0117152, 0.0146278, 0.0117234, 0.0120216, 0.0119179, 0.0124074, 0.0105168, 0.0102123, 0.00901081, 0.00740963 }:
{ 0, 68 , 0, 0, 0, 0, 0, 0, 0, 0, 0, 0, 0, 0, 0, 0, 0, 0, 0, 0, 0, 0, 0, 0, 0, 0, 0, 0, 0, 0, 0, 0, 0, 0, 0, 0, 0, 0, 0, 0, 0, 0, 0, 0, 0, 0, 0, 0.00120253, 0.00350842, 0.00731536, 0.0119179, 0.0137275, 0.0127165, 0.0158253, 0.0151318, 0.0149269, 0.0136245, 0.0129233, 0.0152274, 0.0124224, 0.013829, 0.0174227, 0.0154293, 0.0129259, 0.0127229, 0.0143215, 0.0129077, 0.00941506, 0.00901081, 0.00861033, 0.00881146 }:
{ 0, 68 , 0, 0, 0, 0, 0, 0, 0, 0, 0, 0, 0, 0, 0, 0, 0, 0, 0, 0, 0, 0, 0, 0, 0, 0, 0, 0, 0, 0, 0, 0, 0, 0, 0, 0, 0, 0, 0, 0, 0, 0, 0, 0, 0, 0, 0, 0, 0.00100241, 0.00551157, 0.00901352, 0.0124248, 0.0145189, 0.0135216, 0.0136286, 0.016129, 0.0131236, 0.0162292, 0.0120216, 0.01112, 0.0135284, 0.0132172, 0.012624, 0.0116232, 0.0118213, 0.0103155, 0.0113068, 0.0093149, 0.00991189, 0.00851021, 0.00750976 }:
{ 0, 68 , 0, 0, 0, 0, 0, 0, 0, 0, 0, 0, 0, 0, 0, 0, 0, 0, 0, 0, 0, 0, 0, 0, 0, 0, 0, 0, 0, 0, 0, 0, 0, 0, 0, 0, 0, 0, 0, 0, 0, 0, 0, 0, 0, 0, 0, 0, 0, 0.00230484, 0.00460691, 0.00891784, 0.0122159, 0.0116186, 0.0158332, 0.0121218, 0.0129233, 0.0146263, 0.0124224, 0.0137247, 0.0151318, 0.0117152, 0.0141268, 0.0126253, 0.0120216, 0.00991487, 0.0102061, 0.00991587, 0.00861033, 0.0112135, 0.00760989 }:
{ 0, 68 , 0, 0, 0, 0, 0, 0, 0, 0, 0, 0, 0, 0, 0, 0, 0, 0, 0, 0, 0, 0, 0, 0, 0, 0, 0, 0, 0, 0, 0, 0, 0, 0, 0, 0, 0, 0, 0, 0, 0, 0, 0, 0, 0, 0, 0, 0, 0, 0, 0.0012018, 0.00480962, 0.00771002, 0.00891426, 0.0123259, 0.014426, 0.0153276, 0.0134242, 0.0165298, 0.0142256, 0.0117246, 0.0149194, 0.0125238, 0.0121242, 0.01112, 0.0103155, 0.0110066, 0.00941506, 0.00640769, 0.00820985, 0.00710924 }:
{ 0, 68 , 0, 0, 0, 0, 0, 0, 0, 0, 0, 0, 0, 0, 0, 0, 0, 0, 0, 0, 0, 0, 0, 0, 0, 0, 0, 0, 0, 0, 0, 0, 0, 0, 0, 0, 0, 0, 0, 0, 0, 0, 0, 0, 0, 0, 0, 0, 0, 0, 0.00010015, 0.00220441, 0.00410534, 0.00811298, 0.0102215, 0.012222, 0.0108195, 0.0135243, 0.0131236, 0.0124224, 0.0136286, 0.0118154, 0.0117223, 0.0106212, 0.0121218, 0.0127191, 0.0104062, 0.0109175, 0.00861033, 0.00650781, 0.00801041 }:
{ 0, 68 , 0, 0, 0, 0, 0, 0, 0, 0, 0, 0, 0, 0, 0, 0, 0, 0, 0, 0, 0, 0, 0, 0, 0, 0, 0, 0, 0, 0, 0, 0, 0, 0, 0, 0, 0, 0, 0, 0, 0, 0, 0, 0, 0, 0, 0, 0, 0, 0, 0, 0.0001002, 0.00180234, 0.00340545, 0.0077162, 0.0114206, 0.0139251, 0.0126227, 0.0115207, 0.0118213, 0.0122257, 0.0126164, 0.0130247, 0.011022, 0.00971749, 0.0110165, 0.00840504, 0.00961538, 0.00790949, 0.00820985, 0.00650846 }:
{ 0, 68 , 0, 0, 0, 0, 0, 0, 0, 0, 0, 0, 0, 0, 0, 0, 0, 0, 0, 0, 0, 0, 0, 0, 0, 0, 0, 0, 0, 0, 0, 0, 0, 0, 0, 0, 0, 0, 0, 0, 0, 0, 0, 0, 0, 0, 0, 0, 0, 0, 0, 0, 0.00010013, 0.0015024, 0.00340715, 0.00681226, 0.01112, 0.0116209, 0.0108195, 0.0129233, 0.0108227, 0.0122159, 0.0120228, 0.0155311, 0.0109197, 0.0102153, 0.00910546, 0.00891426, 0.00921105, 0.00780937, 0.00520677 }:
{ 0, 68 , 0, 0, 0, 0, 0, 0, 0, 0, 0, 0, 0, 0, 0, 0, 0, 0, 0, 0, 0, 0, 0, 0, 0, 0, 0, 0, 0, 0, 0, 0, 0, 0, 0, 0, 0, 0, 0, 0, 0, 0, 0, 0, 0, 0, 0, 0, 0, 0, 0, 0, 0, 0, 0.00170358, 0.0056101, 0.00651172, 0.00911641, 0.0132238, 0.0121218, 0.0123259, 0.0128167, 0.0129246, 0.0144289, 0.0124224, 0.0107161, 0.00910546, 0.0093149, 0.010012, 0.00881057, 0.00720937 }:
{ 0, 68 , 0, 0, 0, 0, 0, 0, 0, 0, 0, 0, 0, 0, 0, 0, 0, 0, 0, 0, 0, 0, 0, 0, 0, 0, 0, 0, 0, 0, 0, 0, 0, 0, 0, 0, 0, 0, 0, 0, 0, 0, 0, 0, 0, 0, 0, 0, 0, 0, 0, 0, 0, 0, 0, 0.000901623, 0.00360649, 0.00821479, 0.0101182, 0.0114206, 0.0120253, 0.0127165, 0.0109207, 0.011523, 0.0112202, 0.0111167, 0.0102061, 0.00961538, 0.00800961, 0.00660793, 0.0073095 }:
{ 0, 68 , 0, 0, 0, 0, 0, 0, 0, 0, 0, 0, 0, 0, 0, 0, 0, 0, 0, 0, 0, 0, 0, 0, 0, 0, 0, 0, 0, 0, 0, 0, 0, 0, 0, 0, 0, 0, 0, 0, 0, 0, 0, 0, 0, 0, 0, 0, 0, 0, 0, 0, 0, 0, 0, 0, 0.00140252, 0.00430775, 0.00741334, 0.0101182, 0.0124261, 0.012316, 0.0125238, 0.0117234, 0.00951713, 0.0104156, 0.0106064, 0.00981571, 0.00961153, 0.00700841, 0.00570742 }:
{ 0, 68 , 0, 0, 0, 0, 0, 0, 0, 0, 0, 0, 0, 0, 0, 0, 0, 0, 0, 0, 0, 0, 0, 0, 0, 0, 0, 0, 0, 0, 0, 0, 0, 0, 0, 0, 0, 0, 0, 0, 0, 0, 0, 0, 0, 0, 0, 0, 0, 0, 0, 0, 0, 0, 0, 0, 0, 0.00120216, 0.00500902, 0.00731316, 0.00921936, 0.0130169, 0.0137261, 0.0139279, 0.00941695, 0.00961442, 0.0112067, 0.0107171, 0.00841009, 0.00820985, 0.00791028 }:
{ 0, 68 , 0, 0, 0, 0, 0, 0, 0, 0, 0, 0, 0, 0, 0, 0, 0, 0, 0, 0, 0, 0, 0, 0, 0, 0, 0, 0, 0, 0, 0, 0, 0, 0, 0, 0, 0, 0, 0, 0, 0, 0, 0, 0, 0, 0, 0, 0, 0, 0, 0, 0, 0, 0, 0, 0, 0, 0, 0.0015027, 0.00450811, 0.00781641, 0.00680885, 0.0110209, 0.011523, 0.0101182, 0.0103155, 0.0105063, 0.00841346, 0.0104125, 0.00790949, 0.00640833 }:
{ 0, 68 , 0, 0, 0, 0, 0, 0, 0, 0, 0, 0, 0, 0, 0, 0, 0, 0, 0, 0, 0, 0, 0, 0, 0, 0, 0, 0, 0, 0, 0, 0, 0, 0, 0, 0, 0, 0, 0, 0, 0, 0, 0, 0, 0, 0, 0, 0, 0, 0, 0, 0, 0, 0, 0, 0, 0, 0, 0, 0.00120216, 0.00270568, 0.00670872, 0.0103196, 0.0122244, 0.0109197, 0.0114171, 0.0115069, 0.00851362, 0.00750901, 0.00790949, 0.00720937 }:
{ 0, 68 , 0, 0, 0, 0, 0, 0, 0, 0, 0, 0, 0, 0, 0, 0, 0, 0, 0, 0, 0, 0, 0, 0, 0, 0, 0, 0, 0, 0, 0, 0, 0, 0, 0, 0, 0, 0, 0, 0, 0, 0, 0, 0, 0, 0, 0, 0, 0, 0, 0, 0, 0, 0, 0, 0, 0, 0, 0, 0.00010018, 0.000901894, 0.00400521, 0.01052, 0.0107214, 0.0104188, 0.00961442, 0.00870522, 0.0110176, 0.00841009, 0.00790949, 0.00640833 }:
{ 0, 68 , 0, 0, 0, 0, 0, 0, 0, 0, 0, 0, 0, 0, 0, 0, 0, 0, 0, 0, 0, 0, 0, 0, 0, 0, 0, 0, 0, 0, 0, 0, 0, 0, 0, 0, 0, 0, 0, 0, 0, 0, 0, 0, 0, 0, 0, 0, 0, 0, 0, 0, 0, 0, 0, 0, 0, 0, 0, 0, 0, 0.00130169, 0.00861637, 0.00911824, 0.00951713, 0.0107161, 0.0107064, 0.0102163, 0.00861033, 0.00971165, 0.00670872 }:
{ 0, 68 , 0, 0, 0, 0, 0, 0, 0, 0, 0, 0, 0, 0, 0, 0, 0, 0, 0, 0, 0, 0, 0, 0, 0, 0, 0, 0, 0, 0, 0, 0, 0, 0, 0, 0, 0, 0, 0, 0, 0, 0, 0, 0, 0, 0, 0, 0, 0, 0, 0, 0, 0, 0, 0, 0, 0, 0, 0, 0, 0, 0, 0.00761447, 0.0127255, 0.0103186, 0.00961442, 0.00980588, 0.00941506, 0.00841009, 0.00901081, 0.00680885 }:
{ 0, 68 , 0, 0, 0, 0, 0, 0, 0, 0, 0, 0, 0, 0, 0, 0, 0, 0, 0, 0, 0, 0, 0, 0, 0, 0, 0, 0, 0, 0, 0, 0, 0, 0, 0, 0, 0, 0, 0, 0, 0, 0, 0, 0, 0, 0, 0, 0, 0, 0, 0.00010015, 0.000200401, 0, 0, 0.00010021, 0, 0, 0.000200361, 0, 0.00010018, 0, 0, 0.004208, 0.0463928, 0.0495893, 0.0496745, 0.0426256, 0.0422676, 0.043352, 0.0368442, 0.0344448 }:
{ 0, 68 , 0, 0, 0, 0, 0, 0, 0, 0, 0, 0, 0, 0, 0, 0, 0, 0, 0, 0, 0, 0, 0, 0, 0, 0, 0, 0, 0, 0, 0, 0, 0, 0, 0, 0, 0, 0, 0, 0, 0, 0, 0, 0, 0, 0, 0, 0, 0, 0, 0, 0, 0, 0.00010016, 0, 0.00010018, 0.00010018, 0.000200361, 0.000200361, 0.000200361, 0.000501052, 0.000700911, 0.000200381, 0.00410822, 0.0428772, 0.0460691, 0.0396238, 0.0404647, 0.0373448, 0.0364437, 0.0347452 }:
{ 0, 68 , 0, 0, 0, 0, 0, 0, 0, 0, 0, 0, 0, 0, 0, 0, 0, 0, 0, 0, 0, 0, 0, 0, 0, 0, 0, 0, 0, 0, 0, 0, 0, 0, 0, 0, 0, 0, 0, 0, 0, 0, 0, 0, 0, 0, 0, 0, 0, 0, 0, 0, 0, 0, 0, 0, 0.00010018, 0, 0.000200361, 0.000200361, 0.000501052, 0.000500651, 0.000500952, 0.000601202, 0.00400721, 0.0387581, 0.0418251, 0.0417668, 0.0381458, 0.036644, 0.0300391 }:
{ 0, 68 , 0, 0, 0, 0, 0, 0, 0, 0, 0, 0, 0, 0, 0, 0, 0, 0, 0, 0, 0, 0, 0, 0, 0, 0, 0, 0, 0, 0, 0, 0, 0, 0, 0, 0, 0, 0, 0, 0, 0, 0, 0, 0, 0, 0, 0, 0, 0, 0, 0, 0, 0, 0, 0, 0, 0, 0, 0, 0, 0, 0, 0.000601142, 0.00150301, 0.00200361, 0.00590886, 0.0412247, 0.0389623, 0.0344413, 0.0335402, 0.0306398 }:
{ 0, 68 , 0, 0, 0, 0, 0, 0, 0, 0, 0, 0, 0, 0, 0, 0, 0, 0, 0, 0, 0, 0, 0, 0, 0, 0, 0, 0, 0, 0, 0, 0, 0, 0, 0, 0, 0, 0, 0, 0, 0, 0, 0, 0, 0, 0, 0, 0, 0, 0, 0, 0, 0, 0, 0, 0, 0, 0, 0, 0, 0, 0, 0, 0.000300601, 0.00410739, 0.00630946, 0.0235141, 0.0712139, 0.0697837, 0.0654786, 0.0618804 }:
{ 0, 68 , 0, 0, 0, 0, 0, 0, 0, 0, 0, 0, 0, 0, 0, 0, 0, 0, 0, 0, 0, 0, 0, 0, 0, 0, 0, 0, 0, 0, 0, 0, 0, 0, 0, 0, 0, 0, 0, 0, 0, 0, 0, 0, 0, 0, 0, 0, 0, 0, 0, 0, 0, 0, 0, 0, 0, 0, 0, 0, 0, 0, 0, 0, 0, 0.000801202, 0.0085051, 0.0239383, 0.0681818, 0.060873, 0.0590768 }:
{ 0, 68 , 0, 0, 0, 0, 0, 0, 0, 0, 0, 0, 0, 0, 0, 0, 0, 0, 0, 0, 0, 0, 0, 0, 0, 0, 0, 0, 0, 0, 0, 0, 0, 0, 0, 0, 0, 0, 0, 0, 0, 0, 0, 0, 0, 0, 0, 0, 0, 0, 0, 0, 0, 0, 0, 0, 0, 0, 0, 0, 0, 0, 0, 0, 0, 0, 0, 0.013121, 0.0249299, 0.0588706, 0.0619806 }:
{ 0, 68 , 0, 0, 0, 0, 0, 0, 0, 0, 0, 0, 0, 0, 0, 0, 0, 0, 0, 0, 0, 0, 0, 0, 0, 0, 0, 0, 0, 0, 0, 0, 0, 0, 0, 0, 0, 0, 0, 0, 0, 0, 0, 0, 0, 0, 0, 0, 0, 0, 0, 0, 0, 0, 0, 0, 0, 0, 0, 0, 0, 0, 0, 0, 0, 0, 0, 0, 0.0147177, 0.028334, 0.057675 }:
{ 0, 68 , 0, 0, 0, 0, 0, 0, 0, 0, 0, 0, 0, 0, 0, 0, 0, 0, 0, 0, 0, 0, 0, 0, 0, 0, 0, 0, 0, 0, 0, 0, 0, 0, 0, 0, 0, 0, 0, 0, 0, 0, 0, 0, 0, 0, 0, 0, 0, 0, 0, 0, 0, 0, 0, 0, 0, 0, 0, 0, 0, 0, 0, 0, 0, 0, 0, 0, 0, 0.0184221, 0.0673876 };
>
