# GLoBES cross section file for NC interactions in the following material:
#
#      PDG code     abundance
#     1000260560        1
#
# log10(E/GeV) \nu_e      \nu_\mu         \nu_\tau      \bar{\nu}_e    \bar{\nu}_\mu  \bar{\nu}_\tau
-1.	0.05507238	0.05507238	0.05507238           0.0           0.0             0.0
-0.997	0.05576289	0.05576289	0.05576289           0.0           0.0             0.0
-0.994	0.05644864	0.05644864	0.05644864           0.0           0.0             0.0
-0.991	0.05712967	0.05712967	0.05712967           0.0           0.0             0.0
-0.988	0.05780601	0.05780601	0.05780601           0.0           0.0             0.0
-0.985	0.0584777	0.0584777	0.0584777           0.0           0.0             0.0
-0.982	0.05951627	0.05951627	0.05951627           0.0           0.0             0.0
-0.979	0.0605672	0.0605672	0.0605672           0.0           0.0             0.0
-0.976	0.06161089	0.06161089	0.06161089           0.0           0.0             0.0
-0.973	0.0626474	0.0626474	0.0626474           0.0           0.0             0.0
-0.97	0.06367677	0.06367677	0.06367677           0.0           0.0             0.0
-0.967	0.06469814	0.06469814	0.06469814           0.0           0.0             0.0
-0.964	0.06566664	0.06566664	0.06566664           0.0           0.0             0.0
-0.961	0.06662847	0.06662847	0.06662847           0.0           0.0             0.0
-0.958	0.06758368	0.06758368	0.06758368           0.0           0.0             0.0
-0.955	0.06853231	0.06853231	0.06853231           0.0           0.0             0.0
-0.952	0.06947442	0.06947442	0.06947442           0.0           0.0             0.0
-0.949	0.07040145	0.07040145	0.07040145           0.0           0.0             0.0
-0.946	0.07122082	0.07122082	0.07122082           0.0           0.0             0.0
-0.943	0.07203455	0.07203455	0.07203455           0.0           0.0             0.0
-0.94	0.07284268	0.07284268	0.07284268           0.0           0.0             0.0
-0.937	0.07364525	0.07364525	0.07364525           0.0           0.0             0.0
-0.934	0.07444229	0.07444229	0.07444229           0.0           0.0             0.0
-0.931	0.0752813	0.0752813	0.0752813           0.0           0.0             0.0
-0.928	0.07638742	0.07638742	0.07638742           0.0           0.0             0.0
-0.925	0.07748592	0.07748592	0.07748592           0.0           0.0             0.0
-0.922	0.07857686	0.07857686	0.07857686           0.0           0.0             0.0
-0.919	0.07966029	0.07966029	0.07966029           0.0           0.0             0.0
-0.916	0.08073627	0.08073627	0.08073627           0.0           0.0             0.0
-0.913	0.08181624	0.08181624	0.08181624           0.0           0.0             0.0
-0.91	0.08293069	0.08293069	0.08293069           0.0           0.0             0.0
-0.907	0.08403746	0.08403746	0.08403746           0.0           0.0             0.0
-0.904	0.08513662	0.08513662	0.08513662           0.0           0.0             0.0
-0.901	0.08622821	0.08622821	0.08622821           0.0           0.0             0.0
-0.898	0.08731228	0.08731228	0.08731228           0.0           0.0             0.0
-0.895	0.08839438	0.08839438	0.08839438           0.0           0.0             0.0
-0.892	0.08948356	0.08948356	0.08948356           0.0           0.0             0.0
-0.889	0.09056525	0.09056525	0.09056525           0.0           0.0             0.0
-0.886	0.09163949	0.09163949	0.09163949           0.0           0.0             0.0
-0.883	0.09270633	0.09270633	0.09270633          0.0           0.0             0.0 
-0.88	0.09376583	0.09376583	0.09376583           0.0           0.0             0.0
-0.877	0.09491078	0.09491078	0.09491078          0.0           0.0             0.0 
-0.874	0.09622896	0.09622896	0.09622896           0.0           0.0             0.0
-0.871	0.09753807	0.09753807	0.09753807          0.0           0.0             0.0 
-0.868	0.09883816	0.09883816	0.09883816           0.0           0.0             0.0
-0.865	0.1001293	0.1001293	0.1001293            0.0           0.0             0.0
-0.862	0.1014116	0.1014116	0.1014116            0.0           0.0             0.0
-0.859	0.1026723	0.1026723	0.1026723            0.0           0.0             0.0
-0.856	0.1039048	0.1039048	0.1039048            0.0           0.0             0.0
-0.853	0.1051289	0.1051289	0.1051289            0.0           0.0             0.0
-0.85	0.1063445	0.1063445	0.1063445            0.0           0.0             0.0
-0.847	0.1075518	0.1075518	0.1075518            0.0           0.0             0.0
-0.844	0.1087508	0.1087508	0.1087508            0.0           0.0             0.0
-0.841	0.1099543	0.1099543	0.1099543            0.0           0.0             0.0
-0.838	0.1111644	0.1111644	0.1111644            0.0           0.0             0.0
-0.835	0.1123661	0.1123661	0.1123661            0.0           0.0             0.0
-0.832	0.1135595	0.1135595	0.1135595            0.0           0.0             0.0
-0.829	0.1147448	0.1147448	0.1147448           0.0           0.0             0.0 
-0.826	0.1159219	0.1159219	0.1159219            0.0           0.0             0.0
-0.823	0.1172719	0.1172719	0.1172719            0.0           0.0             0.0
-0.82	0.118776	0.118776	0.118776             0.0           0.0             0.0
-0.817	0.1202697	0.1202697	0.1202697            0.0           0.0             0.0
-0.814	0.1217531	0.1217531	0.1217531            0.0           0.0             0.0
-0.811	0.1232264	0.1232264	0.1232264            0.0           0.0             0.0
-0.808	0.1246894	0.1246894	0.1246894            0.0           0.0             0.0
-0.805	0.1260267	0.1260267	0.1260267            0.0           0.0             0.0
-0.802	0.127274	0.127274	0.127274             0.0           0.0             0.0
-0.799	0.1285128	0.1285128	0.1285128            0.0           0.0             0.0
-0.796	0.129743	0.129743	0.129743            0.0           0.0             0.0 
-0.793	0.1309647	0.1309647	0.1309647           0.0           0.0             0.0
-0.79	0.1321781	0.1321781	0.1321781           0.0           0.0             0.0
-0.787	0.1335371	0.1335371	0.1335371           0.0           0.0             0.0
-0.784	0.1349683	0.1349683	0.1349683           0.0           0.0             0.0
-0.781	0.1363896	0.1363896	0.1363896          0.0           0.0             0.0 
-0.778	0.1378012	0.1378012	0.1378012           0.0           0.0             0.0
-0.775	0.139203	0.139203	0.139203           0.0           0.0             0.0 
-0.772	0.1405952	0.1405952	0.1405952           0.0           0.0             0.0
-0.769	0.1423608	0.1423608	0.1423608          0.0           0.0             0.0 
-0.766	0.1442617	0.1442617	0.1442617           0.0           0.0             0.0
-0.763	0.1461496	0.1461496	0.1461496           0.0           0.0             0.0
-0.76	0.1480245	0.1480245	0.1480245           0.0           0.0             0.0
-0.757	0.1498866	0.1498866	0.1498866           0.0           0.0             0.0
-0.754	0.1517358	0.1517358	0.1517358           0.0           0.0             0.0
-0.751	0.1530284	0.1530284	0.1530284           0.0           0.0             0.0
-0.748	0.1541632	0.1541632	0.1541632           0.0           0.0             0.0
-0.745	0.1552903	0.1552903	0.1552903           0.0           0.0             0.0
-0.742	0.1564096	0.1564096	0.1564096           0.0           0.0             0.0
-0.739	0.1575214	0.1575214	0.1575214           0.0           0.0             0.0
-0.736	0.1586255	0.1586255	0.1586255           0.0           0.0             0.0
-0.733	0.1603723	0.1603723	0.1603723           0.0           0.0             0.0
-0.73	0.1622256	0.1622256	0.1622256           0.0           0.0             0.0
-0.727	0.1640662	0.1640662	0.1640662          0.0           0.0             0.0 
-0.724	0.1658943	0.1658943	0.1658943           0.0           0.0             0.0
-0.721	0.1677099	0.1677099	0.1677099           0.0           0.0             0.0
-0.718	0.1695131	0.1695131	0.1695131           0.0           0.0             0.0
-0.715	0.1708473	0.1708473	0.1708473           0.0           0.0             0.0
-0.712	0.1721253	0.1721253	0.1721253           0.0           0.0             0.0
-0.709	0.1733947	0.1733947	0.1733947           0.0           0.0             0.0
-0.706	0.1746554	0.1746554	0.1746554           0.0           0.0             0.0
-0.703	0.1759078	0.1759078	0.1759078           0.0           0.0             0.0
-0.7	0.1771519	0.1771519	0.1771519           0.0           0.0             0.0
-0.697	0.178859	0.178859	0.178859            0.0           0.0             0.0
-0.694	0.1805698	0.1805698	0.1805698           0.0           0.0             0.0
-0.691	0.1822693	0.1822693	0.1822693           0.0           0.0             0.0
-0.688	0.1839576	0.1839576	0.1839576           0.0           0.0             0.0
-0.685	0.1856347	0.1856347	0.1856347           0.0           0.0             0.0
-0.682	0.1873034	0.1873034	0.1873034           0.0           0.0             0.0
-0.679	0.1890514	0.1890514	0.1890514          0.0           0.0             0.0 
-0.676	0.1907881	0.1907881	0.1907881           0.0           0.0             0.0
-0.673	0.1925132	0.1925132	0.1925132          0.0           0.0             0.0 
-0.67	0.1942265	0.1942265	0.1942265           0.0           0.0             0.0
-0.667	0.1959286	0.1959286	0.1959286          0.0           0.0             0.0 
-0.664	0.1975559	0.1975559	0.1975559           0.0           0.0             0.0
-0.661	0.1986002	0.1986002	0.1986002           0.0           0.0             0.0
-0.658	0.1996373	0.1996373	0.1996373           0.0           0.0             0.0
-0.655	0.2006679	0.2006679	0.2006679           0.0           0.0             0.0
-0.652	0.2016929	0.2016929	0.2016929           0.0           0.0             0.0
-0.649	0.2027115	0.2027115	0.2027115           0.0           0.0             0.0
-0.646	0.2038619	0.2038619	0.2038619           0.0           0.0             0.0
-0.643	0.2057161	0.2057161	0.2057161           0.0           0.0             0.0
-0.64	0.2075597	0.2075597	0.2075597           0.0           0.0             0.0
-0.637	0.2093913	0.2093913	0.2093913           0.0           0.0             0.0
-0.634	0.2112107	0.2112107	0.2112107           0.0           0.0             0.0
-0.631	0.2130181	0.2130181	0.2130181           0.0           0.0             0.0
-0.628	0.2147507	0.2147507	0.2147507           0.0           0.0             0.0
-0.625	0.2162483	0.2162483	0.2162483          0.0           0.0             0.0 
-0.622	0.2177362	0.2177362	0.2177362           0.0           0.0             0.0
-0.619	0.2192142	0.2192142	0.2192142           0.0           0.0             0.0
-0.616	0.2206854	0.2206854	0.2206854           0.0           0.0             0.0
-0.613	0.2221479	0.2221479	0.2221479           0.0           0.0             0.0
-0.61	0.2236071	0.2236071	0.2236071           0.0           0.0             0.0
-0.607	0.2250708	0.2250708	0.2250708           0.0           0.0             0.0
-0.604	0.2265287	0.2265287	0.2265287           0.0           0.0             0.0
-0.601	0.2279784	0.2279784	0.2279784           0.0           0.0             0.0
-0.598	0.2294196	0.2294196	0.2294196           0.0           0.0             0.0
-0.595	0.2308508	0.2308508	0.2308508           0.0           0.0             0.0
-0.592	0.2321998	0.2321998	0.2321998           0.0           0.0             0.0
-0.589	0.2334002	0.2334002	0.2334002           0.0           0.0             0.0
-0.586	0.2345942	0.2345942	0.2345942           0.0           0.0             0.0
-0.583	0.23578	0.23578	0.23578                             0.0           0.0             0.0
-0.58	0.2369621	0.2369621	0.2369621           0.0           0.0             0.0
-0.577	0.2381398	0.2381398	0.2381398          0.0           0.0             0.0 
-0.574	0.2394312	0.2394312	0.2394312           0.0           0.0             0.0
-0.571	0.24088	0.24088	0.24088                            0.0           0.0             0.0 
-0.568	0.2423238	0.2423238	0.2423238           0.0           0.0             0.0
-0.565	0.2437626	0.2437626	0.2437626          0.0           0.0             0.0 
-0.562	0.2451958	0.2451958	0.2451958           0.0           0.0             0.0
-0.559	0.2466191	0.2466191	0.2466191           0.0           0.0             0.0
-0.556	0.2482029	0.2482029	0.2482029           0.0           0.0             0.0
-0.553	0.2499606	0.2499606	0.2499606           0.0           0.0             0.0
-0.55	0.2517121	0.2517121	0.2517121           0.0           0.0             0.0
-0.547	0.2534516	0.2534516	0.2534516           0.0           0.0             0.0
-0.544	0.2551843	0.2551843	0.2551843           0.0           0.0             0.0
-0.541	0.2569136	0.2569136	0.2569136           0.0           0.0             0.0
-0.538	0.258133	0.258133	0.258133            0.0           0.0             0.0
-0.535	0.2589192	0.2589192	0.2589192           0.0           0.0             0.0
-0.532	0.2597052	0.2597052	0.2597052           0.0           0.0             0.0
-0.529	0.2604968	0.2604968	0.2604968           0.0           0.0             0.0
-0.526	0.2612942	0.2612942	0.2612942           0.0           0.0             0.0
-0.523	0.2620861	0.2620861	0.2620861          0.0           0.0             0.0 
-0.52	0.2629559	0.2629559	0.2629559           0.0           0.0             0.0
-0.517	0.2638836	0.2638836	0.2638836           0.0           0.0             0.0
-0.514	0.2648202	0.2648202	0.2648202           0.0           0.0             0.0
-0.511	0.2657504	0.2657504	0.2657504           0.0           0.0             0.0
-0.508	0.2666791	0.2666791	0.2666791           0.0           0.0             0.0
-0.505	0.2676213	0.2676213	0.2676213           0.0           0.0             0.0
-0.502	0.2687334	0.2687334	0.2687334           0.0           0.0             0.0
-0.499	0.2699165	0.2699165	0.2699165           0.0           0.0             0.0
-0.496	0.2710951	0.2710951	0.2710951           0.0           0.0             0.0
-0.493	0.2722896	0.2722896	0.2722896           0.0           0.0             0.0
-0.49	0.273496	0.273496	0.273496            0.0           0.0             0.0
-0.487	0.2746972	0.2746972	0.2746972           0.0           0.0             0.0
-0.484	0.2757902	0.2757902	0.2757902           0.0           0.0             0.0
-0.481	0.2768704	0.2768704	0.2768704           0.0           0.0             0.0
-0.478	0.2779648	0.2779648	0.2779648           0.0           0.0             0.0
-0.475	0.2790569	0.2790569	0.2790569          0.0           0.0             0.0 
-0.472	0.2801414	0.2801414	0.2801414           0.0           0.0             0.0
-0.469	0.2812565	0.2812565	0.2812565          0.0           0.0             0.0 
-0.466	0.2822547	0.2822547	0.2822547           0.0           0.0             0.0
-0.463	0.2832202	0.2832202	0.2832202          0.0           0.0             0.0 
-0.46	0.2841791	0.2841791	0.2841791           0.0           0.0             0.0
-0.457	0.2851694	0.2851694	0.2851694           0.0           0.0             0.0
-0.454	0.2861798	0.2861798	0.2861798           0.0           0.0             0.0
-0.451	0.287194	0.287194	0.287194            0.0           0.0             0.0
-0.448	0.2880914	0.2880914	0.2880914           0.0           0.0             0.0
-0.445	0.2890029	0.2890029	0.2890029           0.0           0.0             0.0
-0.442	0.2899386	0.2899386	0.2899386           0.0           0.0             0.0
-0.439	0.2908818	0.2908818	0.2908818           0.0           0.0             0.0
-0.436	0.2918184	0.2918184	0.2918184           0.0           0.0             0.0
-0.433	0.2927837	0.2927837	0.2927837           0.0           0.0             0.0
-0.43	0.2937844	0.2937844	0.2937844           0.0           0.0             0.0
-0.427	0.2947962	0.2947962	0.2947962           0.0           0.0             0.0
-0.424	0.2958011	0.2958011	0.2958011           0.0           0.0             0.0
-0.421	0.2968335	0.2968335	0.2968335          0.0           0.0             0.0 
-0.418	0.2978959	0.2978959	0.2978959           0.0           0.0             0.0
-0.415	0.2989711	0.2989711	0.2989711           0.0           0.0             0.0
-0.412	0.299746	0.299746	0.299746            0.0           0.0             0.0
-0.409	0.3005422	0.3005422	0.3005422           0.0           0.0             0.0
-0.406	0.3013657	0.3013657	0.3013657           0.0           0.0             0.0
-0.403	0.3022061	0.3022061	0.3022061           0.0           0.0             0.0
-0.4	0.3030407	0.3030407	0.3030407           0.0           0.0             0.0
-0.397	0.303899	0.303899	0.303899            0.0           0.0             0.0
-0.394	0.3048315	0.3048315	0.3048315           0.0           0.0             0.0
-0.391	0.3057831	0.3057831	0.3057831           0.0           0.0             0.0
-0.388	0.306728	0.306728	0.306728            0.0           0.0             0.0
-0.385	0.3076891	0.3076891	0.3076891           0.0           0.0             0.0
-0.382	0.3086759	0.3086759	0.3086759           0.0           0.0             0.0
-0.379	0.3096657	0.3096657	0.3096657           0.0           0.0             0.0
-0.376	0.310516	0.310516	0.310516            0.0           0.0             0.0
-0.373	0.3113793	0.3113793	0.3113793          0.0           0.0             0.0 
-0.37	0.3122754	0.3122754	0.3122754           0.0           0.0             0.0
-0.367	0.3131962	0.3131962	0.3131962          0.0           0.0             0.0 
-0.364	0.3141106	0.3141106	0.3141106           0.0           0.0             0.0
-0.361	0.3149451	0.3149451	0.3149451          0.0           0.0             0.0 
-0.358	0.3154078	0.3154078	0.3154078           0.0           0.0             0.0
-0.355	0.3158991	0.3158991	0.3158991           0.0           0.0             0.0
-0.352	0.316387	0.316387	0.316387            0.0           0.0             0.0
-0.349	0.3168831	0.3168831	0.3168831           0.0           0.0             0.0
-0.346	0.3174145	0.3174145	0.3174145           0.0           0.0             0.0
-0.343	0.3180886	0.3180886	0.3180886           0.0           0.0             0.0
-0.34	0.319112	0.319112	0.319112            0.0           0.0             0.0
-0.337	0.3201362	0.3201362	0.3201362           0.0           0.0             0.0
-0.334	0.3211881	0.3211881	0.3211881           0.0           0.0             0.0
-0.331	0.3222621	0.3222621	0.3222621           0.0           0.0             0.0
-0.328	0.3233287	0.3233287	0.3233287           0.0           0.0             0.0
-0.325	0.3242854	0.3242854	0.3242854           0.0           0.0             0.0
-0.322	0.3250335	0.3250335	0.3250335           0.0           0.0             0.0
-0.319	0.3258098	0.3258098	0.3258098          0.0           0.0             0.0 
-0.316	0.326582	0.326582	0.326582            0.0           0.0             0.0
-0.313	0.3273502	0.3273502	0.3273502           0.0           0.0             0.0
-0.31	0.3281482	0.3281482	0.3281482           0.0           0.0             0.0
-0.307	0.328809	0.328809	0.328809            0.0           0.0             0.0
-0.304	0.3292063	0.3292063	0.3292063           0.0           0.0             0.0
-0.301	0.3296009	0.3296009	0.3296009           0.0           0.0             0.0
-0.298	0.3300245	0.3300245	0.3300245           0.0           0.0             0.0
-0.295	0.3304642	0.3304642	0.3304642           0.0           0.0             0.0
-0.292	0.3309055	0.3309055	0.3309055           0.0           0.0             0.0
-0.289	0.3314275	0.3314275	0.3314275           0.0           0.0             0.0
-0.286	0.3320849	0.3320849	0.3320849           0.0           0.0             0.
-0.283	0.332769	0.332769	0.332769            0.0           0.0             0.
-0.28	0.3334551	0.3334551	0.3334551           0.0           0.0             0.
-0.277	0.3341364	0.3341364	0.3341364           0.0           0.0             0.
-0.274	0.3348383	0.3348383	0.3348383           0.0           0.0             0.
-0.271	0.3354328	0.3354328	0.3354328          0.0           0.0             0.0
-0.268	0.3359041	0.3359041	0.3359041           0.0           0.0             0.
-0.265	0.3363723	0.3363723	0.3363723          0.0           0.0             0.0
-0.262	0.3368552	0.3368552	0.3368552           0.0           0.0             0.
-0.259	0.3373469	0.3373469	0.3373469          0.0           0.0             0.0
-0.256	0.3378395	0.3378395	0.3378395           0.0           0.0             0.
-0.253	0.338265	0.338265	0.338265            0.0           0.0             0.
-0.25	0.3386504	0.3386504	0.3386504           0.0           0.0             0.
-0.247	0.3390527	0.3390527	0.3390527           0.0           0.0             0.
-0.244	0.3394618	0.3394618	0.3394618           0.0           0.0             0.
-0.241	0.3398682	0.3398682	0.3398682           0.0           0.0             0.
-0.238	0.3402829	0.3402829	0.3402829           0.0           0.0             0.
-0.235	0.3407561	0.3407561	0.3407561           0.0           0.0             0.
-0.232	0.341257	0.341257	0.341257            0.0           0.0             0.
-0.229	0.3417545	0.3417545	0.3417545           0.0           0.0             0.
-0.226	0.3422585	0.3422585	0.3422585           0.0           0.0             0.
-0.223	0.3427758	0.3427758	0.3427758           0.0           0.0             0.
-0.22	0.3433022	0.3433022	0.3433022           0.0           0.0             0.
-0.217	0.3436196	0.3436196	0.3436196          0.0           0.0             0.0
-0.214	0.3438484	0.3438484	0.3438484           0.0           0.0             0.
-0.211	0.344087	0.344087	0.344087            0.0           0.0             0.
-0.208	0.34433	0.34433	0.34433                             0.0           0.0             0.
-0.205	0.3445714	0.3445714	0.3445714           0.0           0.0             0.
-0.202	0.3448127	0.3448127	0.3448127           0.0           0.0             0.
-0.199	0.3450517	0.3450517	0.3450517           0.0           0.0             0.
-0.196	0.3452798	0.3452798	0.3452798           0.0           0.0             0.
-0.193	0.3455063	0.3455063	0.3455063           0.0           0.0             0.
-0.19	0.3457298	0.3457298	0.3457298           0.0           0.0             0.
-0.187	0.3459481	0.3459481	0.3459481           0.0           0.0             0.
-0.184	0.3461723	0.3461723	0.3461723           0.0           0.0             0.
-0.181	0.346284	0.346284	0.346284            0.0           0.0             0.
-0.178	0.3463696	0.3463696	0.3463696           0.0           0.0             0.
-0.175	0.3464544	0.3464544	0.3464544           0.0           0.0             0.
-0.172	0.3465358	0.3465358	0.3465358           0.0           0.0             0.
-0.169	0.3466163	0.3466163	0.3466163          0.0           0.0             0.0
-0.166	0.3466969	0.3466969	0.3466969           0.0           0.0             0.
-0.163	0.346706	0.346706	0.346706           0.0           0.0             0.0
-0.16	0.3467023	0.3467023	0.3467023           0.0           0.0             0.
-0.157	0.3466972	0.3466972	0.3466972          0.0           0.0             0.0
-0.154	0.3466929	0.3466929	0.3466929           0.0           0.0             0.
-0.151	0.3466946	0.3466946	0.3466946           0.0           0.0             0.
-0.148	0.3467047	0.3467047	0.3467047           0.0           0.0             0.
-0.145	0.3466349	0.3466349	0.3466349           0.0           0.0             0.
-0.142	0.3465603	0.3465603	0.3465603           0.0           0.0             0.
-0.139	0.3464869	0.3464869	0.3464869           0.0           0.0             0.
-0.136	0.3464057	0.3464057	0.3464057           0.0           0.0             0.
-0.133	0.3463176	0.3463176	0.3463176           0.0           0.0             0.
-0.13	0.3462302	0.3462302	0.3462302           0.0           0.0             0.
-0.127	0.3461494	0.3461494	0.3461494           0.0           0.0             0.
-0.124	0.3460709	0.3460709	0.3460709           0.0           0.0             0.
-0.121	0.346002	0.346002	0.346002            0.0           0.0             0.
-0.118	0.3459336	0.3459336	0.3459336           0.0           0.0             0.
-0.115	0.3458635	0.3458635	0.3458635          0.0           0.0             0.0
-0.112	0.3457851	0.3457851	0.3457851           0.0           0.0             0.
-0.109	0.3456447	0.3456447	0.3456447           0.0           0.0             0.
-0.106	0.3455053	0.3455053	0.3455053           0.0           0.0             0.
-0.103	0.3453663	0.3453663	0.3453663           0.0           0.0             0.
-0.1	0.345232	0.345232	0.345232            0.0           0.0             0.
-0.097	0.3451121	0.3451121	0.3451121           0.0           0.0             0.
-0.094	0.3449776	0.3449776	0.3449776           0.0           0.0             0.
-0.091	0.3447442	0.3447442	0.3447442           0.0           0.0             0.
-0.088	0.3445164	0.3445164	0.3445164           0.0           0.0             0.
-0.085	0.3442835	0.3442835	0.3442835           0.0           0.0             0.
-0.082	0.3440522	0.3440522	0.3440522          0.0           0.0             0.0
-0.079	0.3438249	0.3438249	0.3438249          0.0           0.0             0.0
-0.076	0.3435984	0.3435984	0.3435984          0.0           0.0             0.0
-0.073	0.3433458	0.3433458	0.3433458          0.0           0.0             0.0
-0.07	0.3430929	0.3430929	0.3430929          0.0           0.0             0.0
-0.067	0.3428438	0.3428438	0.3428438         0.0           0.0             0.0 
-0.064	0.3425982	0.3425982	0.3425982          0.0           0.0             0.0
-0.061	0.3423714	0.3423714	0.3423714         0.0           0.0             0.0 
-0.058	0.3421458	0.3421458	0.3421458          0.0           0.0             0.0
-0.055	0.341908	0.341908	0.341908          0.0           0.0             0.0 
-0.052	0.3416746	0.3416746	0.3416746          0.0           0.0             0.0
-0.049	0.3414369	0.3414369	0.3414369          0.0           0.0             0.0
-0.046	0.3411971	0.3411971	0.3411971          0.0           0.0             0.0
-0.043	0.340961	0.340961	0.340961           0.0           0.0             0.0
-0.04	0.3406878	0.3406878	0.3406878          0.0           0.0             0.0
-0.037	0.3403302	0.3403302	0.3403302          0.0           0.0             0.0
-0.034	0.3399779	0.3399779	0.3399779          0.0           0.0             0.0
-0.031	0.3396299	0.3396299	0.3396299          0.0           0.0             0.0
-0.028	0.3392915	0.3392915	0.3392915          0.0           0.0             0.0
-0.025	0.3389602	0.3389602	0.3389602          0.0           0.0             0.0
-0.022	0.3386543	0.3386543	0.3386543          0.0           0.0             0.0
-0.019	0.3383902	0.3383902	0.3383902          0.0           0.0             0.0
-0.016	0.3381316	0.3381316	0.3381316          0.0           0.0             0.0
-0.013	0.3378779	0.3378779	0.3378779         0.0           0.0             0.0 
-0.01	0.3376223	0.3376223	0.3376223          0.0           0.0             0.0
-0.007	0.3373688	0.3373688	0.3373688          0.0           0.0             0.0
-0.004	0.3370713	0.3370713	0.3370713          0.0           0.0             0.0
-0.001	0.3367187	0.3367187	0.3367187          0.0           0.0             0.0
0.002	0.3363628	0.3363628	0.3363628          0.0           0.0             0.0
0.005	0.3360098	0.3360098	0.3360098          0.0           0.0             0.0
0.008	0.3356617	0.3356617	0.3356617          0.0           0.0             0.0
0.011	0.3353166	0.3353166	0.3353166          0.0           0.0             0.0
0.014	0.3349812	0.3349812	0.3349812          0.0           0.0             0.0
0.017	0.3346318	0.3346318	0.3346318          0.0           0.0             0.0
0.02	0.3342948	0.3342948	0.3342948          0.0           0.0             0.0
0.023	0.3339744	0.3339744	0.3339744          0.0           0.0             0.0
0.026	0.3336391	0.3336391	0.3336391          0.0           0.0             0.0
0.029	0.3333046	0.3333046	0.3333046          0.0           0.0             0.0
0.032	0.3329996	0.3329996	0.3329996          0.0           0.0             0.0
0.035	0.3327219	0.3327219	0.3327219         0.0           0.0             0.0 
0.038	0.3324407	0.3324407	0.3324407          0.0           0.0             0.0
0.041	0.33216	0.33216	0.33216                           0.0           0.0             0.0 
0.044	0.3318886	0.3318886	0.3318886          0.0           0.0             0.0
0.047	0.3316368	0.3316368	0.3316368         0.0           0.0             0.0 
0.05	0.3313705	0.3313705	0.3313705          0.0           0.0             0.0
0.053	0.3310951	0.3310951	0.3310951          0.0           0.0             0.0
0.056	0.3308145	0.3308145	0.3308145          0.0           0.0             0.0
0.059	0.330533	0.330533	0.330533           0.0           0.0             0.0
0.062	0.3302361	0.3302361	0.3302361          0.0           0.0             0.0
0.065	0.3299272	0.3299272	0.3299272          0.0           0.0             0.0
0.068	0.3296045	0.3296045	0.3296045          0.0           0.0             0.0
0.071	0.329261	0.329261	0.329261           0.0           0.0             0.0
0.074	0.3289254	0.3289254	0.3289254          0.0           0.0             0.0
0.077	0.328603	0.328603	0.328603           0.0           0.0             0.0
0.08	0.328272	0.328272	0.328272           0.0           0.0             0.0
0.083	0.3279297	0.3279297	0.3279297          0.0           0.0             0.0
0.086	0.3275496	0.3275496	0.3275496          0.0           0.0             0.0
0.089	0.327159	0.327159	0.327159          0.0           0.0             0.0 
0.092	0.3267719	0.3267719	0.3267719          0.0           0.0             0.0
0.095	0.326384	0.326384	0.326384           0.0           0.0             0.0
0.098	0.3259986	0.3259986	0.3259986          0.0           0.0             0.0
0.101	0.3256208	0.3256208	0.3256208          0.0           0.0             0.0
0.104	0.3252506	0.3252506	0.3252506          0.0           0.0             0.0
0.107	0.3248765	0.3248765	0.3248765          0.0           0.0             0.0
0.11	0.3245	0.3245	0.3245                             0.0           0.0             0.0
0.113	0.324104	0.324104	0.324104           0.0           0.0             0.0
0.116	0.3237036	0.3237036	0.3237036          0.0           0.0             0.0
0.119	0.3232957	0.3232957	0.3232957          0.0           0.0             0.0
0.122	0.3228729	0.3228729	0.3228729          0.0           0.0             0.0
0.125	0.3224712	0.3224712	0.3224712          0.0           0.0             0.0
0.128	0.3220651	0.3220651	0.3220651          0.0           0.0             0.0
0.131	0.3216451	0.3216451	0.3216451          0.0           0.0             0.0
0.134	0.3212237	0.3212237	0.3212237          0.0           0.0             0.0
0.137	0.3207983	0.3207983	0.3207983         0.0           0.0             0.0 
0.14	0.3203608	0.3203608	0.3203608          0.0           0.0             0.0
0.143	0.3199168	0.3199168	0.3199168         0.0           0.0             0.0 
0.146	0.3194742	0.3194742	0.3194742          0.0           0.0             0.0
0.149	0.3190381	0.3190381	0.3190381         0.0           0.0             0.0 
0.152	0.3186078	0.3186078	0.3186078          0.0           0.0             0.0
0.155	0.318184	0.318184	0.318184           0.0           0.0             0.0
0.158	0.3177559	0.3177559	0.3177559          0.0           0.0             0.0
0.161	0.3173284	0.3173284	0.3173284          0.0           0.0             0.0
0.164	0.3169035	0.3169035	0.3169035          0.0           0.0             0.0
0.167	0.3164867	0.3164867	0.3164867          0.0           0.0             0.0
0.17	0.3160741	0.3160741	0.3160741          0.0           0.0             0.0
0.173	0.3156646	0.3156646	0.3156646          0.0           0.0             0.0
0.176	0.3152544	0.3152544	0.3152544          0.0           0.0             0.0
0.179	0.3148272	0.3148272	0.3148272          0.0           0.0             0.0
0.182	0.3143935	0.3143935	0.3143935          0.0           0.0             0.0
0.185	0.313963	0.313963	0.313963           0.0           0.0             0.0
0.188	0.3135336	0.3135336	0.3135336          0.0           0.0             0.0
0.191	0.31306	0.31306	0.31306                           0.0           0.0             0.0 
0.194	0.312567	0.312567	0.312567           0.0           0.0             0.0
0.197	0.3120785	0.3120785	0.3120785          0.0           0.0             0.0
0.2	0.3115973	0.3115973	0.3115973          0.0           0.0             0.0
0.203	0.3110879	0.3110879	0.3110879          0.0           0.0             0.0
0.206	0.3105647	0.3105647	0.3105647          0.0           0.0             0.0
0.209	0.3100433	0.3100433	0.3100433          0.0           0.0             0.0
0.212	0.3095142	0.3095142	0.3095142          0.0           0.0             0.0
0.215	0.309004	0.309004	0.309004           0.0           0.0             0.0
0.218	0.3084974	0.3084974	0.3084974          0.0           0.0             0.0
0.221	0.3079943	0.3079943	0.3079943          0.0           0.0             0.0
0.224	0.3075006	0.3075006	0.3075006          0.0           0.0             0.0
0.227	0.3070405	0.3070405	0.3070405          0.0           0.0             0.0
0.23	0.3065928	0.3065928	0.3065928          0.0           0.0             0.0
0.233	0.3061482	0.3061482	0.3061482          0.0           0.0             0.0
0.236	0.3057018	0.3057018	0.3057018          0.0           0.0             0.0
0.239	0.3052523	0.3052523	0.3052523         0.0           0.0             0.0 
0.242	0.3048011	0.3048011	0.3048011          0.0           0.0             0.0
0.245	0.3043529	0.3043529	0.3043529         0.0           0.0             0.0 
0.248	0.3039131	0.3039131	0.3039131          0.0           0.0             0.0
0.251	0.3034361	0.3034361	0.3034361         0.0           0.0             0.0 
0.254	0.302929	0.302929	0.302929           0.0           0.0             0.0
0.257	0.3024236	0.3024236	0.3024236          0.0           0.0             0.0
0.26	0.3019088	0.3019088	0.3019088          0.0           0.0             0.0
0.263	0.3013586	0.3013586	0.3013586          0.0           0.0             0.0
0.266	0.3007771	0.3007771	0.3007771          0.0           0.0             0.0
0.269	0.3001965	0.3001965	0.3001965          0.0           0.0             0.0
0.272	0.2996319	0.2996319	0.2996319          0.0           0.0             0.0
0.275	0.2990934	0.2990934	0.2990934          0.0           0.0             0.0
0.278	0.2985727	0.2985727	0.2985727          0.0           0.0             0.0
0.281	0.2980575	0.2980575	0.2980575          0.0           0.0             0.0
0.284	0.2975445	0.2975445	0.2975445          0.0           0.0             0.0
0.287	0.2970715	0.2970715	0.2970715          0.0           0.0             0.0
0.29	0.2966636	0.2966636	0.2966636          0.0           0.0             0.0
0.293	0.2962664	0.2962664	0.2962664         0.0           0.0             0.0 
0.296	0.2958687	0.2958687	0.2958687          0.0           0.0             0.0
0.299	0.2955163	0.2955163	0.2955163          0.0           0.0             0.0
0.302	0.2952336	0.2952336	0.2952336          0.0           0.0             0.0
0.305	0.2949583	0.2949583	0.2949583          0.0           0.0             0.0
0.308	0.2946864	0.2946864	0.2946864          0.0           0.0             0.0
0.311	0.2944217	0.2944217	0.2944217          0.0           0.0             0.0
0.314	0.2941401	0.2941401	0.2941401          0.0           0.0             0.0
0.317	0.293815	0.293815	0.293815           0.0           0.0             0.0
0.32	0.2934651	0.2934651	0.2934651          0.0           0.0             0.0
0.323	0.2930862	0.2930862	0.2930862          0.0           0.0             0.0
0.326	0.2926476	0.2926476	0.2926476          0.0           0.0             0.0
0.329	0.2921946	0.2921946	0.2921946          0.0           0.0             0.0
0.332	0.2917448	0.2917448	0.2917448          0.0           0.0             0.0
0.335	0.291304	0.291304	0.291304           0.0           0.0             0.0
0.338	0.290827	0.290827	0.290827           0.0           0.0             0.0
0.341	0.2903434	0.2903434	0.2903434         0.0           0.0             0.0 
0.344	0.289863	0.289863	0.289863           0.0           0.0             0.0
0.347	0.2893855	0.2893855	0.2893855         0.0           0.0             0.0 
0.35	0.2888928	0.2888928	0.2888928          0.0           0.0             0.0
0.353	0.2884033	0.2884033	0.2884033         0.0           0.0             0.0 
0.356	0.2879174	0.2879174	0.2879174          0.0           0.0             0.0
0.359	0.287429	0.287429	0.287429           0.0           0.0             0.0
0.362	0.2869439	0.2869439	0.2869439          0.0           0.0             0.0
0.365	0.2864648	0.2864648	0.2864648          0.0           0.0             0.0
0.368	0.2859889	0.2859889	0.2859889          0.0           0.0             0.0
0.371	0.2855207	0.2855207	0.2855207          0.0           0.0             0.0
0.374	0.2850741	0.2850741	0.2850741          0.0           0.0             0.0
0.377	0.2846257	0.2846257	0.2846257          0.0           0.0             0.0
0.38	0.2841805	0.2841805	0.2841805          0.0           0.0             0.0
0.383	0.2837384	0.2837384	0.2837384          0.0           0.0             0.0
0.386	0.2833123	0.2833123	0.2833123          0.0           0.0             0.0
0.389	0.2828939	0.2828939	0.2828939          0.0           0.0             0.0
0.392	0.2824803	0.2824803	0.2824803          0.0           0.0             0.0
0.395	0.2820662	0.2820662	0.2820662         0.0           0.0             0.0 
0.398	0.2816472	0.2816472	0.2816472          0.0           0.0             0.0
0.401	0.2812458	0.2812458	0.2812458          0.0           0.0             0.0
0.404	0.2808472	0.2808472	0.2808472          0.0           0.0             0.0
0.407	0.2804431	0.2804431	0.2804431          0.0           0.0             0.0
0.41	0.2800278	0.2800278	0.2800278          0.0           0.0             0.0
0.413	0.2796528	0.2796528	0.2796528          0.0           0.0             0.0
0.416	0.2792803	0.2792803	0.2792803          0.0           0.0             0.0
0.419	0.2789107	0.2789107	0.2789107          0.0           0.0             0.0
0.422	0.278541	0.278541	0.278541           0.0           0.0             0.0
0.425	0.2782027	0.2782027	0.2782027          0.0           0.0             0.0
0.428	0.2778675	0.2778675	0.2778675           0.0           0.0             0.
0.431	0.2775345	0.2775345	0.2775345           0.0           0.0             0.
0.434	0.2772159	0.2772159	0.2772159           0.0           0.0             0.
0.437	0.2768883	0.2768883	0.2768883           0.0           0.0             0.
0.44	0.2765611	0.2765611	0.2765611           0.0           0.0             0.
0.443	0.2762374	0.2762374	0.2762374          0.0           0.0             0.0
0.446	0.275942	0.275942	0.275942            0.0           0.0             0.
0.449	0.2756101	0.2756101	0.2756101          0.0           0.0             0.0
0.452	0.2752689	0.2752689	0.2752689           0.0           0.0             0.
0.455	0.2749301	0.2749301	0.2749301          0.0           0.0             0.0
0.458	0.2746002	0.2746002	0.2746002           0.0           0.0             0.
0.461	0.2742405	0.2742405	0.2742405           0.0           0.0             0.
0.464	0.2738716	0.2738716	0.2738716           0.0           0.0             0.
0.467	0.2735053	0.2735053	0.2735053           0.0           0.0             0.
0.47	0.2731302	0.2731302	0.2731302           0.0           0.0             0.
0.473	0.2727354	0.2727354	0.2727354           0.0           0.0             0.
0.476	0.2723435	0.2723435	0.2723435           0.0           0.0             0.
0.479	0.2719554	0.2719554	0.2719554           0.0           0.0             0.
0.482	0.2715446	0.2715446	0.2715446           0.0           0.0             0.
0.485	0.2711104	0.2711104	0.2711104           0.0           0.0             0.
0.488	0.2706916	0.2706916	0.2706916           0.0           0.0             0.
0.491	0.2702757	0.2702757	0.2702757           0.0           0.0             0.
0.494	0.2698685	0.2698685	0.2698685           0.0           0.0             0.
0.497	0.2694986	0.2694986	0.2694986          0.0           0.0             0.0
0.5	0.2691447	0.2691447	0.2691447           0.0           0.0             0.
0.503	0.2687933	0.2687933	0.2687933           0.0           0.0             0.
0.506	0.268456	0.268456	0.268456            0.0           0.0             0.
0.509	0.2681931	0.2681931	0.2681931           0.0           0.0             0.
0.512	0.267943	0.267943	0.267943            0.0           0.0             0.
0.515	0.2676956	0.2676956	0.2676956           0.0           0.0             0.
0.518	0.2674539	0.2674539	0.2674539           0.0           0.0             0.
0.521	0.2672561	0.2672561	0.2672561           0.0           0.0             0.
0.524	0.2670585	0.2670585	0.2670585           0.0           0.0             0.
0.527	0.2668624	0.2668624	0.2668624           0.0           0.0             0.
0.53	0.2666675	0.2666675	0.2666675           0.0           0.0             0.
0.533	0.2664208	0.2664208	0.2664208           0.0           0.0             0.
0.536	0.2661591	0.2661591	0.2661591           0.0           0.0             0.
0.539	0.2658991	0.2658991	0.2658991           0.0           0.0             0.
0.542	0.265641	0.265641	0.265641            0.0           0.0             0.
0.545	0.2652976	0.2652976	0.2652976          0.0           0.0             0.0
0.548	0.2649295	0.2649295	0.2649295           0.0           0.0             0.
0.551	0.264565	0.264565	0.264565           0.0           0.0             0.0
0.554	0.264203	0.264203	0.264203            0.0           0.0             0.
0.557	0.2638245	0.2638245	0.2638245          0.0           0.0             0.0
0.56	0.2634486	0.2634486	0.2634486           0.0           0.0             0.
0.563	0.2630753	0.2630753	0.2630753           0.0           0.0             0.
0.566	0.2627054	0.2627054	0.2627054           0.0           0.0             0.
0.569	0.2624026	0.2624026	0.2624026           0.0           0.0             0.
0.572	0.262149	0.262149	0.262149            0.0           0.0             0.
0.575	0.2618971	0.2618971	0.2618971           0.0           0.0             0.
0.578	0.261647	0.261647	0.261647            0.0           0.0             0.
0.581	0.2614713	0.2614713	0.2614713           0.0           0.0             0.
0.584	0.2613617	0.2613617	0.2613617           0.0           0.0             0.
0.587	0.2612535	0.2612535	0.2612535           0.0           0.0             0.
0.59	0.2611461	0.2611461	0.2611461           0.0           0.0             0.
0.593	0.2610426	0.2610426	0.2610426           0.0           0.0             0.
0.596	0.2609308	0.2609308	0.2609308           0.0           0.0             0.
0.599	0.2608198	0.2608198	0.2608198          0.0           0.0             0.0
0.602	0.2607103	0.2607103	0.2607103           0.0           0.0             0.
0.605	0.2605681	0.2605681	0.2605681           0.0           0.0             0.
0.608	0.2603704	0.2603704	0.2603704           0.0           0.0             0.
0.611	0.260174	0.260174	0.260174            0.0           0.0             0.
0.614	0.259979	0.259979	0.259979            0.0           0.0             0.
0.617	0.2597437	0.2597437	0.2597437           0.0           0.0             0.
0.62	0.2594292	0.2594292	0.2594292           0.0           0.0             0.
0.623	0.259115	0.259115	0.259115            0.0           0.0             0.
0.626	0.258803	0.258803	0.258803            0.0           0.0             0.
0.629	0.2584582	0.2584582	0.2584582           0.0           0.0             0.
0.632	0.2580544	0.2580544	0.2580544          0.0           0.0             0.0
0.635	0.2576495	0.2576495	0.2576495          0.0           0.0             0.0
0.638	0.2572481	0.2572481	0.2572481          0.0           0.0             0.0
0.641	0.2568357	0.2568357	0.2568357          0.0           0.0             0.0
0.644	0.2563747	0.2563747	0.2563747          0.0           0.0             0.0
0.647	0.2559111	0.2559111	0.2559111         0.0           0.0             0.0 
0.65	0.2554506	0.2554506	0.2554506          0.0           0.0             0.0
0.653	0.2550103	0.2550103	0.2550103         0.0           0.0             0.0 
0.656	0.2546378	0.2546378	0.2546378          0.0           0.0             0.0
0.659	0.2542761	0.2542761	0.2542761         0.0           0.0             0.0 
0.662	0.2539169	0.2539169	0.2539169          0.0           0.0             0.0
0.665	0.2535913	0.2535913	0.2535913          0.0           0.0             0.0
0.668	0.2534304	0.2534304	0.2534304          0.0           0.0             0.0
0.671	0.2532931	0.2532931	0.2532931          0.0           0.0             0.0
0.674	0.2531574	0.2531574	0.2531574          0.0           0.0             0.0
0.677	0.2530363	0.2530363	0.2530363          0.0           0.0             0.0
0.68	0.2530265	0.2530265	0.2530265          0.0           0.0             0.0
0.683	0.2530335	0.2530335	0.2530335          0.0           0.0             0.0
0.686	0.2530406	0.2530406	0.2530406          0.0           0.0             0.0
0.689	0.2530451	0.2530451	0.2530451          0.0           0.0             0.0
0.692	0.2530116	0.2530116	0.2530116          0.0           0.0             0.0
0.695	0.2529752	0.2529752	0.2529752          0.0           0.0             0.0
0.698	0.252939	0.252939	0.252939           0.0           0.0             0.0
0.701	0.2529031	0.2529031	0.2529031         0.0           0.0             0.0 
0.704	0.2527157	0.2527157	0.2527157          0.0           0.0             0.0
0.707	0.2524994	0.2524994	0.2524994          0.0           0.0             0.0
0.71	0.2522852	0.2522852	0.2522852          0.0           0.0             0.0
0.713	0.2520726	0.2520726	0.2520726          0.0           0.0             0.0
0.716	0.2517638	0.2517638	0.2517638          0.0           0.0             0.0
0.719	0.2514222	0.2514222	0.2514222          0.0           0.0             0.0
0.722	0.251083	0.251083	0.251083           0.0           0.0             0.0
0.725	0.2507461	0.2507461	0.2507461          0.0           0.0             0.0
0.728	0.2503939	0.2503939	0.2503939          0.0           0.0             0.0
0.731	0.2500358	0.2500358	0.2500358          0.0           0.0             0.0
0.734	0.2496802	0.2496802	0.2496802          0.0           0.0             0.0
0.737	0.249327	0.249327	0.249327           0.0           0.0             0.0
0.74	0.2490109	0.2490109	0.2490109          0.0           0.0             0.0
0.743	0.2487165	0.2487165	0.2487165          0.0           0.0             0.0
0.746	0.2484247	0.2484247	0.2484247          0.0           0.0             0.0
0.749	0.2481349	0.2481349	0.2481349         0.0           0.0             0.0 
0.752	0.247903	0.247903	0.247903           0.0           0.0             0.0
0.755	0.247716	0.247716	0.247716          0.0           0.0             0.0 
0.758	0.2475308	0.2475308	0.2475308          0.0           0.0             0.0
0.761	0.2473471	0.2473471	0.2473471         0.0           0.0             0.0 
0.764	0.247216	0.247216	0.247216           0.0           0.0             0.0
0.767	0.247139	0.247139	0.247139           0.0           0.0             0.0
0.77	0.2470646	0.2470646	0.2470646          0.0           0.0             0.0
0.773	0.2469908	0.2469908	0.2469908          0.0           0.0             0.0
0.776	0.2469215	0.2469215	0.2469215          0.0           0.0             0.0
0.779	0.2468565	0.2468565	0.2468565          0.0           0.0             0.0
0.782	0.2467884	0.2467884	0.2467884          0.0           0.0             0.0
0.785	0.2467207	0.2467207	0.2467207          0.0           0.0             0.0
0.788	0.2466193	0.2466193	0.2466193          0.0           0.0             0.0
0.791	0.2464594	0.2464594	0.2464594          0.0           0.0             0.0
0.794	0.2463013	0.2463013	0.2463013          0.0           0.0             0.0
0.797	0.2461446	0.2461446	0.2461446          0.0           0.0             0.0
0.8	0.2459568	0.2459568	0.2459568          0.0           0.0             0.0
0.803	0.2456934	0.2456934	0.2456934         0.0           0.0             0.0 
0.806	0.2454281	0.2454281	0.2454281          0.0           0.0             0.0
0.809	0.2451647	0.2451647	0.2451647          0.0           0.0             0.0
0.812	0.2448998	0.2448998	0.2448998          0.0           0.0             0.0
0.815	0.2446204	0.2446204	0.2446204          0.0           0.0             0.0
0.818	0.2443456	0.2443456	0.2443456          0.0           0.0             0.0
0.821	0.2440726	0.2440726	0.2440726          0.0           0.0             0.0
0.824	0.2438134	0.2438134	0.2438134          0.0           0.0             0.0
0.827	0.2435951	0.2435951	0.2435951          0.0           0.0             0.0
0.83	0.2433769	0.2433769	0.2433769          0.0           0.0             0.0
0.833	0.2431574	0.2431574	0.2431574          0.0           0.0             0.0
0.836	0.2429405	0.2429405	0.2429405          0.0           0.0             0.0
0.839	0.242753	0.242753	0.242753           0.0           0.0             0.0
0.842	0.2425708	0.2425708	0.2425708          0.0           0.0             0.0
0.845	0.2423899	0.2423899	0.2423899          0.0           0.0             0.0
0.848	0.2422076	0.2422076	0.2422076          0.0           0.0             0.0
0.851	0.242014	0.242014	0.242014          0.0           0.0             0.0 
0.854	0.2418263	0.2418263	0.2418263          0.0           0.0             0.0
0.857	0.2416399	0.2416399	0.2416399         0.0           0.0             0.0 
0.86	0.2414531	0.2414531	0.2414531          0.0           0.0             0.0
0.863	0.2412399	0.2412399	0.2412399         0.0           0.0             0.0 
0.866	0.2410272	0.2410272	0.2410272          0.0           0.0             0.0
0.869	0.2408151	0.2408151	0.2408151          0.0           0.0             0.0
0.872	0.2406046	0.2406046	0.2406046          0.0           0.0             0.0
0.875	0.240421	0.240421	0.240421           0.0           0.0             0.0
0.878	0.2402474	0.2402474	0.2402474          0.0           0.0             0.0
0.881	0.2400776	0.2400776	0.2400776          0.0           0.0             0.0
0.884	0.239909	0.239909	0.239909           0.0           0.0             0.0
0.887	0.2398181	0.2398181	0.2398181          0.0           0.0             0.0
0.89	0.2397462	0.2397462	0.2397462          0.0           0.0             0.0
0.893	0.2396732	0.2396732	0.2396732          0.0           0.0             0.0
0.896	0.2396007	0.2396007	0.2396007          0.0           0.0             0.0
0.899	0.2395798	0.2395798	0.2395798          0.0           0.0             0.0
0.902	0.2395771	0.2395771	0.2395771          0.0           0.0             0.0
0.905	0.2395735	0.2395735	0.2395735         0.0           0.0             0.0 
0.908	0.2395701	0.2395701	0.2395701          0.0           0.0             0.0
0.911	0.2395483	0.2395483	0.2395483          0.0           0.0             0.0
0.914	0.2395153	0.2395153	0.2395153          0.0           0.0             0.0
0.917	0.2394895	0.2394895	0.2394895          0.0           0.0             0.0
0.92	0.2394638	0.2394638	0.2394638          0.0           0.0             0.0
0.923	0.239377	0.239377	0.239377           0.0           0.0             0.0
0.926	0.2392402	0.2392402	0.2392402          0.0           0.0             0.0
0.929	0.2390998	0.2390998	0.2390998          0.0           0.0             0.0
0.932	0.2389603	0.2389603	0.2389603          0.0           0.0             0.0
0.935	0.2387826	0.2387826	0.2387826          0.0           0.0             0.0
0.938	0.2385622	0.2385622	0.2385622          0.0           0.0             0.0
0.941	0.2383372	0.2383372	0.2383372          0.0           0.0             0.0
0.944	0.2381133	0.2381133	0.2381133          0.0           0.0             0.0
0.947	0.2378827	0.2378827	0.2378827          0.0           0.0             0.0
0.95	0.2376419	0.2376419	0.2376419          0.0           0.0             0.0
0.953	0.2374065	0.2374065	0.2374065         0.0           0.0             0.0 
0.956	0.2371737	0.2371737	0.2371737          0.0           0.0             0.0
0.959	0.2369505	0.2369505	0.2369505         0.0           0.0             0.0 
0.962	0.236747	0.236747	0.236747           0.0           0.0             0.0
0.965	0.2365449	0.2365449	0.2365449         0.0           0.0             0.0 
0.968	0.2363443	0.2363443	0.2363443          0.0           0.0             0.0
0.971	0.2361552	0.2361552	0.2361552          0.0           0.0             0.0
0.974	0.2359977	0.2359977	0.2359977          0.0           0.0             0.0
0.977	0.23584	0.23584	0.23584                            0.0           0.0             0.0
0.98	0.2356822	0.2356822	0.2356822          0.0           0.0             0.0
0.983	0.2355351	0.2355351	0.2355351          0.0           0.0             0.0
0.986	0.2354238	0.2354238	0.2354238          0.0           0.0             0.0
0.989	0.2353144	0.2353144	0.2353144          0.0           0.0             0.0
0.992	0.2352067	0.2352067	0.2352067          0.0           0.0             0.0
0.995	0.2351019	0.2351019	0.2351019          0.0           0.0             0.0
0.998	0.2350069	0.2350069	0.2350069          0.0           0.0             0.0
1.001	0.2349149	0.2349149	0.2349149          0.0           0.0             0.0
1.004	0.2348277	0.2348277	0.2348277          0.0           0.0             0.0
1.007	0.2347343	0.2347343	0.2347343         0.0           0.0             0.0 
1.01	0.2346023	0.2346023	0.2346023          0.0           0.0             0.0
1.013	0.2344722	0.2344722	0.2344722          0.0           0.0             0.0
1.016	0.2343383	0.2343383	0.2343383          0.0           0.0             0.0
1.019	0.2342014	0.2342014	0.2342014          0.0           0.0             0.0
1.022	0.2340166	0.2340166	0.2340166          0.0           0.0             0.0
1.025	0.233829	0.233829	0.233829           0.0           0.0             0.0
1.028	0.2336407	0.2336407	0.2336407          0.0           0.0             0.0
1.031	0.2334506	0.2334506	0.2334506          0.0           0.0             0.0
1.034	0.2332685	0.2332685	0.2332685          0.0           0.0             0.0
1.037	0.2330884	0.2330884	0.2330884          0.0           0.0             0.0
1.04	0.2329114	0.2329114	0.2329114          0.0           0.0             0.0
1.043	0.2327356	0.2327356	0.2327356          0.0           0.0             0.0
1.046	0.2326371	0.2326371	0.2326371          0.0           0.0             0.0
1.049	0.2325501	0.2325501	0.2325501          0.0           0.0             0.0
1.052	0.2324626	0.2324626	0.2324626          0.0           0.0             0.0
1.055	0.2323754	0.2323754	0.2323754         0.0           0.0             0.0 
1.058	0.2323595	0.2323595	0.2323595          0.0           0.0             0.0
1.061	0.2323618	0.2323618	0.2323618         0.0           0.0             0.0 
1.064	0.2323655	0.2323655	0.2323655          0.0           0.0             0.0
1.067	0.2323698	0.2323698	0.2323698         0.0           0.0             0.0 
1.07	0.2323811	0.2323811	0.2323811          0.0           0.0             0.0
1.073	0.2323946	0.2323946	0.2323946          0.0           0.0             0.0
1.076	0.2324091	0.2324091	0.2324091          0.0           0.0             0.0
1.079	0.2324242	0.2324242	0.2324242          0.0           0.0             0.0
1.082	0.2323931	0.2323931	0.2323931          0.0           0.0             0.0
1.085	0.2323383	0.2323383	0.2323383          0.0           0.0             0.0
1.088	0.232282	0.232282	0.232282           0.0           0.0             0.0
1.091	0.2322238	0.2322238	0.2322238          0.0           0.0             0.0
1.094	0.2321312	0.2321312	0.2321312          0.0           0.0             0.0
1.097	0.2320144	0.2320144	0.2320144          0.0           0.0             0.0
1.1	0.2318999	0.2318999	0.2318999          0.0           0.0             0.0
1.103	0.2317892	0.2317892	0.2317892          0.0           0.0             0.0
1.106	0.231668	0.231668	0.231668           0.0           0.0             0.0
1.109	0.2315371	0.2315371	0.2315371         0.0           0.0             0.0 
1.112	0.2314059	0.2314059	0.2314059          0.0           0.0             0.0
1.115	0.2312719	0.2312719	0.2312719          0.0           0.0             0.0
1.118	0.2311363	0.2311363	0.2311363          0.0           0.0             0.0
1.121	0.2309981	0.2309981	0.2309981          0.0           0.0             0.0
1.124	0.2308608	0.2308608	0.2308608          0.0           0.0             0.0
1.127	0.230724	0.230724	0.230724           0.0           0.0             0.0
1.13	0.2305911	0.2305911	0.2305911          0.0           0.0             0.0
1.133	0.2304629	0.2304629	0.2304629          0.0           0.0             0.0
1.136	0.2303357	0.2303357	0.2303357          0.0           0.0             0.0
1.139	0.2302092	0.2302092	0.2302092          0.0           0.0             0.0
1.142	0.2300855	0.2300855	0.2300855           0.0           0.0             0.
1.145	0.2299659	0.2299659	0.2299659           0.0           0.0             0.
1.148	0.2298471	0.2298471	0.2298471           0.0           0.0             0.
1.151	0.229733	0.229733	0.229733            0.0           0.0             0.
1.154	0.2296231	0.2296231	0.2296231           0.0           0.0             0.
1.157	0.22952	0.22952	0.22952                            0.0           0.0             0.0
1.16	0.2294176	0.2294176	0.2294176           0.0           0.0             0.
1.163	0.2293129	0.2293129	0.2293129          0.0           0.0             0.0
1.166	0.2292065	0.2292065	0.2292065           0.0           0.0             0.
1.169	0.2291	0.2291	0.2291                             0.0           0.0             0.0
1.172	0.2289944	0.2289944	0.2289944           0.0           0.0             0.
1.175	0.2288918	0.2288918	0.2288918           0.0           0.0             0.
1.178	0.2287906	0.2287906	0.2287906           0.0           0.0             0.
1.181	0.2286888	0.2286888	0.2286888           0.0           0.0             0.
1.184	0.2285879	0.2285879	0.2285879           0.0           0.0             0.
1.187	0.2284867	0.2284867	0.2284867           0.0           0.0             0.
1.19	0.2283853	0.2283853	0.2283853           0.0           0.0             0.
1.193	0.2282873	0.2282873	0.2282873           0.0           0.0             0.
1.196	0.22819	0.22819	0.22819                             0.0           0.0             0.
1.199	0.2280929	0.2280929	0.2280929           0.0           0.0             0.
1.202	0.2279956	0.2279956	0.2279956           0.0           0.0             0.
1.205	0.2279151	0.2279151	0.2279151           0.0           0.0             0.
1.208	0.2278356	0.2278356	0.2278356           0.0           0.0             0.
1.211	0.227757	0.227757	0.227757           0.0           0.0             0.0
1.214	0.2276796	0.2276796	0.2276796           0.0           0.0             0.
1.217	0.2276156	0.2276156	0.2276156           0.0           0.0             0.
1.22	0.2275539	0.2275539	0.2275539           0.0           0.0             0.
1.223	0.2274925	0.2274925	0.2274925           0.0           0.0             0.
1.226	0.2274321	0.2274321	0.2274321           0.0           0.0             0.
1.229	0.2273657	0.2273657	0.2273657           0.0           0.0             0.
1.232	0.2272993	0.2272993	0.2272993           0.0           0.0             0.
1.235	0.2272334	0.2272334	0.2272334           0.0           0.0             0.
1.238	0.2271688	0.2271688	0.2271688           0.0           0.0             0.
1.241	0.2270893	0.2270893	0.2270893           0.0           0.0             0.
1.244	0.2270063	0.2270063	0.2270063           0.0           0.0             0.
1.247	0.2269238	0.2269238	0.2269238           0.0           0.0             0.
1.25	0.2268398	0.2268398	0.2268398           0.0           0.0             0.
1.253	0.2267533	0.2267533	0.2267533           0.0           0.0             0.
1.256	0.2266663	0.2266663	0.2266663           0.0           0.0             0.
1.259	0.22658	0.22658	0.22658                            0.0           0.0             0.0
1.262	0.226495	0.226495	0.226495            0.0           0.0             0.
1.265	0.2264278	0.2264278	0.2264278          0.0           0.0             0.0
1.268	0.2263713	0.2263713	0.2263713           0.0           0.0             0.
1.271	0.2263152	0.2263152	0.2263152          0.0           0.0             0.0
1.274	0.2262593	0.2262593	0.2262593           0.0           0.0             0.
1.277	0.2262149	0.2262149	0.2262149           0.0           0.0             0.
1.28	0.2261793	0.2261793	0.2261793           0.0           0.0             0.
1.283	0.2261439	0.2261439	0.2261439           0.0           0.0             0.
1.286	0.2261095	0.2261095	0.2261095           0.0           0.0             0.
1.289	0.2260609	0.2260609	0.2260609           0.0           0.0             0.
1.292	0.2259927	0.2259927	0.2259927           0.0           0.0             0.
1.295	0.2259249	0.2259249	0.2259249           0.0           0.0             0.
1.298	0.2258568	0.2258568	0.2258568           0.0           0.0             0.
1.301	0.2257584	0.2257584	0.2257584           0.0           0.0             0.
1.304	0.2256143	0.2256143	0.2256143           0.0           0.0             0.
1.307	0.2254711	0.2254711	0.2254711           0.0           0.0             0.
1.31	0.2253289	0.2253289	0.2253289           0.0           0.0             0.
1.313	0.225178	0.225178	0.225178           0.0           0.0             0.0
1.316	0.225009	0.225009	0.225009            0.0           0.0             0.
1.319	0.2248411	0.2248411	0.2248411           0.0           0.0             0.
1.322	0.2246742	0.2246742	0.2246742           0.0           0.0             0.
1.325	0.2245265	0.2245265	0.2245265           0.0           0.0             0.
1.328	0.2244396	0.2244396	0.2244396           0.0           0.0             0.
1.331	0.2243533	0.2243533	0.2243533           0.0           0.0             0.
1.334	0.2242677	0.2242677	0.2242677           0.0           0.0             0.
1.337	0.2242082	0.2242082	0.2242082           0.0           0.0             0.
1.34	0.2242592	0.2242592	0.2242592           0.0           0.0             0.
1.343	0.2243099	0.2243099	0.2243099           0.0           0.0             0.
1.346	0.2243603	0.2243603	0.2243603          0.0           0.0             0.0
1.349	0.2244121	0.2244121	0.2244121          0.0           0.0             0.0
1.352	0.2244906	0.2244906	0.2244906          0.0           0.0             0.0
1.355	0.2245685	0.2245685	0.2245685          0.0           0.0             0.0
1.358	0.2246459	0.2246459	0.2246459          0.0           0.0             0.0
1.361	0.2247174	0.2247174	0.2247174         0.0           0.0             0.0 
1.364	0.2246917	0.2246917	0.2246917          0.0           0.0             0.0
1.367	0.2246648	0.2246648	0.2246648         0.0           0.0             0.0 
1.37	0.2246381	0.2246381	0.2246381          0.0           0.0             0.0
1.373	0.2246116	0.2246116	0.2246116         0.0           0.0             0.0 
1.376	0.2244638	0.2244638	0.2244638          0.0           0.0             0.0
1.379	0.2243114	0.2243114	0.2243114          0.0           0.0             0.0
1.382	0.22416	0.22416	0.22416                            0.0           0.0             0.0
1.385	0.2240096	0.2240096	0.2240096          0.0           0.0             0.0
1.388	0.2238263	0.2238263	0.2238263          0.0           0.0             0.0
1.391	0.2236394	0.2236394	0.2236394          0.0           0.0             0.0
1.394	0.2234537	0.2234537	0.2234537          0.0           0.0             0.0
1.397	0.2232698	0.2232698	0.2232698          0.0           0.0             0.0
1.4	0.2231277	0.2231277	0.2231277          0.0           0.0             0.0
1.403	0.2229949	0.2229949	0.2229949          0.0           0.0             0.0
1.406	0.2228631	0.2228631	0.2228631          0.0           0.0             0.0
1.409	0.2227318	0.2227318	0.2227318          0.0           0.0             0.0
1.412	0.2226503	0.2226503	0.2226503          0.0           0.0             0.0
1.415	0.2225862	0.2225862	0.2225862         0.0           0.0             0.0 
1.418	0.2225225	0.2225225	0.2225225          0.0           0.0             0.0
1.421	0.2224595	0.2224595	0.2224595          0.0           0.0             0.0
1.424	0.2224327	0.2224327	0.2224327          0.0           0.0             0.0
1.427	0.2224232	0.2224232	0.2224232          0.0           0.0             0.0
1.43	0.2224138	0.2224138	0.2224138          0.0           0.0             0.0
1.433	0.2224044	0.2224044	0.2224044          0.0           0.0             0.0
1.436	0.2224103	0.2224103	0.2224103          0.0           0.0             0.0
1.439	0.2224281	0.2224281	0.2224281          0.0           0.0             0.0
1.442	0.2224458	0.2224458	0.2224458          0.0           0.0             0.0
1.445	0.2224634	0.2224634	0.2224634          0.0           0.0             0.0
1.448	0.2224738	0.2224738	0.2224738          0.0           0.0             0.0
1.451	0.2224791	0.2224791	0.2224791          0.0           0.0             0.0
1.454	0.2224844	0.2224844	0.2224844          0.0           0.0             0.0
1.457	0.2224896	0.2224896	0.2224896          0.0           0.0             0.0
1.46	0.2224754	0.2224754	0.2224754          0.0           0.0             0.0
1.463	0.2224372	0.2224372	0.2224372         0.0           0.0             0.0 
1.466	0.2223993	0.2223993	0.2223993          0.0           0.0             0.0
1.469	0.2223616	0.2223616	0.2223616         0.0           0.0             0.0 
1.472	0.2223089	0.2223089	0.2223089          0.0           0.0             0.0
1.475	0.2222329	0.2222329	0.2222329         0.0           0.0             0.0 
1.478	0.2221575	0.2221575	0.2221575          0.0           0.0             0.0
1.481	0.2220825	0.2220825	0.2220825          0.0           0.0             0.0
1.484	0.2220042	0.2220042	0.2220042          0.0           0.0             0.0
1.487	0.2219188	0.2219188	0.2219188          0.0           0.0             0.0
1.49	0.221834	0.221834	0.221834           0.0           0.0             0.0
1.493	0.2217499	0.2217499	0.2217499          0.0           0.0             0.0
1.496	0.2216712	0.2216712	0.2216712          0.0           0.0             0.0
1.499	0.2216076	0.2216076	0.2216076          0.0           0.0             0.0
1.502	0.2215444	0.2215444	0.2215444          0.0           0.0             0.0
1.505	0.2214816	0.2214816	0.2214816          0.0           0.0             0.0
1.508	0.2214215	0.2214215	0.2214215          0.0           0.0             0.0
1.511	0.2213709	0.2213709	0.2213709          0.0           0.0             0.0
1.514	0.2213208	0.2213208	0.2213208          0.0           0.0             0.0
1.517	0.2212709	0.2212709	0.2212709         0.0           0.0             0.0 
1.52	0.2212204	0.2212204	0.2212204          0.0           0.0             0.0
1.523	0.2211614	0.2211614	0.2211614          0.0           0.0             0.0
1.526	0.2211028	0.2211028	0.2211028          0.0           0.0             0.0
1.529	0.2210447	0.2210447	0.2210447          0.0           0.0             0.0
1.532	0.2209863	0.2209863	0.2209863          0.0           0.0             0.0
1.535	0.2209148	0.2209148	0.2209148          0.0           0.0             0.0
1.538	0.2208438	0.2208438	0.2208438          0.0           0.0             0.0
1.541	0.2207732	0.2207732	0.2207732          0.0           0.0             0.0
1.544	0.2207032	0.2207032	0.2207032          0.0           0.0             0.0
1.547	0.2206336	0.2206336	0.2206336          0.0           0.0             0.0
1.55	0.2205646	0.2205646	0.2205646          0.0           0.0             0.0
1.553	0.220496	0.220496	0.220496           0.0           0.0             0.0
1.556	0.2204278	0.2204278	0.2204278          0.0           0.0             0.0
1.559	0.2203602	0.2203602	0.2203602          0.0           0.0             0.0
1.562	0.220293	0.220293	0.220293           0.0           0.0             0.0
1.565	0.2202262	0.2202262	0.2202262         0.0           0.0             0.0 
1.568	0.22016	0.22016	0.22016                            0.0           0.0             0.0
1.571	0.2200941	0.2200941	0.2200941         0.0           0.0             0.0 
1.574	0.2200288	0.2200288	0.2200288          0.0           0.0             0.0
1.577	0.2199638	0.2199638	0.2199638         0.0           0.0             0.0 
1.58	0.2198994	0.2198994	0.2198994          0.0           0.0             0.0
1.583	0.2198354	0.2198354	0.2198354          0.0           0.0             0.0
1.586	0.2197718	0.2197718	0.2197718          0.0           0.0             0.0
1.589	0.2197086	0.2197086	0.2197086          0.0           0.0             0.0
1.592	0.2196459	0.2196459	0.2196459          0.0           0.0             0.0
1.595	0.2195836	0.2195836	0.2195836          0.0           0.0             0.0
1.598	0.2195218	0.2195218	0.2195218          0.0           0.0             0.0
1.601	0.2194603	0.2194603	0.2194603          0.0           0.0             0.0
1.604	0.2193993	0.2193993	0.2193993          0.0           0.0             0.0
1.607	0.2193388	0.2193388	0.2193388          0.0           0.0             0.0
1.61	0.2192786	0.2192786	0.2192786          0.0           0.0             0.0
1.613	0.2192188	0.2192188	0.2192188          0.0           0.0             0.0
1.616	0.2191595	0.2191595	0.2191595          0.0           0.0             0.0
1.619	0.2191006	0.2191006	0.2191006         0.0           0.0             0.0 
1.622	0.219042	0.219042	0.219042           0.0           0.0             0.0
1.625	0.2189839	0.2189839	0.2189839          0.0           0.0             0.0
1.628	0.2189262	0.2189262	0.2189262          0.0           0.0             0.0
1.631	0.2188689	0.2188689	0.2188689          0.0           0.0             0.0
1.634	0.2188119	0.2188119	0.2188119          0.0           0.0             0.0
1.637	0.2187554	0.2187554	0.2187554          0.0           0.0             0.0
1.64	0.2186992	0.2186992	0.2186992          0.0           0.0             0.0
1.643	0.2186435	0.2186435	0.2186435          0.0           0.0             0.0
1.646	0.2185881	0.2185881	0.2185881          0.0           0.0             0.0
1.649	0.2185331	0.2185331	0.2185331          0.0           0.0             0.0
1.652	0.2184785	0.2184785	0.2184785          0.0           0.0             0.0
1.655	0.2184242	0.2184242	0.2184242          0.0           0.0             0.0
1.658	0.2183704	0.2183704	0.2183704          0.0           0.0             0.0
1.661	0.2183169	0.2183169	0.2183169          0.0           0.0             0.0
1.664	0.2182637	0.2182637	0.2182637          0.0           0.0             0.0
1.667	0.218211	0.218211	0.218211          0.0           0.0             0.0 
1.67	0.2181586	0.2181586	0.2181586          0.0           0.0             0.0
1.673	0.2181065	0.2181065	0.2181065         0.0           0.0             0.0 
1.676	0.2180548	0.2180548	0.2180548          0.0           0.0             0.0
1.679	0.2180035	0.2180035	0.2180035         0.0           0.0             0.0 
1.682	0.2179525	0.2179525	0.2179525          0.0           0.0             0.0
1.685	0.2179019	0.2179019	0.2179019          0.0           0.0             0.0
1.688	0.2178516	0.2178516	0.2178516          0.0           0.0             0.0
1.691	0.2178017	0.2178017	0.2178017          0.0           0.0             0.0
1.694	0.2177521	0.2177521	0.2177521          0.0           0.0             0.0
1.697	0.2177029	0.2177029	0.2177029          0.0           0.0             0.0
1.7	0.217654	0.217654	0.217654           0.0           0.0             0.0
1.703	0.2176054	0.2176054	0.2176054          0.0           0.0             0.0
1.706	0.2175572	0.2175572	0.2175572          0.0           0.0             0.0
1.709	0.2175093	0.2175093	0.2175093          0.0           0.0             0.0
1.712	0.2174617	0.2174617	0.2174617          0.0           0.0             0.0
1.715	0.2174144	0.2174144	0.2174144          0.0           0.0             0.0
1.718	0.2173675	0.2173675	0.2173675          0.0           0.0             0.0
1.721	0.2173209	0.2173209	0.2173209         0.0           0.0             0.0 
1.724	0.2172746	0.2172746	0.2172746          0.0           0.0             0.0
1.727	0.2172287	0.2172287	0.2172287          0.0           0.0             0.0
1.73	0.2171831	0.2171831	0.2171831          0.0           0.0             0.0
1.733	0.2171377	0.2171377	0.2171377          0.0           0.0             0.0
1.736	0.2170927	0.2170927	0.2170927          0.0           0.0             0.0
1.739	0.217048	0.217048	0.217048           0.0           0.0             0.0
1.742	0.2170036	0.2170036	0.2170036          0.0           0.0             0.0
1.745	0.2169595	0.2169595	0.2169595          0.0           0.0             0.0
1.748	0.2169157	0.2169157	0.2169157          0.0           0.0             0.0
1.751	0.2168722	0.2168722	0.2168722          0.0           0.0             0.0
1.754	0.2168291	0.2168291	0.2168291          0.0           0.0             0.0
1.757	0.2167862	0.2167862	0.2167862          0.0           0.0             0.0
1.76	0.2167436	0.2167436	0.2167436          0.0           0.0             0.0
1.763	0.2167013	0.2167013	0.2167013          0.0           0.0             0.0
1.766	0.2166593	0.2166593	0.2166593          0.0           0.0             0.0
1.769	0.2166175	0.2166175	0.2166175         0.0           0.0             0.0 
1.772	0.2165761	0.2165761	0.2165761          0.0           0.0             0.0
1.775	0.216535	0.216535	0.216535          0.0           0.0             0.0 
1.778	0.2164941	0.2164941	0.2164941          0.0           0.0             0.0
1.781	0.2164535	0.2164535	0.2164535         0.0           0.0             0.0 
1.784	0.2164132	0.2164132	0.2164132          0.0           0.0             0.0
1.787	0.2163732	0.2163732	0.2163732          0.0           0.0             0.0
1.79	0.2163334	0.2163334	0.2163334          0.0           0.0             0.0
1.793	0.2162939	0.2162939	0.2162939          0.0           0.0             0.0
1.796	0.2162547	0.2162547	0.2162547          0.0           0.0             0.0
1.799	0.2162158	0.2162158	0.2162158          0.0           0.0             0.0
1.802	0.2161771	0.2161771	0.2161771          0.0           0.0             0.0
1.805	0.2161387	0.2161387	0.2161387          0.0           0.0             0.0
1.808	0.2161006	0.2161006	0.2161006          0.0           0.0             0.0
1.811	0.2160627	0.2160627	0.2160627          0.0           0.0             0.0
1.814	0.2160251	0.2160251	0.2160251          0.0           0.0             0.0
1.817	0.2159877	0.2159877	0.2159877          0.0           0.0             0.0
1.82	0.2159506	0.2159506	0.2159506          0.0           0.0             0.0
1.823	0.2159138	0.2159138	0.2159138         0.0           0.0             0.0 
1.826	0.2158772	0.2158772	0.2158772          0.0           0.0             0.0
1.829	0.2158409	0.2158409	0.2158409          0.0           0.0             0.0
1.832	0.2158048	0.2158048	0.2158048          0.0           0.0             0.0
1.835	0.2157689	0.2157689	0.2157689          0.0           0.0             0.0
1.838	0.2157334	0.2157334	0.2157334          0.0           0.0             0.0
1.841	0.215698	0.215698	0.215698           0.0           0.0             0.0
1.844	0.2156629	0.2156629	0.2156629          0.0           0.0             0.0
1.847	0.215628	0.215628	0.215628           0.0           0.0             0.0
1.85	0.2155934	0.2155934	0.2155934          0.0           0.0             0.0
1.853	0.215559	0.215559	0.215559           0.0           0.0             0.0
1.856	0.2155249	0.2155249	0.2155249           0.0           0.0             0.
1.859	0.215491	0.215491	0.215491            0.0           0.0             0.
1.862	0.2154573	0.2154573	0.2154573           0.0           0.0             0.
1.865	0.2154238	0.2154238	0.2154238           0.0           0.0             0.
1.868	0.2153906	0.2153906	0.2153906           0.0           0.0             0.
1.871	0.2153576	0.2153576	0.2153576          0.0           0.0             0.0
1.874	0.2153249	0.2153249	0.2153249           0.0           0.0             0.
1.877	0.2152923	0.2152923	0.2152923          0.0           0.0             0.0
1.88	0.21526	0.21526	0.21526                             0.0           0.0             0.
1.883	0.2152279	0.2152279	0.2152279          0.0           0.0             0.0
1.886	0.2151961	0.2151961	0.2151961           0.0           0.0             0.
1.889	0.2151644	0.2151644	0.2151644           0.0           0.0             0.
1.892	0.215133	0.215133	0.215133            0.0           0.0             0.
1.895	0.2151018	0.2151018	0.2151018           0.0           0.0             0.
1.898	0.2150708	0.2150708	0.2150708           0.0           0.0             0.
1.901	0.21504	0.21504	0.21504                             0.0           0.0             0.
1.904	0.2150094	0.2150094	0.2150094           0.0           0.0             0.
1.907	0.2149791	0.2149791	0.2149791           0.0           0.0             0.
1.91	0.2149489	0.2149489	0.2149489           0.0           0.0             0.
1.913	0.214919	0.214919	0.214919            0.0           0.0             0.
1.916	0.2148892	0.2148892	0.2148892           0.0           0.0             0.
1.919	0.2148597	0.2148597	0.2148597           0.0           0.0             0.
1.922	0.2148303	0.2148303	0.2148303           0.0           0.0             0.
1.925	0.2148012	0.2148012	0.2148012          0.0           0.0             0.0
1.928	0.2147723	0.2147723	0.2147723           0.0           0.0             0.
1.931	0.2147436	0.2147436	0.2147436           0.0           0.0             0.
1.934	0.214715	0.214715	0.214715            0.0           0.0             0.
1.937	0.2146867	0.2146867	0.2146867           0.0           0.0             0.
1.94	0.2146585	0.2146585	0.2146585           0.0           0.0             0.
1.943	0.2146306	0.2146306	0.2146306           0.0           0.0             0.
1.946	0.2146028	0.2146028	0.2146028           0.0           0.0             0.
1.949	0.2145753	0.2145753	0.2145753           0.0           0.0             0.
1.952	0.2145479	0.2145479	0.2145479           0.0           0.0             0.
1.955	0.2145207	0.2145207	0.2145207           0.0           0.0             0.
1.958	0.2144937	0.2144937	0.2144937           0.0           0.0             0.
1.961	0.2144669	0.2144669	0.2144669           0.0           0.0             0.
1.964	0.2144403	0.2144403	0.2144403           0.0           0.0             0.
1.967	0.2144138	0.2144138	0.2144138           0.0           0.0             0.
1.97	0.2143876	0.2143876	0.2143876           0.0           0.0             0.
1.973	0.2143615	0.2143615	0.2143615          0.0           0.0             0.0
1.976	0.2143356	0.2143356	0.2143356           0.0           0.0             0.
1.979	0.2143098	0.2143098	0.2143098          0.0           0.0             0.0
1.982	0.2142843	0.2142843	0.2142843           0.0           0.0             0.
1.985	0.2142589	0.2142589	0.2142589          0.0           0.0             0.0
1.988	0.2142337	0.2142337	0.2142337           0.0           0.0             0.
1.991	0.2142087	0.2142087	0.2142087           0.0           0.0             0.
1.994	0.2141839	0.2141839	0.2141839           0.0           0.0             0.
1.997	0.2141592	0.2141592	0.2141592           0.0           0.0             0.
2.	0.2141347	0.2141347	0.2141347           0.0           0.0             0.

