0.125	1.73652e-15	2.31728e-13	0	4.97943e-15	2.47007e-13	0
0.375	4.16881e-15	6.93516e-13	0	4.2728e-14	3.05915e-12	0
0.625	6.38661e-15	8.13718e-13	0	8.85433e-14	9.59595e-12	0
0.875	1.01289e-14	8.99613e-13	0	1.56671e-13	1.46912e-11	0
1.125	6.57451e-15	8.95959e-13	0	1.44977e-13	1.74379e-11	0
1.375	7.04559e-15	9.00356e-13	0	1.23611e-13	1.83935e-11	0
1.625	1.04118e-14	9.13609e-13	0	1.36453e-13	1.95753e-11	0
1.875	5.81876e-15	8.91297e-13	0	1.19591e-13	2.07039e-11	0
2.125	6.16958e-15	7.42209e-13	0	7.52245e-14	2.17592e-11	0
2.375	6.62103e-15	7.95344e-13	0	8.72819e-14	2.11685e-11	0
2.625	4.22352e-15	7.8814e-13	0	6.65224e-14	1.89425e-11	0
2.875	5.06942e-15	6.70006e-13	0	6.16684e-14	1.71282e-11	0
3.125	7.27792e-15	6.61938e-13	0	7.44273e-14	1.45929e-11	0
3.375	4.80186e-15	6.49884e-13	0	2.90794e-14	1.16841e-11	0
3.625	3.89341e-15	5.42619e-13	0	7.94519e-14	8.02811e-12	0
3.875	3.763e-15	5.47655e-13	0	6.83958e-14	5.16255e-12	0
4.125	4.74545e-15	4.14307e-13	0	4.00755e-14	3.35104e-12	0
4.375	6.33198e-15	4.35408e-13	0	3.14636e-14	1.94848e-12	0
4.625	3.36352e-15	4.69241e-13	0	1.543e-14	1.28818e-12	0
4.875	2.95361e-15	4.94649e-13	0	2.00994e-14	9.6013e-13	0
5.125	4.10994e-15	4.86132e-13	0	1.30585e-14	7.19691e-13	0
5.375	2.9884e-15	4.86581e-13	0	1.94727e-14	4.92903e-13	0
5.625	2.91743e-15	4.20279e-13	0	1.47062e-14	4.37089e-13	0
5.875	2.94538e-15	2.90947e-13	0	4.16068e-15	3.33762e-13	0
6.125	3.03177e-15	3.44734e-13	0	7.9866e-15	3.07982e-13	0
6.375	2.1973e-15	2.87585e-13	0	6.13331e-15	3.04787e-13	0
6.625	7.51086e-16	3.53809e-13	0	1.22122e-14	2.34041e-13	0
6.875	4.0929e-15	2.6005e-13	0	1.43714e-14	1.94241e-13	0
7.125	2.56308e-15	2.89952e-13	0	3.36338e-15	1.9534e-13	0
7.375	2.57803e-15	2.27259e-13	0	3.52451e-15	1.86065e-13	0
7.625	9.26687e-15	2.00265e-13	0	1.61573e-14	2.10658e-13	0
7.875	1.31544e-15	1.60176e-13	0	3.79475e-15	1.98761e-13	0
8.125	4.15777e-16	1.19018e-13	0	3.39684e-15	1.72732e-13	0
8.375	3.31848e-15	1.41222e-13	0	2.46065e-15	1.65771e-13	0
8.625	2.81609e-15	1.09203e-13	0	3.0222e-15	1.18851e-13	0
8.875	2.46979e-15	1.36172e-13	0	1.43143e-15	1.07816e-13	0
9.125	7.12271e-16	1.48666e-13	0	5.90417e-16	1.20144e-13	0
9.375	2.63232e-15	1.30033e-13	0	2.38305e-15	1.00615e-13	0
9.625	1.87126e-15	1.50437e-13	0	2.42191e-15	1.01063e-13	0
9.875	3.88133e-15	1.16668e-13	0	2.58126e-15	1.1638e-13	0
10.125	1.48984e-15	7.05984e-14	0	1.02341e-15	5.59942e-14	0
10.375	2.32911e-15	7.59967e-14	0	1.77741e-15	9.34423e-14	0
10.625	0	1.0557e-13	0	9.13061e-16	8.273e-14	0
10.875	1.78864e-15	8.71093e-14	0	1.48536e-15	6.49182e-14	0
11.125	1.17304e-15	4.36256e-14	0	1.53559e-15	8.56437e-14	0
11.375	2.32512e-15	8.51063e-14	0	8.45129e-15	7.14399e-14	0
11.625	6.96972e-16	2.13673e-14	0	0	7.00847e-14	0
11.875	5.28494e-16	2.13613e-14	0	1.89227e-15	4.54467e-14	0
12.125	5.84124e-16	8.12832e-14	0	0	5.56079e-14	0
12.375	3.56938e-16	6.33331e-14	0	1.36743e-15	4.29178e-14	0
12.625	7.52176e-16	3.54331e-14	0	0	3.10609e-14	0
12.875	1.21029e-15	7.96201e-14	0	0	2.76095e-14	0
13.125	1.5302e-15	7.64528e-14	0	5.27918e-16	3.97518e-14	0
13.375	4.65513e-16	3.95027e-14	0	8.36864e-16	1.93636e-14	0
13.625	6.54811e-16	3.32898e-14	0	0	4.09725e-14	0
13.875	4.45782e-15	6.14426e-14	0	4.08634e-16	3.50861e-14	0
14.125	0	2.16582e-14	0	0	3.3407e-14	0
14.375	5.47352e-16	1.72168e-14	0	5.52873e-16	4.74735e-14	0
14.625	0	5.22935e-14	0	0	3.2746e-14	0
14.875	1.41401e-15	5.3661e-14	0	0	1.82116e-14	0
15.125	5.95442e-16	1.44171e-14	0	0	1.79515e-14	0
15.375	6.12525e-16	1.49642e-14	0	0	3.5821e-14	0
15.625	9.31231e-16	1.97792e-14	0	5.00891e-16	1.47214e-14	0
15.875	0	1.84379e-14	0	6.64277e-16	8.40943e-15	0
16.125	7.11058e-16	1.72136e-14	0	0	1.35288e-14	0
16.375	0	1.43158e-14	0	1.34674e-15	9.16148e-15	0
16.625	6.20387e-16	1.98636e-14	0	0	9.4345e-15	0
16.875	1.80301e-15	9.45869e-15	0	0	5.45716e-15	0
17.125	0	1.08724e-14	0	0	7.48243e-15	0
17.375	9.71337e-16	1.33424e-14	0	0	7.85284e-15	0
17.625	0	1.04722e-14	0	0	1.10078e-14	0
17.875	0	1.30332e-14	0	0	4.24932e-15	0
18.125	8.52577e-16	1.4375e-14	0	0	3.66882e-15	0
18.375	0	8.044e-15	0	0	7.25093e-15	0
18.625	0	1.39543e-14	0	0	4.11595e-15	0
18.875	1.11117e-15	1.01853e-14	0	0	2.93501e-15	0
19.125	0	1.44303e-14	0	0	4.35294e-15	0
19.375	7.66725e-16	1.11605e-14	0	0	3.21404e-15	0
19.625	0	1.08043e-14	0	0	3.84262e-15	0
19.875	0	8.87859e-15	0	0	1.12447e-15	0
20.125	1.96264e-15	7.6798e-15	0	0	4.5888e-15	0
20.375	0	1.02945e-14	0	0	1.97345e-15	0
20.625	0	1.18773e-14	0	0	4.74549e-15	0
20.875	9.9258e-16	1.00871e-14	0	0	4.36051e-15	0
21.125	0	1.2215e-14	0	0	0	0
21.375	0	1.16759e-14	0	0	1.24761e-15	0
21.625	0	8.19643e-15	0	0	7.48703e-16	0
21.875	0	1.00909e-14	0	0	1.42092e-15	0
22.125	0	1.06132e-14	0	0	2.31075e-15	0
22.375	0	7.49109e-15	0	0	3.04804e-15	0
22.625	0	1.04382e-14	0	0	1.5105e-15	0
22.875	2.52799e-15	8.43372e-15	0	0	0	0
23.125	0	5.45176e-15	0	0	1.63384e-15	0
23.375	0	6.30491e-15	0	0	0	0
23.625	0	8.33755e-15	0	0	0	0
23.875	0	9.05158e-15	0	0	7.78261e-16	0
24.125	1.42277e-15	6.7336e-15	0	0	9.13284e-16	0
24.375	0	2.4712e-15	0	0	2.56217e-15	0
24.625	0	3.55319e-15	0	0	0	0
24.875	0	4.31412e-15	0	0	2.59148e-15	0
25.125	0	4.28467e-15	0	0	8.90635e-16	0
25.375	0	8.04376e-15	0	0	0	0
25.625	2.23121e-15	7.40764e-15	0	0	0	0
25.875	0	5.47781e-15	0	0	0	0
26.125	0	5.56837e-15	0	0	0	0
26.375	0	2.8597e-15	0	0	0	0
26.625	0	4.89667e-15	0	0	1.93078e-15	0
26.875	0	1.97115e-15	0	0	9.88076e-16	0
27.125	0	5.02119e-15	0	0	0	0
27.375	0	3.07639e-15	0	0	0	0
27.625	0	2.0644e-15	0	0	1.03616e-15	0
27.875	0	0	0	0	0	0
28.125	0	5.36659e-15	0	0	0	0
28.375	0	6.55857e-15	0	0	0	0
28.625	0	3.33967e-15	0	0	0	0
28.875	0	5.64989e-15	0	0	0	0
29.125	0	2.31551e-15	0	0	1.14584e-15	0
29.375	0	3.50697e-15	0	0	0	0
29.625	0	3.56951e-15	0	0	0	0
29.875	0	3.63716e-15	0	0	0	0
30.125	0	4.9283e-15	0	0	2.45609e-15	0
30.375	0	2.50155e-15	0	0	0	0
30.625	0	5.10181e-15	0	0	0	0
30.875	0	2.59902e-15	0	0	0	0
31.125	0	1.31335e-15	0	0	0	0
31.375	0	4.00591e-15	0	0	0	0
31.625	0	4.09257e-15	0	0	0	0
31.875	0	5.54297e-15	0	0	0	0
32.125	0	4.20874e-15	0	0	0	0
32.375	0	1.43303e-15	0	0	0	0
32.625	0	2.89308e-15	0	0	0	0
32.875	0	0	0	0	0	0
33.125	0	0	0	0	0	0
33.375	0	1.50474e-15	0	0	0	0
33.625	0	3.07226e-15	0	0	0	0
33.875	0	0	0	0	0	0
34.125	0	0	0	0	0	0
34.375	0	0	0	0	0	0
34.625	0	0	0	0	0	0
34.875	0	0	0	0	0	0
35.125	0	0	0	0	0	0
35.375	0	0	0	0	1.70786e-15	0
35.625	0	1.7266e-15	0	0	0	0
35.875	0	0	0	0	0	0
36.125	0	0	0	0	0	0
36.375	0	0	0	0	0	0
36.625	0	0	0	0	0	0
36.875	0	0	0	0	0	0
37.125	0	0	0	0	0	0
37.375	0	1.90865e-15	0	0	0	0
37.625	0	0	0	0	0	0
37.875	0	0	0	0	0	0
38.125	0	0	0	0	0	0
38.375	0	1.99449e-15	0	0	0	0
38.625	0	0	0	0	0	0
38.875	0	0	0	0	0	0
39.125	0	0	0	0	0	0
39.375	0	2.09706e-15	0	0	0	0
39.625	0	2.13422e-15	0	0	0	0
39.875	0	0	0	0	0	0
40.125	0	0	0	0	0	0
40.375	0	2.21313e-15	0	0	0	0
40.625	0	0	0	0	0	0
40.875	0	0	0	0	0	0
41.125	0	0	0	0	0	0
41.375	0	0	0	0	0	0
41.625	0	4.69881e-15	0	0	0	0
41.875	0	0	0	0	0	0
42.125	0	0	0	0	0	0
42.375	0	0	0	0	0	0
42.625	0	2.46914e-15	0	0	0	0
42.875	0	0	0	0	0	0
43.125	0	0	0	0	0	0
43.375	0	0	0	0	0	0
43.625	0	0	0	0	0	0
43.875	0	0	0	0	0	0
44.125	0	0	0	0	0	0
44.375	0	0	0	0	0	0
44.625	0	0	0	0	0	0
44.875	0	0	0	0	0	0
45.125	0	0	0	0	0	0
45.375	0	0	0	0	0	0
45.625	0	0	0	0	0	0
45.875	0	0	0	0	0	0
46.125	0	0	0	0	0	0
46.375	0	0	0	0	0	0
46.625	0	0	0	0	0	0
46.875	0	0	0	0	0	0
47.125	0	0	0	0	0	0
47.375	0	0	0	0	0	0
47.625	0	0	0	0	0	0
47.875	0	0	0	0	0	0
48.125	0	0	0	0	0	0
48.375	0	0	0	0	0	0
48.625	0	0	0	0	0	0
48.875	0	3.23968e-15	0	0	0	0
49.125	0	0	0	0	0	0
49.375	0	0	0	0	0	0
49.625	0	0	0	0	0	0
49.875	0	0	0	0	0	0
50.125	0	0	0	0	0	0
50.375	0	0	0	0	0	0
50.625	0	0	0	0	0	0
50.875	0	0	0	0	0	0
51.125	0	0	0	0	0	0
51.375	0	0	0	0	0	0
51.625	0	0	0	0	0	0
51.875	0	0	0	0	0	0
52.125	0	0	0	0	0	0
52.375	0	0	0	0	0	0
52.625	0	0	0	0	0	0
52.875	0	0	0	0	0	0
53.125	0	0	0	0	0	0
53.375	0	0	0	0	0	0
53.625	0	0	0	0	0	0
53.875	0	0	0	0	0	0
54.125	0	0	0	0	0	0
54.375	0	0	0	0	0	0
54.625	0	0	0	0	0	0
54.875	0	0	0	0	0	0
55.125	0	0	0	0	0	0
55.375	0	0	0	0	0	0
55.625	0	0	0	0	0	0
55.875	0	0	0	0	0	0
56.125	0	0	0	0	0	0
56.375	0	0	0	0	0	0
56.625	0	0	0	0	0	0
56.875	0	0	0	0	0	0
57.125	0	0	0	0	0	0
57.375	0	0	0	0	0	0
57.625	0	0	0	0	0	0
57.875	0	0	0	0	0	0
58.125	0	0	0	0	0	0
58.375	0	0	0	0	0	0
58.625	0	0	0	0	0	0
58.875	0	0	0	0	0	0
59.125	0	0	0	0	0	0
59.375	0	0	0	0	0	0
59.625	0	0	0	0	0	0
59.875	0	0	0	0	0	0
60.125	0	0	0	0	0	0
60.375	0	0	0	0	0	0
60.625	0	0	0	0	0	0
60.875	0	0	0	0	0	0
61.125	0	0	0	0	0	0
61.375	0	0	0	0	0	0
61.625	0	0	0	0	0	0
61.875	0	0	0	0	0	0
62.125	0	0	0	0	0	0
62.375	0	0	0	0	0	0
62.625	0	0	0	0	0	0
62.875	0	0	0	0	0	0
63.125	0	0	0	0	0	0
63.375	0	0	0	0	0	0
63.625	0	0	0	0	0	0
63.875	0	0	0	0	0	0
64.125	0	0	0	0	0	0
64.375	0	0	0	0	0	0
64.625	0	0	0	0	0	0
64.875	0	0	0	0	0	0
65.125	0	0	0	0	0	0
65.375	0	0	0	0	0	0
65.625	0	0	0	0	0	0
65.875	0	0	0	0	0	0
66.125	0	0	0	0	0	0
66.375	0	0	0	0	0	0
66.625	0	0	0	0	0	0
66.875	0	0	0	0	0	0
67.125	0	0	0	0	0	0
67.375	0	0	0	0	0	0
67.625	0	0	0	0	0	0
67.875	0	0	0	0	0	0
68.125	0	0	0	0	0	0
68.375	0	0	0	0	0	0
68.625	0	0	0	0	0	0
68.875	0	0	0	0	0	0
69.125	0	0	0	0	0	0
69.375	0	0	0	0	0	0
69.625	0	0	0	0	0	0
69.875	0	0	0	0	0	0
70.125	0	0	0	0	0	0
70.375	0	0	0	0	0	0
70.625	0	0	0	0	0	0
70.875	0	0	0	0	0	0
71.125	0	0	0	0	0	0
71.375	0	0	0	0	0	0
71.625	0	0	0	0	0	0
71.875	0	0	0	0	0	0
72.125	0	0	0	0	0	0
72.375	0	0	0	0	0	0
72.625	0	0	0	0	0	0
72.875	0	0	0	0	0	0
73.125	0	0	0	0	0	0
73.375	0	0	0	0	0	0
73.625	0	0	0	0	0	0
73.875	0	0	0	0	0	0
74.125	0	0	0	0	0	0
74.375	0	0	0	0	0	0
74.625	0	0	0	0	0	0
74.875	0	0	0	0	0	0
75.125	0	0	0	0	0	0
75.375	0	0	0	0	0	0
75.625	0	0	0	0	0	0
75.875	0	0	0	0	0	0
76.125	0	0	0	0	0	0
76.375	0	0	0	0	0	0
76.625	0	0	0	0	0	0
76.875	0	0	0	0	0	0
77.125	0	0	0	0	0	0
77.375	0	0	0	0	0	0
77.625	0	0	0	0	0	0
77.875	0	0	0	0	0	0
78.125	0	0	0	0	0	0
78.375	0	0	0	0	0	0
78.625	0	0	0	0	0	0
78.875	0	0	0	0	0	0
79.125	0	0	0	0	0	0
79.375	0	0	0	0	0	0
79.625	0	0	0	0	0	0
79.875	0	0	0	0	0	0
80.125	0	0	0	0	0	0
80.375	0	0	0	0	0	0
80.625	0	0	0	0	0	0
80.875	0	0	0	0	0	0
81.125	0	0	0	0	0	0
81.375	0	0	0	0	0	0
81.625	0	0	0	0	0	0
81.875	0	0	0	0	0	0
82.125	0	0	0	0	0	0
82.375	0	0	0	0	0	0
82.625	0	0	0	0	0	0
82.875	0	0	0	0	0	0
83.125	0	0	0	0	0	0
83.375	0	0	0	0	0	0
83.625	0	0	0	0	0	0
83.875	0	0	0	0	0	0
84.125	0	0	0	0	0	0
84.375	0	0	0	0	0	0
84.625	0	0	0	0	0	0
84.875	0	0	0	0	0	0
85.125	0	0	0	0	0	0
85.375	0	0	0	0	0	0
85.625	0	0	0	0	0	0
85.875	0	0	0	0	0	0
86.125	0	0	0	0	0	0
86.375	0	0	0	0	0	0
86.625	0	0	0	0	0	0
86.875	0	0	0	0	0	0
87.125	0	0	0	0	0	0
87.375	0	0	0	0	0	0
87.625	0	0	0	0	0	0
87.875	0	0	0	0	0	0
88.125	0	0	0	0	0	0
88.375	0	0	0	0	0	0
88.625	0	0	0	0	0	0
88.875	0	0	0	0	0	0
89.125	0	0	0	0	0	0
89.375	0	0	0	0	0	0
89.625	0	0	0	0	0	0
89.875	0	0	0	0	0	0
90.125	0	0	0	0	0	0
90.375	0	0	0	0	0	0
90.625	0	0	0	0	0	0
90.875	0	0	0	0	0	0
91.125	0	0	0	0	0	0
91.375	0	0	0	0	0	0
91.625	0	0	0	0	0	0
91.875	0	0	0	0	0	0
92.125	0	0	0	0	0	0
92.375	0	0	0	0	0	0
92.625	0	0	0	0	0	0
92.875	0	0	0	0	0	0
93.125	0	0	0	0	0	0
93.375	0	0	0	0	0	0
93.625	0	0	0	0	0	0
93.875	0	0	0	0	0	0
94.125	0	0	0	0	0	0
94.375	0	0	0	0	0	0
94.625	0	0	0	0	0	0
94.875	0	0	0	0	0	0
95.125	0	0	0	0	0	0
95.375	0	0	0	0	0	0
95.625	0	0	0	0	0	0
95.875	0	0	0	0	0	0
96.125	0	0	0	0	0	0
96.375	0	0	0	0	0	0
96.625	0	0	0	0	0	0
96.875	0	0	0	0	0	0
97.125	0	0	0	0	0	0
97.375	0	0	0	0	0	0
97.625	0	0	0	0	0	0
97.875	0	0	0	0	0	0
98.125	0	0	0	0	0	0
98.375	0	0	0	0	0	0
98.625	0	0	0	0	0	0
98.875	0	0	0	0	0	0
99.125	0	0	0	0	0	0
99.375	0	0	0	0	0	0
99.625	0	0	0	0	0	0
99.875	0	0	0	0	0	0
100.125	0	0	0	0	0	0
100.375	0	0	0	0	0	0
100.625	0	0	0	0	0	0
100.875	0	0	0	0	0	0
101.125	0	0	0	0	0	0
101.375	0	0	0	0	0	0
101.625	0	0	0	0	0	0
101.875	0	0	0	0	0	0
102.125	0	0	0	0	0	0
102.375	0	0	0	0	0	0
102.625	0	0	0	0	0	0
102.875	0	0	0	0	0	0
103.125	0	0	0	0	0	0
103.375	0	0	0	0	0	0
103.625	0	0	0	0	0	0
103.875	0	0	0	0	0	0
104.125	0	0	0	0	0	0
104.375	0	0	0	0	0	0
104.625	0	0	0	0	0	0
104.875	0	0	0	0	0	0
105.125	0	0	0	0	0	0
105.375	0	0	0	0	0	0
105.625	0	0	0	0	0	0
105.875	0	0	0	0	0	0
106.125	0	0	0	0	0	0
106.375	0	0	0	0	0	0
106.625	0	0	0	0	0	0
106.875	0	0	0	0	0	0
107.125	0	0	0	0	0	0
107.375	0	0	0	0	0	0
107.625	0	0	0	0	0	0
107.875	0	0	0	0	0	0
108.125	0	0	0	0	0	0
108.375	0	0	0	0	0	0
108.625	0	0	0	0	0	0
108.875	0	0	0	0	0	0
109.125	0	0	0	0	0	0
109.375	0	0	0	0	0	0
109.625	0	0	0	0	0	0
109.875	0	0	0	0	0	0
110.125	0	0	0	0	0	0
110.375	0	0	0	0	0	0
110.625	0	0	0	0	0	0
110.875	0	0	0	0	0	0
111.125	0	0	0	0	0	0
111.375	0	0	0	0	0	0
111.625	0	0	0	0	0	0
111.875	0	0	0	0	0	0
112.125	0	0	0	0	0	0
112.375	0	0	0	0	0	0
112.625	0	0	0	0	0	0
112.875	0	0	0	0	0	0
113.125	0	0	0	0	0	0
113.375	0	0	0	0	0	0
113.625	0	0	0	0	0	0
113.875	0	0	0	0	0	0
114.125	0	0	0	0	0	0
114.375	0	0	0	0	0	0
114.625	0	0	0	0	0	0
114.875	0	0	0	0	0	0
115.125	0	0	0	0	0	0
115.375	0	0	0	0	0	0
115.625	0	0	0	0	0	0
115.875	0	0	0	0	0	0
116.125	0	0	0	0	0	0
116.375	0	0	0	0	0	0
116.625	0	0	0	0	0	0
116.875	0	0	0	0	0	0
117.125	0	0	0	0	0	0
117.375	0	0	0	0	0	0
117.625	0	0	0	0	0	0
117.875	0	0	0	0	0	0
118.125	0	0	0	0	0	0
118.375	0	0	0	0	0	0
118.625	0	0	0	0	0	0
118.875	0	0	0	0	0	0
119.125	0	0	0	0	0	0
119.375	0	0	0	0	0	0
119.625	0	0	0	0	0	0
119.875	0	0	0	0	0	0
120.125	0	0	0	0	0	0
120.375	0	0	0	0	0	0
120.625	0	0	0	0	0	0
120.875	0	0	0	0	0	0
121.125	0	0	0	0	0	0
121.375	0	0	0	0	0	0
121.625	0	0	0	0	0	0
121.875	0	0	0	0	0	0
122.125	0	0	0	0	0	0
122.375	0	0	0	0	0	0
122.625	0	0	0	0	0	0
122.875	0	0	0	0	0	0
123.125	0	0	0	0	0	0
123.375	0	0	0	0	0	0
123.625	0	0	0	0	0	0
123.875	0	0	0	0	0	0
124.125	0	0	0	0	0	0
124.375	0	0	0	0	0	0
124.625	0	0	0	0	0	0
124.875	0	0	0	0	0	0
125.125	0	0	0	0	0	0
