0.125	6.70854e-08	1.04028e-06	0	2.31504e-09	9.19765e-07	0
0.375	2.51162e-07	1.05327e-05	0	2.65019e-08	3.04365e-06	0
0.625	4.14614e-07	3.249e-05	0	4.05792e-08	3.60399e-06	0
0.875	6.03341e-07	5.40315e-05	0	3.72195e-08	3.90934e-06	0
1.125	7.36675e-07	6.76052e-05	0	3.2436e-08	4.19799e-06	0
1.375	6.66631e-07	7.65194e-05	0	3.21087e-08	4.24738e-06	0
1.625	6.51791e-07	8.80042e-05	0	3.30991e-08	4.19696e-06	0
1.875	6.36703e-07	0.000101945	0	2.56137e-08	4.08058e-06	0
2.125	5.02372e-07	0.000111352	0	1.5623e-08	3.97831e-06	0
2.375	5.74563e-07	0.000111758	0	1.8519e-08	3.90331e-06	0
2.625	4.58691e-07	0.000102668	0	1.50098e-08	3.84678e-06	0
2.875	4.59579e-07	9.21229e-05	0	1.8647e-08	3.28878e-06	0
3.125	3.84153e-07	7.55604e-05	0	3.02804e-08	3.09384e-06	0
3.375	3.70602e-07	5.79023e-05	0	1.58347e-08	2.95122e-06	0
3.625	3.62347e-07	3.99481e-05	0	3.28551e-08	2.96627e-06	0
3.875	2.32994e-07	2.68875e-05	0	1.18836e-08	2.98915e-06	0
4.125	1.70845e-07	1.8486e-05	0	1.17845e-08	2.87265e-06	0
4.375	1.82472e-07	1.24051e-05	0	1.11712e-08	3.21327e-06	0
4.625	1.95355e-07	9.36678e-06	0	8.39409e-09	2.90092e-06	0
4.875	2.28402e-07	7.25251e-06	0	1.87096e-08	2.86834e-06	0
5.125	1.59179e-07	5.58051e-06	0	1.77336e-08	2.7471e-06	0
5.375	1.31659e-07	4.88287e-06	0	6.12499e-08	2.19423e-06	0
5.625	1.49407e-07	4.03084e-06	0	2.34837e-08	2.25922e-06	0
5.875	7.87802e-08	3.70098e-06	0	1.13374e-08	2.03949e-06	0
6.125	1.09999e-07	3.24308e-06	0	2.15902e-08	1.78094e-06	0
6.375	6.58973e-08	3.19159e-06	0	1.1073e-08	1.59928e-06	0
6.625	1.01731e-07	3.14989e-06	0	1.10205e-08	1.6949e-06	0
6.875	7.97183e-08	2.81579e-06	0	1.22036e-08	1.38455e-06	0
7.125	5.84217e-08	2.6688e-06	0	7.82213e-09	1.3295e-06	0
7.375	5.78706e-08	3.03138e-06	0	1.60041e-08	1.30114e-06	0
7.625	4.84114e-08	2.57169e-06	0	1.32275e-08	9.64931e-07	0
7.875	5.30514e-08	2.31724e-06	0	7.86066e-09	1.1413e-06	0
8.125	4.86802e-08	2.21638e-06	0	4.974e-09	1.21191e-06	0
8.375	6.08705e-08	2.19585e-06	0	1.04722e-08	9.03443e-07	0
8.625	4.45138e-08	2.10649e-06	0	5.7532e-09	9.69124e-07	0
8.875	3.77067e-08	1.9649e-06	0	1.03626e-08	8.65013e-07	0
9.125	4.54249e-08	1.76516e-06	0	3.45394e-09	8.40534e-07	0
9.375	3.27443e-08	1.52356e-06	0	5.4032e-09	7.89888e-07	0
9.625	3.1477e-08	1.62188e-06	0	1.25056e-08	7.12485e-07	0
9.875	3.8757e-08	2.07262e-06	0	9.08391e-09	6.93098e-07	0
10.125	4.46101e-08	1.61642e-06	0	1.43844e-08	6.20765e-07	0
10.375	3.02565e-08	1.65165e-06	0	1.03284e-08	8.59713e-07	0
10.625	1.17361e-07	1.34302e-06	0	1.37164e-08	5.40035e-07	0
10.875	3.24721e-08	1.50581e-06	0	5.78761e-09	5.84113e-07	0
11.125	2.44499e-08	1.60751e-06	0	6.88873e-09	7.12678e-07	0
11.375	2.39636e-08	9.98769e-07	0	4.49473e-09	6.57623e-07	0
11.625	1.91481e-08	1.17116e-06	0	5.33943e-09	4.07704e-07	0
11.875	2.68239e-08	1.24174e-06	0	7.88393e-10	2.51774e-07	0
12.125	1.84219e-08	1.32522e-06	0	7.40068e-09	5.85674e-07	0
12.375	1.68977e-08	1.05727e-06	0	3.47262e-09	2.3307e-07	0
12.625	1.51738e-08	9.16362e-07	0	6.50371e-09	4.83768e-07	0
12.875	2.06741e-08	1.00032e-06	0	3.41822e-09	4.54771e-07	0
13.125	1.26349e-08	1.08343e-06	0	3.6581e-09	3.39667e-07	0
13.375	1.19496e-08	6.09087e-07	0	7.3164e-09	4.24134e-07	0
13.625	1.58793e-08	8.75299e-07	0	3.70637e-09	3.15076e-07	0
13.875	1.7495e-08	8.21337e-07	0	6.64346e-10	4.06586e-07	0
14.125	1.63273e-08	8.96202e-07	0	5.12695e-09	2.06246e-07	0
14.375	2.22057e-08	7.10514e-07	0	5.20101e-09	2.67e-07	0
14.625	1.34442e-08	7.25093e-07	0	3.84231e-09	1.90254e-07	0
14.875	8.84076e-09	7.57765e-07	0	6.70485e-09	1.53538e-07	0
15.125	1.88113e-08	5.47506e-07	0	4.89063e-09	5.40331e-07	0
15.375	1.43887e-08	8.77959e-07	0	5.43152e-09	2.03751e-07	0
15.625	7.47527e-09	4.38921e-07	0	7.73949e-09	3.3913e-07	0
15.875	3.19577e-08	5.57961e-07	0	2.9212e-09	1.3223e-07	0
16.125	1.51077e-08	4.38282e-07	0	0	3.43343e-07	0
16.375	2.14697e-08	4.72786e-07	0	1.03812e-09	2.0216e-07	0
16.625	1.35871e-08	3.61172e-07	0	7.93047e-09	1.15076e-07	0
16.875	1.19552e-08	4.33014e-07	0	3.58222e-09	1.94043e-07	0
17.125	9.10992e-09	4.47876e-07	0	1.70244e-09	2.98973e-07	0
17.375	3.19226e-09	5.37221e-07	0	2.96735e-09	9.37818e-08	0
17.625	7.3712e-09	3.14659e-07	0	2.94161e-09	1.81209e-07	0
17.875	9.12308e-09	3.6546e-07	0	0	1.2955e-07	0
18.125	6.37421e-09	5.73874e-07	0	0	1.11265e-07	0
18.375	7.46981e-09	3.79903e-07	0	2.04675e-09	4.16111e-08	0
18.625	8.54195e-09	3.04687e-07	0	0	2.43136e-07	0
18.875	9.01263e-09	5.82267e-07	0	4.22673e-09	2.08959e-07	0
19.125	5.91011e-09	3.21008e-07	0	0	1.9375e-07	0
19.375	1.86453e-08	2.61302e-07	0	0	4.10906e-08	0
19.625	7.66168e-09	7.46022e-07	0	1.72649e-09	5.44551e-08	0
19.875	9.1953e-09	3.99657e-07	0	0	1.60817e-07	0
20.125	1.22395e-08	2.26021e-07	0	0	3.60885e-08	0
20.375	1.72403e-09	2.08726e-07	0	0	5.42662e-08	0
20.625	5.87963e-09	1.92802e-07	0	0	3.8318e-08	0
20.875	1.65841e-08	3.5985e-07	0	0	4.08976e-08	0
21.125	1.57698e-08	3.51428e-07	0	0	3.5484e-08	0
21.375	4.30385e-09	3.31639e-07	0	0	3.58296e-08	0
21.625	0	2.57363e-07	0	3.04798e-09	4.69923e-08	0
21.875	8.4102e-09	2.8753e-07	0	3.26278e-09	4.23433e-08	0
22.125	3.08811e-09	1.75486e-07	0	3.31257e-09	1.16468e-07	0
22.375	0	1.4986e-07	0	0	4.15532e-08	0
22.625	0	3.49001e-07	0	0	1.39062e-07	0
22.875	2.72699e-09	3.51564e-07	0	1.23107e-08	1.94125e-08	0
23.125	2.04116e-09	2.86831e-07	0	0	2.66819e-08	0
23.375	5.81323e-09	1.69325e-07	0	0	3.5224e-08	0
23.625	7.49537e-09	3.65949e-07	0	4.13355e-09	4.85032e-08	0
23.875	9.84583e-09	1.41105e-07	0	2.34401e-09	6.51358e-08	0
24.125	0	1.61639e-07	0	0	3.73886e-08	0
24.375	2.46696e-09	1.13812e-07	0	2.08775e-09	1.37775e-08	0
24.625	6.02069e-09	1.44709e-07	0	0	3.62288e-08	0
24.875	0	4.2846e-07	0	0	1.91591e-08	0
25.125	0	1.42812e-07	0	0	3.11605e-08	0
25.375	8.88905e-09	2.36472e-07	0	0	2.05664e-07	0
25.625	2.81456e-09	1.21442e-07	0	0	3.14797e-08	0
25.875	0	1.32198e-07	0	0	2.67548e-08	0
26.125	6.97312e-09	1.16049e-07	0	0	2.39552e-08	0
26.375	1.26005e-08	1.39879e-07	0	5.31164e-09	2.83154e-08	0
26.625	2.53415e-09	2.50835e-07	0	2.47776e-09	2.06612e-08	0
26.875	4.92934e-09	1.01154e-07	0	0	2.40003e-08	0
27.125	0	3.34079e-07	0	0	1.81497e-08	0
27.375	3.43922e-09	1.43627e-07	0	0	3.0486e-08	0
27.625	0	1.25976e-07	0	0	3.16313e-08	0
27.875	0	1.10905e-07	0	0	2.84872e-08	0
28.125	1.21711e-08	9.13507e-08	0	0	1.53683e-08	0
28.375	0	9.27534e-08	0	0	1.06646e-08	0
28.625	5.54269e-09	2.51348e-07	0	0	2.07772e-08	0
28.875	0	2.44237e-07	0	0	1.64678e-08	0
29.125	0	1.34361e-07	0	0	2.6739e-08	0
29.375	0	1.13005e-07	0	0	2.77308e-08	0
29.625	0	9.29346e-08	0	0	2.08411e-07	0
29.875	0	9.26962e-08	0	0	2.27983e-08	0
30.125	0	9.78136e-08	0	0	1.67804e-08	0
30.375	3.95315e-09	6.43773e-08	0	0	1.90533e-08	0
30.625	0	1.10653e-07	0	0	2.03607e-08	0
30.875	4.5478e-09	1.04362e-07	0	0	2.70965e-09	0
31.125	0	8.13734e-08	0	0	1.01943e-08	0
31.375	1.01352e-08	7.97589e-08	0	0	3.34442e-08	0
31.625	0	7.27188e-08	0	0	5.72519e-09	0
31.875	0	8.89973e-08	0	0	1.90935e-08	0
32.125	4.47976e-09	3.07259e-07	0	0	1.98402e-08	0
32.375	0	8.58238e-08	0	0	1.75707e-08	0
32.625	0	9.30973e-08	0	0	1.635e-08	0
32.875	0	6.09868e-08	0	0	1.38757e-08	0
33.125	5.55043e-09	9.9321e-08	0	0	1.03511e-08	0
33.375	0	4.8272e-08	0	0	1.53139e-08	0
33.625	0	6.25389e-08	0	0	1.10535e-08	0
33.875	0	3.64071e-07	0	0	3.26241e-08	0
34.125	0	8.47346e-08	0	0	1.07874e-08	0
34.375	5.09373e-09	8.02737e-08	0	0	1.54649e-08	0
34.625	0	5.79314e-08	0	0	2.31313e-08	0
34.875	6.6969e-09	3.0161e-08	0	0	2.06531e-08	0
35.125	5.07572e-09	5.59476e-08	0	0	1.90385e-08	0
35.375	5.83212e-09	4.95255e-08	0	0	7.58337e-09	0
35.625	0	5.5826e-08	0	0	1.52385e-08	0
35.875	0	7.26148e-08	0	0	2.81054e-07	0
36.125	0	5.0249e-08	0	0	5.48612e-09	0
36.375	0	6.63708e-08	0	0	3.38703e-09	0
36.625	0	5.638e-08	0	0	1.04655e-08	0
36.875	6.08664e-09	4.27886e-08	0	0	1.01544e-08	0
37.125	3.80921e-09	6.19915e-08	0	0	2.82803e-08	0
37.375	0	6.81728e-08	0	0	9.91849e-09	0
37.625	0	3.86226e-08	0	0	6.3753e-09	0
37.875	0	5.61027e-08	0	0	4.48821e-09	0
38.125	0	3.95591e-08	0	0	6.88036e-09	0
38.375	0	4.57133e-08	0	0	3.94665e-09	0
38.625	7.72085e-09	2.17375e-08	0	0	1.94841e-08	0
38.875	0	5.49139e-08	0	0	1.17795e-08	0
39.125	0	5.9215e-08	0	0	1.5699e-08	0
39.375	0	3.8099e-08	0	0	1.9694e-08	0
39.625	0	5.41205e-08	0	5.09365e-09	1.25723e-08	0
39.875	0	1.85169e-08	0	0	1.53677e-08	0
40.125	0	2.93737e-08	0	0	3.89067e-09	0
40.375	9.17508e-09	4.61966e-08	0	0	8.93604e-09	0
40.625	0	8.12913e-08	0	0	1.36071e-08	0
40.875	0	5.37326e-08	0	0	1.59954e-08	0
41.125	0	2.30176e-08	0	0	7.58793e-09	0
41.375	0	6.89084e-08	0	0	1.37235e-08	0
41.625	0	4.25255e-08	0	0	0	0
41.875	0	3.14033e-08	0	0	6.52238e-09	0
42.125	0	2.74166e-08	0	0	1.20529e-08	0
42.375	0	4.03144e-08	0	0	1.2367e-08	0
42.625	0	2.95717e-08	0	0	2.05166e-08	0
42.875	0	2.78572e-08	0	0	4.58066e-09	0
43.125	0	1.35504e-08	0	0	0	0
43.375	0	2.45281e-08	0	0	0	0
43.625	0	4.32294e-08	0	0	0	0
43.875	0	3.44118e-08	0	0	6.56526e-09	0
44.125	0	5.06286e-08	0	0	7.36279e-09	0
44.375	0	3.28084e-08	0	0	1.1858e-08	0
44.625	0	2.66889e-08	0	0	0	0
44.875	0	2.73714e-08	0	0	4.67264e-09	0
45.125	0	3.11913e-08	0	0	5.80493e-09	0
45.375	0	1.91825e-08	0	0	5.8753e-09	0
45.625	0	2.78553e-08	0	0	7.77869e-09	0
45.875	0	1.03895e-08	0	0	0	0
46.125	0	5.66298e-09	0	0	0	0
46.375	0	1.88792e-08	0	0	6.35401e-09	0
46.625	9.81182e-09	2.72202e-08	0	0	0	0
46.875	0	1.55282e-08	0	0	0	0
47.125	0	1.21345e-08	0	0	0	0
47.375	0	3.38174e-08	0	0	0	0
47.625	0	3.96145e-08	0	0	0	0
47.875	0	5.13707e-08	0	0	6.82033e-09	0
48.125	0	3.67243e-08	0	0	0	0
48.375	0	2.39581e-08	0	0	0	0
48.625	0	1.01017e-08	0	0	0	0
48.875	0	3.73666e-08	0	0	5.84342e-09	0
49.125	0	2.38383e-08	0	0	1.00625e-08	0
49.375	0	1.2878e-08	0	0	0	0
49.625	0	2.15461e-08	0	0	0	0
49.875	0	3.48337e-08	0	0	0	0
50.125	0	8.07508e-09	0	0	6.9286e-09	0
50.375	0	3.6426e-08	0	0	0	0
50.625	0	6.76212e-09	0	0	0	0
50.875	0	1.51202e-08	0	0	0	0
51.125	0	3.337e-08	0	0	7.32575e-09	0
51.375	0	2.37855e-08	0	0	0	0
51.625	0	0	0	0	0	0
51.875	0	1.82544e-08	0	0	0	0
52.125	0	1.24928e-08	0	0	0	0
52.375	0	1.67096e-08	0	0	0	0
52.625	0	2.2611e-08	0	0	0	0
52.875	0	2.2457e-08	0	0	0	0
53.125	0	3.80541e-08	0	0	0	0
53.375	0	2.28017e-08	0	0	0	0
53.625	0	0	0	0	0	0
53.875	0	1.14063e-08	0	0	0	0
54.125	0	0	0	0	0	0
54.375	0	8.17733e-09	0	0	0	0
54.625	0	3.24715e-08	0	0	0	0
54.875	0	1.71577e-08	0	0	0	0
55.125	0	0	0	0	0	0
55.375	0	1.15683e-08	0	0	0	0
55.625	0	1.25853e-08	0	0	0	0
55.875	0	1.0483e-08	0	0	0	0
56.125	1.00758e-08	0	0	0	0	0
56.375	0	2.77576e-08	0	0	0	0
56.625	0	2.35025e-08	0	0	0	0
56.875	0	1.04813e-08	0	0	1.2517e-08	0
57.125	0	1.0417e-08	0	0	0	0
57.375	0	8.12657e-09	0	0	0	0
57.625	0	1.8096e-08	0	0	0	0
57.875	0	2.3515e-08	0	0	0	0
58.125	0	8.43235e-09	0	0	0	0
58.375	0	1.86418e-08	0	0	9.96727e-09	0
58.625	0	1.97584e-08	0	0	0	0
58.875	0	8.93961e-09	0	0	0	0
59.125	0	8.25505e-09	0	0	0	0
59.375	0	8.35895e-09	0	0	0	0
59.625	0	2.60552e-08	0	0	0	0
59.875	0	9.61231e-09	0	0	0	0
60.125	0	2.90324e-08	0	0	0	0
60.375	0	0	0	0	0	0
60.625	0	2.31711e-08	0	0	0	0
60.875	0	1.314e-08	0	0	0	0
61.125	0	2.04213e-08	0	0	0	0
61.375	0	9.569e-09	0	0	0	0
61.625	0	0	0	0	0	0
61.875	0	9.35047e-09	0	0	0	0
62.125	0	3.09435e-08	0	0	0	0
62.375	0	0	0	0	0	0
62.625	0	0	0	0	0	0
62.875	0	1.2418e-08	0	0	0	0
63.125	0	0	0	0	0	0
63.375	0	0	0	0	0	0
63.625	0	1.29162e-08	0	0	0	0
63.875	0	0	0	0	0	0
64.125	0	5.69077e-08	0	0	0	0
64.375	0	2.24733e-08	0	0	0	0
64.625	0	1.18149e-08	0	0	0	0
64.875	0	1.39647e-08	0	0	0	0
65.125	0	0	0	0	0	0
65.375	0	1.12754e-08	0	0	0	0
65.625	0	0	0	0	0	0
65.875	0	2.78762e-08	0	0	0	0
66.125	0	0	0	0	0	0
66.375	0	0	0	0	0	0
66.625	0	2.9775e-08	0	0	0	0
66.875	0	0	0	0	0	0
67.125	0	0	0	0	0	0
67.375	0	0	0	0	0	0
67.625	0	3.4183e-08	0	0	0	0
67.875	0	0	0	0	0	0
68.125	0	0	0	0	0	0
68.375	0	0	0	0	0	0
68.625	0	0	0	0	0	0
68.875	0	0	0	0	0	0
69.125	0	0	0	0	0	0
69.375	0	0	0	0	0	0
69.625	0	2.89934e-08	0	0	0	0
69.875	0	0	0	0	0	0
70.125	0	0	0	0	0	0
70.375	0	0	0	0	0	0
70.625	0	2.15289e-08	0	0	0	0
70.875	0	0	0	0	0	0
71.125	0	0	0	0	0	0
71.375	0	0	0	0	0	0
71.625	0	0	0	0	0	0
71.875	0	0	0	0	0	0
72.125	0	0	0	0	0	0
72.375	0	0	0	0	0	0
72.625	0	0	0	0	0	0
72.875	0	0	0	0	0	0
73.125	0	0	0	0	0	0
73.375	0	0	0	0	0	0
73.625	0	0	0	0	0	0
73.875	0	0	0	0	0	0
74.125	0	0	0	0	0	0
74.375	0	0	0	0	0	0
74.625	0	0	0	0	0	0
74.875	0	0	0	0	0	0
75.125	0	1.76249e-08	0	0	0	0
75.375	0	0	0	0	0	0
75.625	0	0	0	0	0	0
75.875	0	0	0	0	0	0
76.125	0	1.61149e-08	0	0	0	0
76.375	0	0	0	0	0	0
76.625	0	3.62583e-08	0	0	0	0
76.875	0	0	0	0	0	0
77.125	0	0	0	0	0	0
77.375	0	0	0	0	0	0
77.625	0	0	0	0	0	0
77.875	0	0	0	0	0	0
78.125	0	0	0	0	0	0
78.375	0	0	0	0	0	0
78.625	0	0	0	0	0	0
78.875	0	0	0	0	0	0
79.125	0	0	0	0	0	0
79.375	0	0	0	0	0	0
79.625	0	0	0	0	0	0
79.875	0	0	0	0	0	0
80.125	0	0	0	0	0	0
80.375	0	0	0	0	0	0
80.625	0	0	0	0	0	0
80.875	0	0	0	0	0	0
81.125	0	0	0	0	0	0
81.375	0	0	0	0	0	0
81.625	0	0	0	0	0	0
81.875	0	0	0	0	0	0
82.125	0	0	0	0	0	0
82.375	0	0	0	0	0	0
82.625	0	0	0	0	0	0
82.875	0	0	0	0	0	0
83.125	0	0	0	0	0	0
83.375	0	0	0	0	0	0
83.625	0	0	0	0	0	0
83.875	0	0	0	0	0	0
84.125	0	0	0	0	0	0
84.375	0	0	0	0	0	0
84.625	0	0	0	0	0	0
84.875	0	0	0	0	0	0
85.125	0	0	0	0	0	0
85.375	0	0	0	0	0	0
85.625	0	0	0	0	0	0
85.875	0	0	0	0	0	0
86.125	0	0	0	0	0	0
86.375	0	0	0	0	0	0
86.625	0	0	0	0	0	0
86.875	0	0	0	0	0	0
87.125	0	0	0	0	0	0
87.375	0	0	0	0	0	0
87.625	0	0	0	0	0	0
87.875	0	0	0	0	0	0
88.125	0	0	0	0	0	0
88.375	0	0	0	0	0	0
88.625	0	0	0	0	0	0
88.875	0	0	0	0	0	0
89.125	0	0	0	0	0	0
89.375	0	0	0	0	0	0
89.625	0	0	0	0	0	0
89.875	0	0	0	0	0	0
90.125	0	0	0	0	0	0
90.375	0	0	0	0	0	0
90.625	0	0	0	0	0	0
90.875	0	0	0	0	0	0
91.125	0	0	0	0	0	0
91.375	0	0	0	0	0	0
91.625	0	0	0	0	0	0
91.875	0	0	0	0	0	0
92.125	0	0	0	0	0	0
92.375	0	0	0	0	0	0
92.625	0	0	0	0	0	0
92.875	0	0	0	0	0	0
93.125	0	0	0	0	0	0
93.375	0	0	0	0	0	0
93.625	0	0	0	0	0	0
93.875	0	0	0	0	0	0
94.125	0	0	0	0	0	0
94.375	0	0	0	0	0	0
94.625	0	0	0	0	0	0
94.875	0	0	0	0	0	0
95.125	0	0	0	0	0	0
95.375	0	0	0	0	0	0
95.625	0	0	0	0	0	0
95.875	0	0	0	0	0	0
96.125	0	0	0	0	0	0
96.375	0	0	0	0	0	0
96.625	0	0	0	0	0	0
96.875	0	0	0	0	0	0
97.125	0	0	0	0	0	0
97.375	0	0	0	0	0	0
97.625	0	0	0	0	0	0
97.875	0	0	0	0	0	0
98.125	0	0	0	0	0	0
98.375	0	0	0	0	0	0
98.625	0	0	0	0	0	0
98.875	0	0	0	0	0	0
99.125	0	0	0	0	0	0
99.375	0	0	0	0	0	0
99.625	0	0	0	0	0	0
99.875	0	0	0	0	0	0
100.125	0	0	0	0	0	0
100.375	0	0	0	0	0	0
100.625	0	0	0	0	0	0
100.875	0	0	0	0	0	0
101.125	0	0	0	0	0	0
101.375	0	0	0	0	0	0
101.625	0	0	0	0	0	0
101.875	0	0	0	0	0	0
102.125	0	0	0	0	0	0
102.375	0	0	0	0	0	0
102.625	0	0	0	0	0	0
102.875	0	0	0	0	0	0
103.125	0	0	0	0	0	0
103.375	0	0	0	0	0	0
103.625	0	0	0	0	0	0
103.875	0	0	0	0	0	0
104.125	0	0	0	0	0	0
104.375	0	0	0	0	0	0
104.625	0	0	0	0	0	0
104.875	0	0	0	0	0	0
105.125	0	0	0	0	0	0
105.375	0	0	0	0	0	0
105.625	0	0	0	0	0	0
105.875	0	0	0	0	0	0
106.125	0	0	0	0	0	0
106.375	0	0	0	0	0	0
106.625	0	0	0	0	0	0
106.875	0	0	0	0	0	0
107.125	0	0	0	0	0	0
107.375	0	0	0	0	0	0
107.625	0	0	0	0	0	0
107.875	0	0	0	0	0	0
108.125	0	0	0	0	0	0
108.375	0	0	0	0	0	0
108.625	0	0	0	0	0	0
108.875	0	0	0	0	0	0
109.125	0	0	0	0	0	0
109.375	0	0	0	0	0	0
109.625	0	0	0	0	0	0
109.875	0	0	0	0	0	0
110.125	0	0	0	0	0	0
110.375	0	0	0	0	0	0
110.625	0	0	0	0	0	0
110.875	0	0	0	0	0	0
111.125	0	0	0	0	0	0
111.375	0	0	0	0	0	0
111.625	0	0	0	0	0	0
111.875	0	0	0	0	0	0
112.125	0	0	0	0	0	0
112.375	0	0	0	0	0	0
112.625	0	0	0	0	0	0
112.875	0	0	0	0	0	0
113.125	0	0	0	0	0	0
113.375	0	0	0	0	0	0
113.625	0	0	0	0	0	0
113.875	0	0	0	0	0	0
114.125	0	0	0	0	0	0
114.375	0	0	0	0	0	0
114.625	0	0	0	0	0	0
114.875	0	0	0	0	0	0
115.125	0	0	0	0	0	0
115.375	0	0	0	0	0	0
115.625	0	0	0	0	0	0
115.875	0	0	0	0	0	0
116.125	0	0	0	0	0	0
116.375	0	0	0	0	0	0
116.625	0	0	0	0	0	0
116.875	0	0	0	0	0	0
117.125	0	0	0	0	0	0
117.375	0	0	0	0	0	0
117.625	0	0	0	0	0	0
117.875	0	0	0	0	0	0
118.125	0	0	0	0	0	0
118.375	0	0	0	0	0	0
118.625	0	0	0	0	0	0
118.875	0	0	0	0	0	0
119.125	0	0	0	0	0	0
119.375	0	0	0	0	0	0
119.625	0	0	0	0	0	0
119.875	0	0	0	0	0	0
120.125	0	0	0	0	0	0
120.375	0	0	0	0	0	0
120.625	0	0	0	0	0	0
120.875	0	0	0	0	0	0
121.125	0	0	0	0	0	0
121.375	0	0	0	0	0	0
121.625	0	0	0	0	0	0
121.875	0	0	0	0	0	0
122.125	0	0	0	0	0	0
122.375	0	0	0	0	0	0
122.625	0	0	0	0	0	0
122.875	0	0	0	0	0	0
123.125	0	0	0	0	0	0
123.375	0	0	0	0	0	0
123.625	0	0	0	0	0	0
123.875	0	0	0	0	0	0
124.125	0	0	0	0	0	0
124.375	0	0	0	0	0	0
124.625	0	0	0	0	0	0
124.875	0	0	0	0	0	0
125.125	0	0	0	0	0	0
