0.125	2.01228e-14	3.31229e-13	0	1.38626e-15	2.96625e-13	0
0.375	5.67342e-14	3.38689e-12	0	4.44336e-15	8.63874e-13	0
0.625	1.43067e-13	9.85193e-12	0	7.70728e-15	9.96224e-13	0
0.875	1.74302e-13	1.53934e-11	0	6.696e-15	1.03156e-12	0
1.125	1.76414e-13	1.89603e-11	0	9.76266e-15	1.03619e-12	0
1.375	1.66995e-13	2.0465e-11	0	7.40043e-15	9.38634e-13	0
1.625	1.83807e-13	2.30058e-11	0	4.75828e-15	8.95887e-13	0
1.875	1.806e-13	2.5963e-11	0	5.59108e-15	8.56606e-13	0
2.125	1.83312e-13	2.89803e-11	0	6.27928e-15	7.8668e-13	0
2.375	1.62863e-13	2.9618e-11	0	4.75433e-15	7.66096e-13	0
2.625	1.46848e-13	2.79913e-11	0	5.86131e-15	6.68208e-13	0
2.875	1.27377e-13	2.53858e-11	0	4.1437e-15	6.1213e-13	0
3.125	1.39631e-13	2.23471e-11	0	2.8571e-15	5.48575e-13	0
3.375	1.40792e-13	1.79737e-11	0	5.27066e-15	4.96875e-13	0
3.625	9.00132e-14	1.31473e-11	0	2.82089e-15	3.80447e-13	0
3.875	1.01174e-13	8.75443e-12	0	9.48799e-15	4.41232e-13	0
4.125	5.42039e-14	5.62449e-12	0	3.20052e-15	3.56017e-13	0
4.375	8.10422e-14	3.57986e-12	0	2.28786e-15	2.85861e-13	0
4.625	3.95571e-14	2.20228e-12	0	5.5268e-15	3.15688e-13	0
4.875	4.51132e-14	1.60444e-12	0	8.61272e-16	3.53429e-13	0
5.125	3.97521e-14	1.22224e-12	0	2.72758e-15	3.09566e-13	0
5.375	4.18182e-14	8.75984e-13	0	6.90809e-15	2.34469e-13	0
5.625	2.55878e-14	7.05782e-13	0	1.30492e-15	2.33893e-13	0
5.875	2.04236e-14	5.04992e-13	0	6.80786e-16	1.94646e-13	0
6.125	4.45747e-14	4.23626e-13	0	2.37722e-15	1.59473e-13	0
6.375	3.40067e-14	4.25877e-13	0	1.47204e-15	1.52288e-13	0
6.625	1.46748e-14	3.55903e-13	0	1.48838e-15	9.12732e-14	0
6.875	1.9559e-14	3.50739e-13	0	2.93433e-15	1.14345e-13	0
7.125	1.1819e-14	2.97846e-13	0	5.71478e-16	8.83056e-14	0
7.375	4.2553e-14	2.8865e-13	0	3.44402e-15	7.73193e-14	0
7.625	8.08629e-15	2.83931e-13	0	1.63613e-15	4.78936e-14	0
7.875	1.97032e-14	2.95833e-13	0	2.08573e-15	7.46898e-14	0
8.125	1.50985e-14	2.31099e-13	0	1.92247e-15	3.33465e-14	0
8.375	9.3883e-15	2.55395e-13	0	6.22521e-16	7.6539e-14	0
8.625	4.82678e-15	2.1091e-13	0	8.3397e-16	1.8918e-14	0
8.875	1.02649e-14	2.11361e-13	0	9.98251e-16	4.85041e-14	0
9.125	1.39074e-14	2.0669e-13	0	4.44678e-16	3.42321e-14	0
9.375	4.96177e-15	1.97366e-13	0	1.28731e-15	2.22929e-14	0
9.625	3.55669e-15	2.1802e-13	0	6.35931e-16	3.61658e-14	0
9.875	4.31775e-15	1.6211e-13	0	1.23048e-15	5.68102e-14	0
10.125	6.26261e-15	1.68467e-13	0	3.05963e-16	3.03662e-14	0
10.375	4.07149e-15	1.79508e-13	0	3.86627e-16	2.97644e-14	0
10.625	1.21893e-14	1.84333e-13	0	2.90665e-16	1.66246e-14	0
10.875	4.47411e-15	1.59775e-13	0	3.75219e-16	4.46497e-14	0
11.125	3.64372e-15	1.34436e-13	0	3.942e-16	2.67423e-14	0
11.375	4.99734e-15	1.40937e-13	0	1.11928e-15	1.99387e-14	0
11.625	3.00448e-15	1.40566e-13	0	6.26995e-16	5.96512e-15	0
11.875	4.48385e-15	1.62593e-13	0	0	8.1158e-15	0
12.125	2.00655e-15	1.44848e-13	0	7.70623e-16	2.29522e-14	0
12.375	1.90381e-15	1.45311e-13	0	7.72231e-16	7.61255e-15	0
12.625	2.75671e-15	1.1037e-13	0	4.38606e-16	4.88242e-15	0
12.875	3.34356e-15	7.92787e-14	0	0	8.08548e-15	0
13.125	9.86747e-16	8.81482e-14	0	0	2.05734e-14	0
13.375	1.53727e-15	9.34142e-14	0	0	1.9512e-14	0
13.625	1.66492e-15	8.84948e-14	0	0	5.60083e-15	0
13.875	2.23972e-15	8.41907e-14	0	7.06899e-16	7.72634e-15	0
14.125	1.11607e-15	7.94805e-14	0	0	4.42171e-15	0
14.375	0	7.7181e-14	0	0	4.8508e-15	0
14.625	2.52347e-15	7.42866e-14	0	0	1.12118e-15	0
14.875	9.0984e-16	5.20945e-14	0	8.27489e-16	5.30915e-15	0
15.125	5.30828e-16	5.85088e-14	0	0	3.45699e-15	0
15.375	8.30441e-16	5.25839e-14	0	0	2.51847e-15	0
15.625	8.70159e-16	4.67215e-14	0	0	6.08461e-15	0
15.875	1.11488e-15	4.08333e-14	0	0	3.62625e-15	0
16.125	0	5.11036e-14	0	0	2.32152e-14	0
16.375	0	4.39345e-14	0	0	4.03875e-15	0
16.625	1.10739e-15	4.48051e-14	0	1.42217e-15	3.61036e-15	0
16.875	0	5.67413e-14	0	0	2.42594e-15	0
17.125	2.12169e-15	3.63769e-14	0	0	0	0
17.375	0	3.37068e-14	0	0	2.21564e-15	0
17.625	2.66024e-15	3.15431e-14	0	0	2.96136e-14	0
17.875	6.75242e-16	2.58247e-14	0	9.72224e-16	3.76135e-15	0
18.125	9.62577e-16	2.65733e-14	0	0	1.77774e-15	0
18.375	0	2.48648e-14	0	0	1.18333e-15	0
18.625	1.08416e-15	2.9828e-14	0	0	3.16045e-14	0
18.875	0	2.70586e-14	0	0	2.21884e-15	0
19.125	1.01227e-15	1.89808e-14	0	0	5.02098e-16	0
19.375	0	2.18626e-14	0	0	1.15568e-15	0
19.625	6.78357e-16	1.71397e-14	0	0	1.18337e-15	0
19.875	0	1.25289e-14	0	0	1.27536e-15	0
20.125	0	2.51247e-14	0	0	2.03523e-15	0
20.375	0	1.71785e-14	0	0	1.99573e-15	0
20.625	0	2.17219e-14	0	0	9.65518e-16	0
20.875	0	2.18554e-14	0	0	1.25866e-15	0
21.125	0	1.55546e-14	0	0	6.89938e-16	0
21.375	2.18131e-15	1.82391e-14	0	0	2.10451e-15	0
21.625	2.03977e-15	1.96992e-14	0	0	2.27617e-15	0
21.875	1.04018e-15	1.80166e-14	0	0	0	0
22.125	0	1.73096e-14	0	0	2.10839e-15	0
22.375	0	1.25972e-14	0	0	0	0
22.625	0	1.7491e-14	0	0	6.92975e-16	0
22.875	0	1.49687e-14	0	0	1.43277e-15	0
23.125	0	7.0538e-15	0	0	0	0
23.375	0	9.61551e-15	0	0	0	0
23.625	0	8.67656e-15	0	0	0	0
23.875	0	1.19689e-14	0	0	0	0
24.125	0	9.72133e-15	0	0	1.70684e-15	0
24.375	0	8.12082e-15	0	0	0	0
24.625	0	9.22322e-15	0	0	0	0
24.875	0	7.67751e-15	0	0	0	0
25.125	0	1.39508e-14	0	0	9.2386e-16	0
25.375	0	9.68753e-15	0	0	1.84867e-15	0
25.625	0	8.10308e-15	0	0	0	0
25.875	0	1.00689e-14	0	0	0	0
26.125	0	2.78627e-15	0	0	0	0
26.375	0	4.7285e-15	0	0	9.47301e-16	0
26.625	0	3.85841e-15	0	0	0	0
26.875	0	8.86046e-15	0	0	9.75867e-16	0
27.125	0	2.99205e-15	0	0	0	0
27.375	0	7.11044e-15	0	0	0	0
27.625	0	3.11906e-15	0	0	0	0
27.875	0	5.28852e-15	0	0	0	0
28.125	0	3.2287e-15	0	0	0	0
28.375	0	5.46655e-15	0	0	0	0
28.625	0	3.34056e-15	0	0	0	0
28.875	0	9.07097e-15	0	0	0	0
29.125	0	3.43666e-15	0	0	1.15984e-15	0
29.375	0	2.34287e-15	0	0	0	0
29.625	0	7.15506e-15	0	0	1.20013e-15	0
29.875	0	3.61335e-15	0	0	0	0
30.125	0	6.15444e-15	0	0	0	0
30.375	0	2.50351e-15	0	0	0	0
30.625	0	3.82076e-15	0	0	0	0
30.875	0	3.88309e-15	0	0	0	0
31.125	0	9.20414e-15	0	0	0	0
31.375	0	2.68098e-15	0	0	0	0
31.625	0	6.79441e-15	0	0	0	0
31.875	0	4.13838e-15	0	0	0	0
32.125	0	1.40596e-15	0	0	0	0
32.375	0	0	0	0	0	0
32.625	0	1.45645e-15	0	0	0	0
32.875	0	4.3896e-15	0	0	0	0
33.125	0	0	0	0	0	0
33.375	0	0	0	0	0	0
33.625	0	1.53258e-15	0	0	0	0
33.875	0	0	0	0	0	0
34.125	0	3.15942e-15	0	0	0	0
34.375	0	0	0	0	0	0
34.625	0	0	0	0	0	0
34.875	0	0	0	0	0	0
35.125	0	0	0	0	0	0
35.375	0	0	0	0	0	0
35.625	0	0	0	0	0	0
35.875	0	3.49941e-15	0	0	0	0
36.125	0	0	0	0	0	0
36.375	0	0	0	0	0	0
36.625	0	0	0	0	0	0
36.875	0	0	0	0	0	0
37.125	0	0	0	0	0	0
37.375	0	1.89823e-15	0	0	0	0
37.625	0	1.92768e-15	0	0	0	0
37.875	0	0	0	0	0	0
38.125	0	0	0	0	0	0
38.375	0	0	0	0	0	0
38.625	0	0	0	0	0	0
38.875	0	0	0	0	0	0
39.125	0	0	0	0	0	0
39.375	0	0	0	0	0	0
39.625	0	0	0	0	0	0
39.875	0	0	0	0	0	0
40.125	0	0	0	0	0	0
40.375	0	0	0	0	0	0
40.625	0	0	0	0	0	0
40.875	0	0	0	0	0	0
41.125	0	0	0	0	0	0
41.375	0	0	0	0	0	0
41.625	0	0	0	0	0	0
41.875	0	0	0	0	0	0
42.125	0	0	0	0	0	0
42.375	0	0	0	0	0	0
42.625	0	0	0	0	0	0
42.875	0	0	0	0	0	0
43.125	0	0	0	0	0	0
43.375	0	0	0	0	0	0
43.625	0	0	0	0	0	0
43.875	0	0	0	0	0	0
44.125	0	0	0	0	0	0
44.375	0	0	0	0	0	0
44.625	0	0	0	0	0	0
44.875	0	0	0	0	0	0
45.125	0	0	0	0	0	0
45.375	0	0	0	0	0	0
45.625	0	0	0	0	0	0
45.875	0	0	0	0	0	0
46.125	0	0	0	0	0	0
46.375	0	0	0	0	0	0
46.625	0	0	0	0	0	0
46.875	0	0	0	0	0	0
47.125	0	0	0	0	0	0
47.375	0	0	0	0	0	0
47.625	0	0	0	0	0	0
47.875	0	6.2469e-15	0	0	0	0
48.125	0	0	0	0	0	0
48.375	0	0	0	0	0	0
48.625	0	0	0	0	0	0
48.875	0	0	0	0	0	0
49.125	0	0	0	0	0	0
49.375	0	0	0	0	0	0
49.625	0	0	0	0	0	0
49.875	0	0	0	0	0	0
50.125	0	0	0	0	0	0
50.375	0	0	0	0	0	0
50.625	0	0	0	0	0	0
50.875	0	0	0	0	0	0
51.125	0	0	0	0	0	0
51.375	0	0	0	0	0	0
51.625	0	0	0	0	0	0
51.875	0	0	0	0	0	0
52.125	0	0	0	0	0	0
52.375	0	0	0	0	0	0
52.625	0	0	0	0	0	0
52.875	0	0	0	0	0	0
53.125	0	0	0	0	0	0
53.375	0	0	0	0	0	0
53.625	0	0	0	0	0	0
53.875	0	0	0	0	0	0
54.125	0	0	0	0	0	0
54.375	0	0	0	0	0	0
54.625	0	0	0	0	0	0
54.875	0	0	0	0	0	0
55.125	0	0	0	0	0	0
55.375	0	0	0	0	0	0
55.625	0	0	0	0	0	0
55.875	0	0	0	0	0	0
56.125	0	0	0	0	0	0
56.375	0	0	0	0	0	0
56.625	0	0	0	0	0	0
56.875	0	0	0	0	0	0
57.125	0	0	0	0	0	0
57.375	0	0	0	0	0	0
57.625	0	0	0	0	0	0
57.875	0	0	0	0	0	0
58.125	0	0	0	0	0	0
58.375	0	0	0	0	0	0
58.625	0	0	0	0	0	0
58.875	0	0	0	0	0	0
59.125	0	0	0	0	0	0
59.375	0	0	0	0	0	0
59.625	0	0	0	0	0	0
59.875	0	0	0	0	0	0
60.125	0	0	0	0	0	0
60.375	0	0	0	0	0	0
60.625	0	0	0	0	0	0
60.875	0	0	0	0	0	0
61.125	0	0	0	0	0	0
61.375	0	0	0	0	0	0
61.625	0	0	0	0	0	0
61.875	0	0	0	0	0	0
62.125	0	0	0	0	0	0
62.375	0	0	0	0	0	0
62.625	0	0	0	0	0	0
62.875	0	0	0	0	0	0
63.125	0	0	0	0	0	0
63.375	0	0	0	0	0	0
63.625	0	0	0	0	0	0
63.875	0	0	0	0	0	0
64.125	0	0	0	0	0	0
64.375	0	0	0	0	0	0
64.625	0	0	0	0	0	0
64.875	0	0	0	0	0	0
65.125	0	0	0	0	0	0
65.375	0	0	0	0	0	0
65.625	0	0	0	0	0	0
65.875	0	0	0	0	0	0
66.125	0	0	0	0	0	0
66.375	0	0	0	0	0	0
66.625	0	0	0	0	0	0
66.875	0	0	0	0	0	0
67.125	0	0	0	0	0	0
67.375	0	0	0	0	0	0
67.625	0	0	0	0	0	0
67.875	0	0	0	0	0	0
68.125	0	0	0	0	0	0
68.375	0	0	0	0	0	0
68.625	0	0	0	0	0	0
68.875	0	0	0	0	0	0
69.125	0	0	0	0	0	0
69.375	0	0	0	0	0	0
69.625	0	0	0	0	0	0
69.875	0	0	0	0	0	0
70.125	0	0	0	0	0	0
70.375	0	0	0	0	0	0
70.625	0	0	0	0	0	0
70.875	0	0	0	0	0	0
71.125	0	0	0	0	0	0
71.375	0	0	0	0	0	0
71.625	0	0	0	0	0	0
71.875	0	0	0	0	0	0
72.125	0	0	0	0	0	0
72.375	0	0	0	0	0	0
72.625	0	0	0	0	0	0
72.875	0	0	0	0	0	0
73.125	0	0	0	0	0	0
73.375	0	0	0	0	0	0
73.625	0	0	0	0	0	0
73.875	0	0	0	0	0	0
74.125	0	0	0	0	0	0
74.375	0	0	0	0	0	0
74.625	0	0	0	0	0	0
74.875	0	0	0	0	0	0
75.125	0	0	0	0	0	0
75.375	0	0	0	0	0	0
75.625	0	0	0	0	0	0
75.875	0	0	0	0	0	0
76.125	0	0	0	0	0	0
76.375	0	0	0	0	0	0
76.625	0	0	0	0	0	0
76.875	0	0	0	0	0	0
77.125	0	0	0	0	0	0
77.375	0	0	0	0	0	0
77.625	0	0	0	0	0	0
77.875	0	0	0	0	0	0
78.125	0	0	0	0	0	0
78.375	0	0	0	0	0	0
78.625	0	0	0	0	0	0
78.875	0	0	0	0	0	0
79.125	0	0	0	0	0	0
79.375	0	0	0	0	0	0
79.625	0	0	0	0	0	0
79.875	0	0	0	0	0	0
80.125	0	0	0	0	0	0
80.375	0	0	0	0	0	0
80.625	0	0	0	0	0	0
80.875	0	0	0	0	0	0
81.125	0	0	0	0	0	0
81.375	0	0	0	0	0	0
81.625	0	0	0	0	0	0
81.875	0	0	0	0	0	0
82.125	0	0	0	0	0	0
82.375	0	0	0	0	0	0
82.625	0	0	0	0	0	0
82.875	0	0	0	0	0	0
83.125	0	0	0	0	0	0
83.375	0	0	0	0	0	0
83.625	0	0	0	0	0	0
83.875	0	0	0	0	0	0
84.125	0	0	0	0	0	0
84.375	0	0	0	0	0	0
84.625	0	0	0	0	0	0
84.875	0	0	0	0	0	0
85.125	0	0	0	0	0	0
85.375	0	0	0	0	0	0
85.625	0	0	0	0	0	0
85.875	0	0	0	0	0	0
86.125	0	0	0	0	0	0
86.375	0	0	0	0	0	0
86.625	0	0	0	0	0	0
86.875	0	0	0	0	0	0
87.125	0	0	0	0	0	0
87.375	0	0	0	0	0	0
87.625	0	0	0	0	0	0
87.875	0	0	0	0	0	0
88.125	0	0	0	0	0	0
88.375	0	0	0	0	0	0
88.625	0	0	0	0	0	0
88.875	0	0	0	0	0	0
89.125	0	0	0	0	0	0
89.375	0	0	0	0	0	0
89.625	0	0	0	0	0	0
89.875	0	0	0	0	0	0
90.125	0	0	0	0	0	0
90.375	0	0	0	0	0	0
90.625	0	0	0	0	0	0
90.875	0	0	0	0	0	0
91.125	0	0	0	0	0	0
91.375	0	0	0	0	0	0
91.625	0	0	0	0	0	0
91.875	0	0	0	0	0	0
92.125	0	0	0	0	0	0
92.375	0	0	0	0	0	0
92.625	0	0	0	0	0	0
92.875	0	0	0	0	0	0
93.125	0	0	0	0	0	0
93.375	0	0	0	0	0	0
93.625	0	0	0	0	0	0
93.875	0	0	0	0	0	0
94.125	0	0	0	0	0	0
94.375	0	0	0	0	0	0
94.625	0	0	0	0	0	0
94.875	0	0	0	0	0	0
95.125	0	0	0	0	0	0
95.375	0	0	0	0	0	0
95.625	0	0	0	0	0	0
95.875	0	0	0	0	0	0
96.125	0	0	0	0	0	0
96.375	0	0	0	0	0	0
96.625	0	0	0	0	0	0
96.875	0	0	0	0	0	0
97.125	0	0	0	0	0	0
97.375	0	0	0	0	0	0
97.625	0	0	0	0	0	0
97.875	0	0	0	0	0	0
98.125	0	0	0	0	0	0
98.375	0	0	0	0	0	0
98.625	0	0	0	0	0	0
98.875	0	0	0	0	0	0
99.125	0	0	0	0	0	0
99.375	0	0	0	0	0	0
99.625	0	0	0	0	0	0
99.875	0	0	0	0	0	0
100.125	0	0	0	0	0	0
100.375	0	0	0	0	0	0
100.625	0	0	0	0	0	0
100.875	0	0	0	0	0	0
101.125	0	0	0	0	0	0
101.375	0	0	0	0	0	0
101.625	0	0	0	0	0	0
101.875	0	0	0	0	0	0
102.125	0	0	0	0	0	0
102.375	0	0	0	0	0	0
102.625	0	0	0	0	0	0
102.875	0	0	0	0	0	0
103.125	0	0	0	0	0	0
103.375	0	0	0	0	0	0
103.625	0	0	0	0	0	0
103.875	0	0	0	0	0	0
104.125	0	0	0	0	0	0
104.375	0	0	0	0	0	0
104.625	0	0	0	0	0	0
104.875	0	0	0	0	0	0
105.125	0	0	0	0	0	0
105.375	0	0	0	0	0	0
105.625	0	0	0	0	0	0
105.875	0	0	0	0	0	0
106.125	0	0	0	0	0	0
106.375	0	0	0	0	0	0
106.625	0	0	0	0	0	0
106.875	0	0	0	0	0	0
107.125	0	0	0	0	0	0
107.375	0	0	0	0	0	0
107.625	0	0	0	0	0	0
107.875	0	0	0	0	0	0
108.125	0	0	0	0	0	0
108.375	0	0	0	0	0	0
108.625	0	0	0	0	0	0
108.875	0	0	0	0	0	0
109.125	0	0	0	0	0	0
109.375	0	0	0	0	0	0
109.625	0	0	0	0	0	0
109.875	0	0	0	0	0	0
110.125	0	0	0	0	0	0
110.375	0	0	0	0	0	0
110.625	0	0	0	0	0	0
110.875	0	0	0	0	0	0
111.125	0	0	0	0	0	0
111.375	0	0	0	0	0	0
111.625	0	0	0	0	0	0
111.875	0	0	0	0	0	0
112.125	0	0	0	0	0	0
112.375	0	0	0	0	0	0
112.625	0	0	0	0	0	0
112.875	0	0	0	0	0	0
113.125	0	0	0	0	0	0
113.375	0	0	0	0	0	0
113.625	0	0	0	0	0	0
113.875	0	0	0	0	0	0
114.125	0	0	0	0	0	0
114.375	0	0	0	0	0	0
114.625	0	0	0	0	0	0
114.875	0	0	0	0	0	0
115.125	0	0	0	0	0	0
115.375	0	0	0	0	0	0
115.625	0	0	0	0	0	0
115.875	0	0	0	0	0	0
116.125	0	0	0	0	0	0
116.375	0	0	0	0	0	0
116.625	0	0	0	0	0	0
116.875	0	0	0	0	0	0
117.125	0	0	0	0	0	0
117.375	0	0	0	0	0	0
117.625	0	0	0	0	0	0
117.875	0	0	0	0	0	0
118.125	0	0	0	0	0	0
118.375	0	0	0	0	0	0
118.625	0	0	0	0	0	0
118.875	0	0	0	0	0	0
119.125	0	0	0	0	0	0
119.375	0	0	0	0	0	0
119.625	0	0	0	0	0	0
119.875	0	0	0	0	0	0
120.125	0	0	0	0	0	0
120.375	0	0	0	0	0	0
120.625	0	0	0	0	0	0
120.875	0	0	0	0	0	0
121.125	0	0	0	0	0	0
121.375	0	0	0	0	0	0
121.625	0	0	0	0	0	0
121.875	0	0	0	0	0	0
122.125	0	0	0	0	0	0
122.375	0	0	0	0	0	0
122.625	0	0	0	0	0	0
122.875	0	0	0	0	0	0
123.125	0	0	0	0	0	0
123.375	0	0	0	0	0	0
123.625	0	0	0	0	0	0
123.875	0	0	0	0	0	0
124.125	0	0	0	0	0	0
124.375	0	0	0	0	0	0
124.625	0	0	0	0	0	0
124.875	0	0	0	0	0	0
125.125	0	0	0	0	0	0
