0.125	2.80256e-15	5.86995e-13	0	2.25348e-14	5.68058e-13	0
0.375	1.54577e-14	1.76819e-12	0	9.02205e-14	5.61497e-12	0
0.625	1.931e-14	2.1442e-12	0	1.58032e-13	1.58461e-11	0
0.875	2.27297e-14	2.27996e-12	0	2.43879e-13	2.43644e-11	0
1.125	1.87411e-14	2.42231e-12	0	2.32812e-13	2.96762e-11	0
1.375	2.37253e-14	2.4144e-12	0	2.48501e-13	3.21841e-11	0
1.625	2.39115e-14	2.40386e-12	0	2.42065e-13	3.52896e-11	0
1.875	2.44914e-14	2.32636e-12	0	2.26844e-13	3.976e-11	0
2.125	3.08345e-14	2.30776e-12	0	1.98774e-13	4.4023e-11	0
2.375	2.38734e-14	2.36774e-12	0	1.43167e-13	4.41969e-11	0
2.625	1.9553e-14	2.25292e-12	0	1.50097e-13	4.07712e-11	0
2.875	1.70729e-14	2.10957e-12	0	1.81518e-13	3.59854e-11	0
3.125	1.87768e-14	2.10914e-12	0	1.65623e-13	3.11957e-11	0
3.375	2.03682e-14	1.85392e-12	0	1.65223e-13	2.56519e-11	0
3.625	1.54056e-14	1.66674e-12	0	1.09811e-13	1.85602e-11	0
3.875	2.19921e-14	1.46397e-12	0	1.10416e-13	1.24361e-11	0
4.125	1.87689e-14	1.48756e-12	0	7.37196e-14	8.62479e-12	0
4.375	2.05364e-14	1.44632e-12	0	8.58545e-14	5.91869e-12	0
4.625	1.63152e-14	1.48442e-12	0	9.64935e-14	4.23314e-12	0
4.875	1.37255e-14	1.45156e-12	0	5.32393e-14	3.40574e-12	0
5.125	1.43259e-14	1.44399e-12	0	5.86693e-14	2.63408e-12	0
5.375	1.85403e-14	1.49874e-12	0	4.13061e-14	2.0004e-12	0
5.625	1.46397e-14	1.18133e-12	0	6.79624e-14	1.43885e-12	0
5.875	1.12449e-14	1.11418e-12	0	5.91552e-14	1.19643e-12	0
6.125	1.27571e-14	9.61953e-13	0	3.91986e-14	9.37174e-13	0
6.375	1.38912e-14	7.58092e-13	0	3.1105e-14	7.30134e-13	0
6.625	1.17696e-14	6.34027e-13	0	2.10161e-14	6.45709e-13	0
6.875	9.47306e-15	5.38944e-13	0	1.73398e-14	5.78266e-13	0
7.125	1.41161e-14	5.5143e-13	0	3.72318e-14	5.87567e-13	0
7.375	1.28522e-14	4.3784e-13	0	2.58758e-14	5.65877e-13	0
7.625	1.97822e-14	4.09588e-13	0	2.09429e-14	5.33434e-13	0
7.875	9.45304e-15	4.83224e-13	0	1.77212e-14	5.1056e-13	0
8.125	1.13986e-14	3.21485e-13	0	1.43671e-14	4.71243e-13	0
8.375	9.43193e-15	4.18643e-13	0	1.43782e-14	4.16376e-13	0
8.625	1.13031e-14	3.1367e-13	0	1.47383e-14	4.0797e-13	0
8.875	1.41626e-14	3.05088e-13	0	1.07359e-14	3.40057e-13	0
9.125	8.78284e-15	3.3745e-13	0	9.18857e-15	3.44706e-13	0
9.375	8.63968e-15	2.89609e-13	0	8.58687e-15	3.82132e-13	0
9.625	1.012e-14	1.9956e-13	0	2.10336e-14	3.89467e-13	0
9.875	1.86813e-14	3.1438e-13	0	7.88014e-15	3.10062e-13	0
10.125	6.40754e-15	2.12075e-13	0	1.65904e-14	3.31554e-13	0
10.375	5.66967e-15	2.1241e-13	0	8.67082e-15	2.96736e-13	0
10.625	6.75553e-15	2.51654e-13	0	8.86939e-15	3.16252e-13	0
10.875	9.11807e-15	1.4781e-13	0	1.05667e-14	3.29557e-13	0
11.125	6.05614e-15	2.54635e-13	0	3.49703e-15	2.44002e-13	0
11.375	8.81757e-15	1.92484e-13	0	1.0471e-14	2.39628e-13	0
11.625	1.04176e-14	1.78372e-13	0	9.81988e-15	2.29033e-13	0
11.875	4.55951e-15	2.17776e-13	0	9.29795e-15	2.43289e-13	0
12.125	6.82995e-15	1.64014e-13	0	8.11401e-15	1.79321e-13	0
12.375	1.2609e-14	1.93717e-13	0	4.20565e-15	2.102e-13	0
12.625	8.64793e-15	1.5578e-13	0	5.30676e-15	2.40204e-13	0
12.875	5.20538e-15	1.75509e-13	0	1.88851e-15	1.69524e-13	0
13.125	3.57019e-15	2.02635e-13	0	3.96621e-15	2.059e-13	0
13.375	8.44858e-15	1.57737e-13	0	4.31156e-15	1.7305e-13	0
13.625	6.0364e-15	1.24088e-13	0	4.14002e-15	1.45038e-13	0
13.875	6.99486e-15	1.65258e-13	0	4.91699e-15	1.37047e-13	0
14.125	4.8975e-15	2.06056e-13	0	6.40515e-15	1.50136e-13	0
14.375	4.52283e-15	8.96078e-14	0	2.38569e-15	2.09636e-13	0
14.625	8.01897e-15	1.22993e-13	0	2.5907e-15	1.21657e-13	0
14.875	1.56302e-15	1.58599e-13	0	9.172e-16	1.51198e-13	0
15.125	6.76826e-15	1.49954e-13	0	2.37633e-15	8.8288e-14	0
15.375	5.21466e-15	1.32763e-13	0	1.56103e-15	1.63224e-13	0
15.625	3.80576e-15	1.19769e-13	0	2.10641e-15	1.1757e-13	0
15.875	5.20481e-15	7.96678e-14	0	1.53437e-15	8.91509e-14	0
16.125	5.0993e-15	8.64006e-14	0	5.24431e-15	9.16131e-14	0
16.375	8.10767e-15	1.35597e-13	0	1.25784e-15	9.36716e-14	0
16.625	8.51591e-15	6.27261e-14	0	1.62247e-15	6.64367e-14	0
16.875	2.42891e-15	7.62039e-14	0	6.68351e-16	8.09519e-14	0
17.125	2.45449e-15	1.16801e-13	0	3.4316e-15	8.15276e-14	0
17.375	5.33313e-15	1.49192e-13	0	1.14882e-15	8.69167e-14	0
17.625	4.27689e-15	1.45866e-13	0	2.80236e-15	8.44405e-14	0
17.875	5.2833e-15	1.79601e-13	0	1.25685e-15	1.61313e-13	0
18.125	3.29568e-15	1.1413e-13	0	2.37999e-15	4.81556e-14	0
18.375	3.84896e-15	5.9972e-14	0	4.96486e-15	5.64864e-14	0
18.625	6.98684e-15	6.317e-14	0	8.9786e-16	7.25722e-14	0
18.875	2.79999e-15	6.2252e-14	0	1.16216e-15	7.7421e-14	0
19.125	5.30234e-15	5.95938e-14	0	3.94814e-15	3.7291e-14	0
19.375	2.86041e-15	1.3254e-13	0	1.24386e-15	5.15473e-14	0
19.625	3.89121e-15	9.52754e-14	0	0	4.17345e-14	0
19.875	5.17516e-15	7.15947e-14	0	2.63449e-15	3.53548e-14	0
20.125	6.17663e-15	6.84317e-14	0	9.93209e-16	1.06767e-13	0
20.375	5.40454e-15	5.20873e-14	0	0	4.92588e-14	0
20.625	8.48749e-16	9.77256e-14	0	2.05545e-15	4.00527e-14	0
20.875	2.2387e-15	4.78826e-14	0	1.77583e-15	3.37483e-14	0
21.125	2.91253e-15	1.05855e-13	0	0	3.91759e-14	0
21.375	8.84937e-16	6.86305e-14	0	3.80278e-15	4.4753e-14	0
21.625	3.66586e-15	5.41286e-14	0	2.91468e-15	3.03551e-14	0
21.875	1.03288e-15	4.77624e-14	0	2.10647e-15	7.83033e-14	0
22.125	2.72901e-15	5.44264e-14	0	9.43236e-16	4.08197e-14	0
22.375	5.17273e-15	1.02908e-13	0	0	3.23323e-14	0
22.625	0	9.62941e-14	0	0	1.55436e-14	0
22.875	9.04787e-16	4.19253e-14	0	0	2.86881e-14	0
23.125	1.08602e-15	1.41843e-13	0	1.09975e-15	3.1066e-14	0
23.375	0	5.05556e-14	0	0	1.22176e-13	0
23.625	2.94208e-15	9.77154e-14	0	2.41522e-15	2.60169e-14	0
23.875	9.62649e-16	9.85541e-14	0	0	2.09343e-14	0
24.125	0	6.19786e-14	0	0	3.77603e-14	0
24.375	1.17271e-15	4.49781e-14	0	3.41513e-15	3.20932e-14	0
24.625	0	4.8945e-14	0	0	2.83688e-14	0
24.875	6.13757e-15	3.82209e-14	0	0	2.58459e-14	0
25.125	0	9.07347e-14	0	0	1.7221e-14	0
25.375	4.12589e-15	3.89294e-14	0	1.39056e-15	1.6744e-14	0
25.625	0	4.22258e-14	0	0	2.25873e-14	0
25.875	0	9.63031e-14	0	0	2.18995e-14	0
26.125	0	1.53687e-13	0	1.50956e-15	1.94861e-14	0
26.375	0	5.09222e-14	0	0	1.43202e-14	0
26.625	2.60886e-15	1.01362e-13	0	0	1.54683e-14	0
26.875	0	3.8721e-14	0	0	1.96527e-14	0
27.125	0	3.39483e-14	0	1.85925e-15	2.4003e-14	0
27.375	0	1.06967e-13	0	0	2.03784e-14	0
27.625	0	3.11404e-14	0	0	1.6608e-14	0
27.875	0	3.58762e-14	0	0	1.2681e-14	0
28.125	0	3.86538e-14	0	0	2.4736e-14	0
28.375	0	4.04967e-14	0	0	1.42e-14	0
28.625	1.78521e-15	3.80059e-14	0	1.37239e-15	1.00273e-14	0
28.875	0	3.28952e-14	0	0	1.24417e-14	0
29.125	1.89803e-15	1.01182e-13	0	0	1.03834e-14	0
29.375	1.55254e-15	3.04095e-14	0	0	1.64212e-14	0
29.625	1.87655e-15	3.92905e-14	0	0	9.57449e-15	0
29.875	0	1.15274e-13	0	0	1.21059e-14	0
30.125	0	1.07425e-13	0	1.6459e-15	8.6333e-15	0
30.375	0	2.86592e-14	0	0	8.74876e-15	0
30.625	0	3.9547e-14	0	1.74477e-15	1.14436e-14	0
30.875	4.14535e-15	3.62514e-14	0	0	9.05032e-15	0
31.125	0	3.02648e-14	0	0	1.18353e-14	0
31.375	0	2.67135e-14	0	0	6.69266e-15	0
31.625	0	2.38549e-14	0	0	1.81538e-14	0
31.875	0	2.48156e-14	0	0	9.65033e-15	0
32.125	1.87312e-15	2.76924e-14	0	0	5.60699e-15	0
32.375	0	3.08289e-14	0	0	7.1235e-15	0
32.625	0	3.47139e-14	0	0	5.78428e-15	0
32.875	0	2.34537e-14	0	0	7.352e-15	0
33.125	0	2.98175e-14	0	0	5.95858e-15	0
33.375	0	1.08762e-13	0	0	3.01157e-15	0
33.625	5.02396e-15	1.53466e-14	0	0	3.0678e-15	0
33.875	0	2.02544e-14	0	0	4.66171e-15	0
34.125	0	2.52861e-14	0	0	3.16538e-15	0
34.375	0	1.60221e-14	0	0	4.81459e-15	0
34.625	0	1.95193e-14	0	0	9.78964e-15	0
34.875	0	1.81817e-14	0	0	1.64387e-15	0
35.125	0	2.17544e-14	0	0	6.72004e-15	0
35.375	0	1.7048e-14	0	0	6.78583e-15	0
35.625	0	1.20742e-14	0	0	5.16473e-15	0
35.875	0	2.44493e-14	0	0	3.50162e-15	0
36.125	0	1.59556e-14	0	0	1.06309e-14	0
36.375	0	1.43463e-14	0	0	3.58915e-15	0
36.625	0	1.09517e-14	0	0	5.47842e-15	0
36.875	0	2.4029e-14	0	0	3.68807e-15	0
37.125	0	1.49856e-14	0	0	0	0
37.375	0	2.27383e-14	0	0	1.89903e-15	0
37.625	3.94233e-15	1.34678e-14	0	0	5.77694e-15	0
37.875	0	1.75428e-14	0	0	1.95587e-15	0
38.125	0	2.17242e-14	0	0	3.93976e-15	0
38.375	2.42935e-15	1.40196e-14	0	0	4.00117e-15	0
38.625	0	1.4166e-14	0	0	6.06998e-15	0
38.875	0	1.64144e-14	0	0	2.04263e-15	0
39.125	0	1.24623e-14	0	0	0	0
39.375	0	1.05324e-14	0	0	4.20905e-15	0
39.625	0	1.06504e-14	0	0	0	0
39.875	0	8.64945e-15	0	0	4.32498e-15	0
40.125	0	1.75163e-14	0	0	2.19488e-15	0
40.375	0	1.77362e-14	0	0	0	0
40.625	0	1.12155e-14	0	0	4.48179e-15	0
40.875	0	1.81313e-14	0	0	0	0
41.125	0	1.60848e-14	0	0	2.29173e-15	0
41.375	0	1.85855e-14	0	0	2.31183e-15	0
41.625	0	1.6453e-14	0	0	2.35769e-15	0
41.875	3.10877e-15	9.54877e-15	0	0	2.38843e-15	0
42.125	0	4.82221e-15	0	0	2.41897e-15	0
42.375	0	9.75985e-15	0	0	0	0
42.625	0	1.73202e-14	0	0	0	0
42.875	0	7.50756e-15	0	0	0	0
43.125	0	5.06113e-15	0	0	2.53919e-15	0
43.375	0	7.63936e-15	0	0	0	0
43.625	0	1.03425e-14	0	0	0	0
43.875	0	1.04409e-14	0	0	0	0
44.125	0	0	0	0	2.6331e-15	0
44.375	0	1.06896e-14	0	0	0	0
44.625	0	1.35379e-14	0	0	0	0
44.875	0	1.09376e-14	0	0	2.7335e-15	0
45.125	0	2.75867e-15	0	0	2.75938e-15	0
45.375	0	1.11908e-14	0	8.08698e-15	0	0
45.625	0	0	0	0	0	0
45.875	0	1.14187e-14	0	0	2.8727e-15	0
46.125	0	8.69049e-15	0	0	0	0
46.375	0	1.45987e-14	0	0	5.82484e-15	0
46.625	0	2.96343e-15	0	0	0	0
46.875	0	5.9855e-15	0	0	0	0
47.125	0	3.01497e-15	0	0	0	0
47.375	0	9.15112e-15	0	0	0	0
47.625	0	1.53696e-14	0	0	3.07834e-15	0
47.875	0	0	0	0	3.11745e-15	0
48.125	0	1.25943e-14	0	0	0	0
48.375	0	0	0	0	0	0
48.625	0	0	0	0	0	0
48.875	0	9.71812e-15	0	0	3.23681e-15	0
49.125	0	6.55498e-15	0	0	0	0
49.375	0	6.62586e-15	0	0	0	0
49.625	0	6.6722e-15	0	0	0	0
49.875	0	0	0	0	0	0
50.125	0	0	0	0	0	0
50.375	0	0	0	0	0	0
50.625	0	0	0	0	0	0
50.875	0	0	0	0	0	0
51.125	0	7.07765e-15	0	0	0	0
51.375	0	3.59129e-15	0	0	0	0
51.625	0	7.23921e-15	0	0	0	0
51.875	0	0	0	0	0	0
52.125	0	7.37089e-15	0	0	0	0
52.375	0	0	0	0	0	0
52.625	0	3.75915e-15	0	0	0	0
52.875	0	3.78772e-15	0	0	0	0
53.125	0	0	0	0	0	0
53.375	0	3.86034e-15	0	0	0	0
53.625	0	0	0	0	0	0
53.875	0	0	0	0	0	0
54.125	0	3.97253e-15	0	0	0	0
54.375	0	0	0	0	0	0
54.625	0	4.05546e-15	0	0	0	0
54.875	0	4.08445e-15	0	0	0	0
55.125	0	0	0	0	0	0
55.375	0	0	0	0	0	0
55.625	0	0	0	0	4.18692e-15	0
55.875	0	0	0	0	0	0
56.125	0	0	0	0	0	0
56.375	0	4.32656e-15	0	0	0	0
56.625	0	4.35979e-15	0	0	0	0
56.875	0	4.396e-15	0	0	0	0
57.125	0	0	0	0	0	0
57.375	0	0	0	0	0	0
57.625	0	0	0	0	0	0
57.875	0	0	0	0	0	0
58.125	0	4.57872e-15	0	0	0	0
58.375	0	4.61505e-15	0	0	0	0
58.625	0	4.67208e-15	0	0	0	0
58.875	0	0	0	0	0	0
59.125	0	4.73598e-15	0	0	0	0
59.375	0	0	0	0	0	0
59.625	0	0	0	0	0	0
59.875	0	0	0	0	4.86465e-15	0
60.125	0	9.80431e-15	0	0	0	0
60.375	0	0	0	0	0	0
60.625	0	5.00867e-15	0	0	0	0
60.875	0	0	0	0	0	0
61.125	0	0	0	0	0	0
61.375	0	0	0	0	0	0
61.625	0	0	0	0	0	0
61.875	0	5.20706e-15	0	0	0	0
62.125	0	0	0	0	0	0
62.375	0	0	0	0	0	0
62.625	0	0	0	0	5.32509e-15	0
62.875	0	0	0	0	0	0
63.125	0	0	0	0	0	0
63.375	0	0	0	0	0	0
63.625	0	0	0	0	0	0
63.875	0	0	0	0	0	0
64.125	0	0	0	0	0	0
64.375	0	0	0	0	0	0
64.625	0	0	0	0	0	0
64.875	0	0	0	0	0	0
65.125	0	0	0	0	0	0
65.375	0	0	0	0	0	0
65.625	0	5.83629e-15	0	0	0	0
65.875	0	0	0	0	0	0
66.125	0	0	0	0	0	0
66.375	0	5.97828e-15	0	0	0	0
66.625	0	0	0	0	0	0
66.875	0	6.09307e-15	0	0	0	0
67.125	0	0	0	0	0	0
67.375	0	6.174e-15	0	0	0	0
67.625	0	0	0	0	0	0
67.875	0	0	0	0	0	0
68.125	0	0	0	0	0	0
68.375	0	0	0	0	0	0
68.625	0	0	0	0	6.39958e-15	0
68.875	0	0	0	0	0	0
69.125	0	0	0	0	0	0
69.375	0	0	0	0	0	0
69.625	0	0	0	0	0	0
69.875	0	6.61313e-15	0	0	0	0
70.125	0	6.69344e-15	0	0	0	0
70.375	0	0	0	0	0	0
70.625	0	0	0	0	0	0
70.875	0	6.82498e-15	0	0	0	0
71.125	0	0	0	0	0	0
71.375	0	6.93655e-15	0	0	0	0
71.625	0	0	0	0	0	0
71.875	0	7.00031e-15	0	0	0	0
72.125	0	0	0	0	0	0
72.375	0	0	0	0	0	0
72.625	0	0	0	0	0	0
72.875	0	0	0	0	0	0
73.125	0	0	0	0	0	0
73.375	0	7.30134e-15	0	0	0	0
73.625	0	0	0	0	0	0
73.875	0	0	0	0	0	0
74.125	0	0	0	0	0	0
74.375	0	0	0	0	0	0
74.625	0	0	0	0	0	0
74.875	0	0	0	0	0	0
75.125	0	0	0	0	0	0
75.375	0	7.7319e-15	0	0	0	0
75.625	0	0	0	0	0	0
75.875	0	0	0	0	7.80149e-15	0
76.125	0	0	0	0	0	0
76.375	0	0	0	0	0	0
76.625	0	0	0	0	0	0
76.875	0	0	0	0	0	0
77.125	0	0	0	0	0	0
77.375	0	0	0	0	0	0
77.625	0	0	0	0	0	0
77.875	0	8.24076e-15	0	0	0	0
78.125	0	0	0	0	0	0
78.375	0	8.36704e-15	0	0	0	0
78.625	0	0	0	0	0	0
78.875	0	0	0	0	0	0
79.125	0	0	0	0	0	0
79.375	0	0	0	0	0	0
79.625	0	8.59692e-15	0	0	0	0
79.875	0	0	0	0	0	0
80.125	0	0	0	0	0	0
80.375	0	0	0	0	0	0
80.625	0	0	0	0	0	0
80.875	0	8.8796e-15	0	0	0	0
81.125	0	0	0	0	0	0
81.375	0	0	0	0	0	0
81.625	0	0	0	0	0	0
81.875	0	0	0	0	0	0
82.125	0	0	0	0	0	0
82.375	0	0	0	0	0	0
82.625	0	0	0	0	0	0
82.875	0	0	0	0	0	0
83.125	0	0	0	0	0	0
83.375	0	0	0	0	0	0
83.625	0	0	0	0	0	0
83.875	0	0	0	0	0	0
84.125	0	0	0	0	0	0
84.375	0	0	0	0	0	0
84.625	0	0	0	0	0	0
84.875	0	0	0	0	0	0
85.125	0	0	0	0	0	0
85.375	0	0	0	0	0	0
85.625	0	0	0	0	0	0
85.875	0	0	0	0	0	0
86.125	0	0	0	0	0	0
86.375	0	0	0	0	0	0
86.625	0	0	0	0	0	0
86.875	0	0	0	0	0	0
87.125	0	0	0	0	0	0
87.375	0	0	0	0	0	0
87.625	0	0	0	0	0	0
87.875	0	0	0	0	0	0
88.125	0	0	0	0	0	0
88.375	0	0	0	0	0	0
88.625	0	0	0	0	0	0
88.875	0	0	0	0	0	0
89.125	0	0	0	0	0	0
89.375	0	0	0	0	0	0
89.625	0	0	0	0	0	0
89.875	0	0	0	0	0	0
90.125	0	0	0	0	0	0
90.375	0	0	0	0	0	0
90.625	0	0	0	0	0	0
90.875	0	0	0	0	0	0
91.125	0	0	0	0	0	0
91.375	0	0	0	0	0	0
91.625	0	0	0	0	0	0
91.875	0	0	0	0	0	0
92.125	0	0	0	0	0	0
92.375	0	0	0	0	0	0
92.625	0	0	0	0	0	0
92.875	0	0	0	0	0	0
93.125	0	0	0	0	0	0
93.375	0	0	0	0	0	0
93.625	0	0	0	0	0	0
93.875	0	0	0	0	0	0
94.125	0	0	0	0	0	0
94.375	0	0	0	0	0	0
94.625	0	0	0	0	0	0
94.875	0	0	0	0	0	0
95.125	0	0	0	0	0	0
95.375	0	1.23567e-14	0	0	0	0
95.625	0	0	0	0	0	0
95.875	0	0	0	0	0	0
96.125	0	0	0	0	0	0
96.375	0	0	0	0	0	0
96.625	0	0	0	0	0	0
96.875	0	0	0	0	0	0
97.125	0	0	0	0	0	0
97.375	0	0	0	0	0	0
97.625	0	0	0	0	0	0
97.875	0	0	0	0	0	0
98.125	0	0	0	0	0	0
98.375	0	0	0	0	0	0
98.625	0	0	0	0	0	0
98.875	0	0	0	0	0	0
99.125	0	0	0	0	0	0
99.375	0	0	0	0	0	0
99.625	0	0	0	0	0	0
99.875	0	0	0	0	0	0
100.125	0	0	0	0	0	0
100.375	0	0	0	0	0	0
100.625	0	0	0	0	0	0
100.875	0	0	0	0	0	0
101.125	0	0	0	0	0	0
101.375	0	0	0	0	0	0
101.625	0	0	0	0	0	0
101.875	0	0	0	0	0	0
102.125	0	0	0	0	0	0
102.375	0	0	0	0	0	0
102.625	0	0	0	0	0	0
102.875	0	0	0	0	0	0
103.125	0	0	0	0	0	0
103.375	0	0	0	0	0	0
103.625	0	0	0	0	0	0
103.875	0	0	0	0	0	0
104.125	0	0	0	0	0	0
104.375	0	0	0	0	0	0
104.625	0	0	0	0	0	0
104.875	0	0	0	0	0	0
105.125	0	0	0	0	0	0
105.375	0	0	0	0	0	0
105.625	0	0	0	0	0	0
105.875	0	0	0	0	0	0
106.125	0	0	0	0	0	0
106.375	0	0	0	0	0	0
106.625	0	0	0	0	0	0
106.875	0	0	0	0	0	0
107.125	0	0	0	0	0	0
107.375	0	0	0	0	0	0
107.625	0	0	0	0	0	0
107.875	0	0	0	0	0	0
108.125	0	0	0	0	0	0
108.375	0	0	0	0	0	0
108.625	0	0	0	0	0	0
108.875	0	0	0	0	0	0
109.125	0	0	0	0	0	0
109.375	0	0	0	0	0	0
109.625	0	0	0	0	0	0
109.875	0	0	0	0	0	0
110.125	0	0	0	0	0	0
110.375	0	0	0	0	0	0
110.625	0	0	0	0	0	0
110.875	0	0	0	0	0	0
111.125	0	0	0	0	0	0
111.375	0	0	0	0	0	0
111.625	0	0	0	0	0	0
111.875	0	0	0	0	0	0
112.125	0	0	0	0	0	0
112.375	0	0	0	0	0	0
112.625	0	0	0	0	0	0
112.875	0	0	0	0	0	0
113.125	0	0	0	0	0	0
113.375	0	0	0	0	0	0
113.625	0	0	0	0	0	0
113.875	0	0	0	0	0	0
114.125	0	0	0	0	0	0
114.375	0	0	0	0	0	0
114.625	0	0	0	0	0	0
114.875	0	0	0	0	0	0
115.125	0	0	0	0	0	0
115.375	0	0	0	0	0	0
115.625	0	0	0	0	0	0
115.875	0	0	0	0	0	0
116.125	0	0	0	0	0	0
116.375	0	0	0	0	0	0
116.625	0	0	0	0	0	0
116.875	0	0	0	0	0	0
117.125	0	0	0	0	0	0
117.375	0	0	0	0	0	0
117.625	0	0	0	0	0	0
117.875	0	0	0	0	0	0
118.125	0	0	0	0	0	0
118.375	0	0	0	0	0	0
118.625	0	0	0	0	0	0
118.875	0	0	0	0	0	0
119.125	0	0	0	0	0	0
119.375	0	0	0	0	0	0
119.625	0	0	0	0	0	0
119.875	0	0	0	0	0	0
120.125	0	0	0	0	0	0
120.375	0	0	0	0	0	0
120.625	0	0	0	0	0	0
120.875	0	0	0	0	0	0
121.125	0	0	0	0	0	0
121.375	0	0	0	0	0	0
121.625	0	0	0	0	0	0
121.875	0	0	0	0	0	0
122.125	0	0	0	0	0	0
122.375	0	0	0	0	0	0
122.625	0	0	0	0	0	0
122.875	0	0	0	0	0	0
123.125	0	0	0	0	0	0
123.375	0	0	0	0	0	0
123.625	0	0	0	0	0	0
123.875	0	0	0	0	0	0
124.125	0	0	0	0	0	0
124.375	0	0	0	0	0	0
124.625	0	0	0	0	0	0
124.875	0	0	0	0	0	0
125.125	0	0	0	0	0	0
