0.125	9.33727e-15	4.89774e-13	0	1.36233e-15	4.03176e-13	0
0.375	4.08645e-14	3.60759e-12	0	8.0465e-15	9.34503e-13	0
0.625	1.03958e-13	8.57331e-12	0	1.34382e-14	1.08897e-12	0
0.875	1.30637e-13	1.33984e-11	0	9.75364e-15	1.04131e-12	0
1.125	1.5319e-13	1.96027e-11	0	1.62847e-14	1.13084e-12	0
1.375	1.45461e-13	2.23812e-11	0	1.10484e-14	1.15556e-12	0
1.625	1.57174e-13	2.47629e-11	0	1.30248e-14	1.22326e-12	0
1.875	1.35709e-13	2.69245e-11	0	6.61261e-15	1.21544e-12	0
2.125	1.11136e-13	2.74581e-11	0	7.13987e-15	1.31265e-12	0
2.375	1.2365e-13	2.29284e-11	0	4.63714e-15	1.28595e-12	0
2.625	9.55215e-14	1.86096e-11	0	2.84526e-15	1.28953e-12	0
2.875	9.83787e-14	1.58152e-11	0	5.76097e-15	1.24413e-12	0
3.125	1.13352e-13	1.42661e-11	0	7.13392e-15	1.17239e-12	0
3.375	8.19597e-14	1.29387e-11	0	3.84026e-15	1.20798e-12	0
3.625	8.63907e-14	1.25305e-11	0	5.62326e-15	1.09521e-12	0
3.875	9.99168e-14	1.20713e-11	0	3.3485e-15	1.14767e-12	0
4.125	6.77886e-14	1.16598e-11	0	5.95879e-15	9.62582e-13	0
4.375	7.55803e-14	1.15373e-11	0	1.08276e-14	8.82879e-13	0
4.625	8.32282e-14	1.11574e-11	0	8.04638e-15	8.78668e-13	0
4.875	6.45912e-14	1.08899e-11	0	4.12239e-15	7.98479e-13	0
5.125	4.79149e-14	1.03016e-11	0	4.41943e-15	8.92025e-13	0
5.375	6.90458e-14	1.03034e-11	0	4.73669e-15	8.22774e-13	0
5.625	6.07333e-14	9.94932e-12	0	4.52348e-15	8.09856e-13	0
5.875	5.5835e-14	9.28172e-12	0	1.39996e-14	7.32214e-13	0
6.125	4.5715e-14	9.30454e-12	0	3.53141e-15	8.98487e-13	0
6.375	4.25048e-14	8.74017e-12	0	5.30885e-15	7.85223e-13	0
6.625	5.97256e-14	8.32218e-12	0	4.87203e-15	9.70187e-13	0
6.875	6.57273e-14	8.15777e-12	0	7.14982e-15	8.47913e-13	0
7.125	4.23089e-14	7.21731e-12	0	5.148e-15	7.09182e-13	0
7.375	5.50781e-14	6.94925e-12	0	7.34898e-15	6.26076e-13	0
7.625	3.91427e-14	6.49099e-12	0	6.07999e-15	7.35935e-13	0
7.875	3.94768e-14	6.13347e-12	0	4.09892e-15	6.96048e-13	0
8.125	4.66455e-14	5.45546e-12	0	3.79596e-15	6.12429e-13	0
8.375	3.37585e-14	4.71419e-12	0	3.8928e-15	5.31268e-13	0
8.625	4.3078e-14	4.80819e-12	0	3.64245e-15	3.85362e-13	0
8.875	4.90422e-14	4.05728e-12	0	2.1614e-15	4.82617e-13	0
9.125	3.12897e-14	3.65701e-12	0	4.37541e-15	3.80067e-13	0
9.375	2.29427e-14	3.42678e-12	0	4.99385e-15	4.22183e-13	0
9.625	2.46942e-14	3.01286e-12	0	2.47741e-15	3.49379e-13	0
9.875	3.72464e-14	2.64485e-12	0	1.36785e-15	3.66451e-13	0
10.125	2.68261e-14	2.44458e-12	0	5.31334e-15	3.50706e-13	0
10.375	2.27476e-14	2.4239e-12	0	1.42234e-15	4.58307e-13	0
10.625	1.75014e-14	1.88297e-12	0	3.32004e-15	3.35339e-13	0
10.875	2.52965e-14	1.91686e-12	0	1.35416e-14	2.83408e-13	0
11.125	2.3983e-14	1.90847e-12	0	1.29009e-15	2.9256e-13	0
11.375	1.89509e-14	1.65475e-12	0	1.47153e-15	3.3105e-13	0
11.625	2.1517e-14	1.53407e-12	0	3.30916e-15	2.1368e-13	0
11.875	4.82914e-14	1.53225e-12	0	1.963e-15	2.91875e-13	0
12.125	1.76683e-14	1.3113e-12	0	2.84536e-15	2.1873e-13	0
12.375	2.10383e-14	1.40067e-12	0	2.96768e-15	1.60997e-13	0
12.625	2.19317e-14	1.36954e-12	0	0	2.47201e-13	0
12.875	1.64122e-14	1.28462e-12	0	1.00656e-14	1.72933e-13	0
13.125	1.58378e-14	1.05707e-12	0	1.35032e-15	1.39559e-13	0
13.375	1.90921e-14	9.79814e-13	0	0	1.91318e-13	0
13.625	1.5392e-14	1.09919e-12	0	1.31469e-15	1.87189e-13	0
13.875	2.20958e-14	8.46339e-13	0	4.17853e-15	5.93953e-14	0
14.125	1.72529e-14	8.83607e-13	0	6.92589e-16	1.14405e-13	0
14.375	1.42087e-14	9.27014e-13	0	1.57941e-15	1.69587e-13	0
14.625	2.23909e-14	9.90737e-13	0	2.47417e-15	2.19512e-13	0
14.875	1.1902e-14	7.80255e-13	0	7.55813e-16	1.51921e-13	0
15.125	2.42978e-14	7.47964e-13	0	1.0087e-15	1.18951e-13	0
15.375	3.52074e-14	7.42933e-13	0	3.3106e-15	1.75573e-13	0
15.625	1.66613e-14	6.25059e-13	0	5.86271e-16	1.21633e-13	0
15.875	1.32092e-14	6.74108e-13	0	4.90252e-16	1.04868e-13	0
16.125	1.33011e-14	6.95514e-13	0	1.54998e-15	1.26439e-13	0
16.375	9.71184e-15	4.97672e-13	0	0	1.31622e-13	0
16.625	1.17442e-14	6.14085e-13	0	1.68216e-15	3.75228e-14	0
16.875	1.72968e-14	6.45963e-13	0	3.88974e-15	1.17753e-13	0
17.125	1.70698e-14	6.37382e-13	0	2.20599e-15	1.65375e-13	0
17.375	5.28233e-15	4.54459e-13	0	9.32319e-16	9.05591e-14	0
17.625	1.1598e-14	5.62207e-13	0	0	1.40064e-13	0
17.875	6.72316e-15	5.93469e-13	0	2.75103e-15	6.87934e-14	0
18.125	1.61553e-14	4.61902e-13	0	0	1.60055e-13	0
18.375	1.58455e-14	3.38464e-13	0	7.15555e-16	1.60664e-14	0
18.625	1.18889e-14	5.27517e-13	0	0	1.74996e-14	0
18.875	1.43542e-14	5.61734e-13	0	0	4.43738e-14	0
19.125	7.72873e-15	2.97867e-13	0	1.37861e-15	4.5265e-14	0
19.375	1.41208e-14	4.12213e-13	0	7.73478e-16	4.65269e-14	0
19.625	9.21166e-15	3.6548e-13	0	0	1.39505e-14	0
19.875	7.33459e-15	3.13032e-13	0	1.08983e-15	4.80387e-14	0
20.125	3.86293e-15	4.53709e-13	0	1.29822e-15	1.46178e-14	0
20.375	8.17141e-15	3.18361e-13	0	2.31016e-14	8.72432e-14	0
20.625	1.14325e-14	2.69164e-13	0	0	1.93517e-13	0
20.875	1.00862e-14	3.31255e-13	0	1.60891e-15	4.94428e-14	0
21.125	9.31343e-15	3.09251e-13	0	0	5.02448e-14	0
21.375	7.77491e-15	1.64701e-13	0	2.00277e-15	4.84131e-14	0
21.625	9.25216e-15	3.22639e-13	0	1.73248e-15	1.90853e-14	0
21.875	1.4006e-14	2.43248e-13	0	0	1.14252e-14	0
22.125	1.35081e-14	2.02117e-13	0	0	9.78818e-14	0
22.375	8.98943e-15	1.89948e-13	0	0	5.24627e-14	0
22.625	5.09079e-15	3.31361e-13	0	1.04831e-15	8.63623e-15	0
22.875	2.21312e-15	2.44835e-13	0	2.47504e-15	9.98126e-15	0
23.125	3.76727e-15	1.43468e-13	0	1.20938e-15	5.56905e-15	0
23.375	3.84039e-15	1.63149e-13	0	0	1.74228e-14	0
23.625	7.89686e-15	2.01743e-13	0	0	7.55984e-14	0
23.875	1.53305e-15	1.94854e-13	0	0	9.87956e-15	0
24.125	1.07548e-15	2.01681e-13	0	0	6.03275e-14	0
24.375	8.43993e-15	1.35267e-13	0	0	1.38294e-14	0
24.625	1.31031e-15	1.50456e-13	0	0	1.1359e-14	0
24.875	5.59512e-15	1.28605e-13	0	2.68671e-15	9.68598e-15	0
25.125	6.7556e-15	2.0334e-13	0	0	1.78512e-14	0
25.375	3.75702e-15	1.16525e-13	0	0	1.34907e-14	0
25.625	1.09945e-14	1.33214e-13	0	0	1.50609e-14	0
25.875	2.73728e-15	2.59885e-13	0	0	1.29722e-14	0
26.125	4.58445e-15	2.53372e-13	0	3.0215e-15	6.58557e-15	0
26.375	6.95997e-15	2.49165e-13	0	0	1.04273e-14	0
26.625	5.38295e-15	1.36757e-13	0	0	1.95757e-14	0
26.875	5.22586e-15	1.44557e-13	0	0	7.28508e-14	0
27.125	7.68884e-15	1.30549e-13	0	0	1.31363e-14	0
27.375	0	1.82427e-13	0	2.36171e-15	8.15573e-15	0
27.625	5.96441e-15	1.12281e-13	0	0	1.35572e-14	0
27.875	0	1.08038e-13	0	3.57972e-15	1.27152e-14	0
28.125	8.04426e-15	9.93042e-14	0	0	9.67023e-15	0
28.375	3.08375e-15	2.0148e-13	0	1.52959e-15	9.83548e-15	0
28.625	3.45342e-15	1.03426e-13	0	1.83409e-15	7.78909e-15	0
28.875	9.45967e-15	9.51438e-14	0	0	7.4784e-14	0
29.125	0	1.01477e-13	0	0	6.95195e-15	0
29.375	4.96628e-15	1.03116e-13	0	0	1.05336e-14	0
29.625	0	1.02474e-13	0	0	1.19397e-14	0
29.875	0	9.08916e-14	0	0	1.09123e-14	0
30.125	2.63347e-15	1.08582e-13	0	0	1.48131e-14	0
30.375	2.17547e-15	7.76809e-14	0	0	1.00019e-14	0
30.625	1.78681e-15	1.05741e-13	0	0	6.34956e-15	0
30.875	7.61054e-15	1.08845e-13	0	0	7.74921e-15	0
31.125	1.681e-15	9.20974e-14	0	0	9.19421e-15	0
31.375	2.79918e-15	1.05692e-13	0	0	1.07046e-14	0
31.625	6.78843e-15	7.88131e-14	0	0	1.49734e-14	0
31.875	0	8.03425e-14	0	3.41785e-15	4.13789e-15	0
32.125	7.70469e-15	7.42508e-14	0	0	2.80255e-15	0
32.375	1.74444e-15	6.68927e-14	0	0	7.12649e-15	0
32.625	2.76391e-15	8.09965e-14	0	0	8.68853e-15	0
32.875	2.51096e-15	8.52104e-14	0	0	1.02527e-14	0
33.125	2.78398e-15	9.24291e-14	0	0	4.45706e-15	0
33.375	0	6.95459e-14	0	0	3.01406e-15	0
33.625	0	6.72433e-14	0	0	4.62361e-15	0
33.875	0	9.19659e-14	0	0	3.13195e-15	0
34.125	0	7.11644e-14	0	0	7.8989e-15	0
34.375	6.22062e-15	7.22481e-14	0	0	3.22314e-15	0
34.625	0	7.64871e-14	0	0	1.13643e-14	0
34.875	0	6.61647e-14	0	0	0	0
35.125	0	6.87017e-14	0	0	8.39348e-15	0
35.375	3.73021e-15	6.29023e-14	0	0	3.38847e-15	0
35.625	0	4.99653e-14	0	0	1.72372e-15	0
35.875	3.12911e-15	5.7727e-14	0	0	1.047e-14	0
36.125	0	6.9164e-14	0	0	1.77115e-15	0
36.375	0	5.92949e-14	0	0	3.59675e-15	0
36.625	2.3411e-15	7.27981e-14	0	0	7.29379e-15	0
36.875	2.21225e-15	5.35806e-14	0	2.72913e-15	1.85694e-15	0
37.125	0	5.05391e-14	0	0	0	0
37.375	0	5.88022e-14	0	0	9.5003e-15	0
37.625	0	6.72916e-14	0	0	1.93169e-15	0
37.875	0	5.45431e-14	0	0	3.91595e-15	0
38.125	0	4.51146e-14	0	0	0	0
38.375	0	4.19943e-14	0	0	4.01494e-15	0
38.625	0	5.87665e-14	0	0	4.06023e-15	0
38.875	0	5.95376e-14	0	0	4.10771e-15	0
39.125	0	5.20124e-14	0	0	4.15863e-15	0
39.375	3.64295e-15	5.68777e-14	0	0	2.10055e-15	0
39.625	9.2015e-15	5.96834e-14	0	0	2.1272e-15	0
39.875	0	6.04777e-14	0	0	0	0
40.125	0	5.24926e-14	0	0	6.57647e-15	0
40.375	0	5.76081e-14	0	0	2.21584e-15	0
40.625	6.93562e-15	4.93189e-14	0	0	2.23851e-15	0
40.875	0	4.31486e-14	0	0	6.81413e-15	0
41.125	0	4.82179e-14	0	0	0	0
41.375	4.50944e-15	4.87579e-14	0	0	0	0
41.625	0	6.35347e-14	0	0	0	0
41.875	3.11393e-15	3.81454e-14	0	0	9.53595e-15	0
42.125	0	7.20173e-14	0	0	4.8201e-15	0
42.375	0	3.90169e-14	0	0	2.45072e-15	0
42.625	0	4.68251e-14	0	0	2.47809e-15	0
42.875	3.35783e-15	2.99561e-14	0	0	0	0
43.125	0	5.04967e-14	0	0	7.28806e-15	0
43.375	0	3.06235e-14	0	0	0	0
43.625	0	5.94217e-14	0	0	2.57202e-15	0
43.875	0	3.66088e-14	0	0	0	0
44.125	0	5.29334e-14	0	0	5.2922e-15	0
44.375	0	4.27787e-14	0	0	2.68549e-15	0
44.625	0	3.51426e-14	0	0	0	0
44.875	0	3.00726e-14	0	0	0	0
45.125	0	2.7643e-14	0	0	0	0
45.375	0	3.07864e-14	0	4.87516e-15	2.79494e-15	0
45.625	0	3.67762e-14	0	0	2.82878e-15	0
45.875	0	2.85818e-14	0	0	0	0
46.125	0	4.04844e-14	0	0	2.88626e-15	0
46.375	0	4.38409e-14	0	0	5.83873e-15	0
46.625	0	3.54546e-14	0	0	5.90841e-15	0
46.875	0	2.38956e-14	0	0	3.00053e-15	0
47.125	0	3.31859e-14	0	0	0	0
47.375	0	6.08346e-15	0	0	3.06023e-15	0
47.625	0	1.84776e-14	0	0	0	0
47.875	0	2.49467e-14	0	0	6.22684e-15	0
48.125	0	2.20164e-14	0	0	0	0
48.375	0	2.86091e-14	0	0	0	0
48.625	0	4.81511e-14	0	0	3.19814e-15	0
48.875	0	1.62533e-14	0	0	0	0
49.125	0	3.60038e-14	0	0	0	0
49.375	0	9.92996e-15	0	0	3.32585e-15	0
49.625	0	2.34208e-14	0	0	0	0
49.875	0	1.691e-14	0	0	3.36184e-15	0
50.125	0	2.04586e-14	0	0	0	0
50.375	0	2.41056e-14	0	0	0	0
50.625	0	2.43876e-14	0	0	3.47474e-15	0
50.875	0	1.4099e-14	0	0	0	0
51.125	0	2.83797e-14	0	0	3.53681e-15	0
51.375	0	1.43497e-14	0	0	3.57219e-15	0
51.625	0	1.0848e-14	0	0	0	0
51.875	0	3.65702e-14	0	0	0	0
52.125	0	1.10969e-14	0	0	0	0
52.375	0	1.86327e-14	0	0	3.71064e-15	0
52.625	0	2.25719e-14	0	0	3.77004e-15	0
52.875	0	2.27988e-14	0	0	3.81073e-15	0
53.125	0	7.67583e-15	0	0	0	0
53.375	0	7.72432e-15	0	0	0	0
53.625	0	1.95527e-14	0	0	0	0
53.875	0	1.57861e-14	0	0	0	0
54.125	0	1.19445e-14	0	0	0	0
54.375	0	1.20313e-14	0	0	0	0
54.625	0	1.62162e-14	0	0	0	0
54.875	0	8.19157e-15	0	0	0	0
55.125	0	1.64949e-14	0	0	0	0
55.375	0	4.17268e-15	0	0	0	0
55.625	0	8.41997e-15	0	0	0	0
55.875	0	8.48348e-15	0	0	0	0
56.125	0	1.28321e-14	0	0	0	0
56.375	0	8.62477e-15	0	0	0	0
56.625	0	4.3403e-15	0	0	8.71121e-15	0
56.875	0	2.19549e-14	0	0	0	0
57.125	0	8.87906e-15	0	0	0	0
57.375	0	2.23333e-14	0	0	0	0
57.625	0	1.35425e-14	0	0	0	0
57.875	0	4.55619e-15	0	0	0	0
58.125	0	0	0	0	0	0
58.375	0	4.64774e-15	0	0	0	0
58.625	0	9.32857e-15	0	0	0	0
58.875	0	2.35214e-14	0	0	4.70286e-15	0
59.125	0	1.42572e-14	0	0	0	0
59.375	0	4.77071e-15	0	0	0	0
59.625	0	9.67965e-15	0	0	0	0
59.875	0	4.87326e-15	0	0	0	0
60.125	0	9.82773e-15	0	0	0	0
60.375	0	9.91036e-15	0	0	4.93497e-15	0
60.625	0	1.00027e-14	0	0	0	0
60.875	0	1.50876e-14	0	0	0	0
61.125	0	0	0	0	0	0
61.375	0	5.1086e-15	0	0	0	0
61.625	0	5.15106e-15	0	0	0	0
61.875	0	5.20831e-15	0	0	0	0
62.125	0	0	0	0	0	0
62.375	0	5.28042e-15	0	0	0	0
62.625	0	1.59742e-14	0	0	0	0
62.875	0	1.61043e-14	0	0	0	0
63.125	0	0	0	0	0	0
63.375	0	1.09188e-14	0	0	0	0
63.625	0	5.48559e-15	0	0	0	0
63.875	0	0	0	0	0	0
64.125	0	1.6782e-14	0	0	0	0
64.375	0	0	0	0	0	0
64.625	0	5.67688e-15	0	0	0	0
64.875	0	5.71246e-15	0	0	0	0
65.125	0	0	0	0	0	0
65.375	0	5.81646e-15	0	0	0	0
65.625	0	2.3377e-14	0	0	0	0
65.875	0	0	0	0	0	0
66.125	0	1.18731e-14	0	0	0	0
66.375	0	0	0	0	0	0
66.625	0	0	0	0	0	0
66.875	0	6.06698e-15	0	0	0	0
67.125	0	1.22381e-14	0	0	0	0
67.375	0	6.1793e-15	0	0	0	0
67.625	0	0	0	0	0	0
67.875	0	1.87858e-14	0	0	0	0
68.125	0	0	0	0	0	0
68.375	0	0	0	0	0	0
68.625	0	0	0	0	0	0
68.875	0	0	0	0	0	0
69.125	0	0	0	0	0	0
69.375	0	0	0	0	0	0
69.625	0	6.58451e-15	0	0	0	0
69.875	0	0	0	0	0	0
70.125	0	0	0	0	0	0
70.375	0	0	0	0	0	0
70.625	0	0	0	0	0	0
70.875	0	0	0	0	0	0
71.125	0	0	0	0	0	0
71.375	0	0	0	0	0	0
71.625	0	0	0	0	0	0
71.875	0	7.00415e-15	0	0	0	0
72.125	0	0	0	0	0	0
72.375	0	0	0	0	0	0
72.625	0	0	0	0	0	0
72.875	0	0	0	0	0	0
73.125	0	0	0	0	0	0
73.375	0	0	0	0	0	0
73.625	0	0	0	0	0	0
73.875	0	0	0	0	0	0
74.125	0	0	0	0	0	0
74.375	0	0	0	0	0	0
74.625	0	7.57776e-15	0	0	0	0
74.875	0	7.61975e-15	0	0	0	0
75.125	0	0	0	0	0	0
75.375	0	0	0	0	0	0
75.625	0	0	0	0	0	0
75.875	0	1.56613e-14	0	0	0	0
76.125	0	0	0	0	0	0
76.375	0	0	0	0	0	0
76.625	0	0	0	0	0	0
76.875	0	0	0	0	0	0
77.125	0	0	0	0	0	0
77.375	0	0	0	0	0	0
77.625	0	0	0	0	0	0
77.875	0	0	0	0	0	0
78.125	0	0	0	0	0	0
78.375	0	0	0	0	0	0
78.625	0	0	0	0	0	0
78.875	0	0	0	0	0	0
79.125	0	0	0	0	0	0
79.375	0	0	0	0	0	0
79.625	0	0	0	0	0	0
79.875	0	0	0	0	0	0
80.125	0	0	0	0	0	0
80.375	0	0	0	0	0	0
80.625	0	0	0	0	0	0
80.875	0	0	0	0	0	0
81.125	0	0	0	0	0	0
81.375	0	0	0	0	0	0
81.625	0	0	0	0	0	0
81.875	0	0	0	0	0	0
82.125	0	0	0	0	0	0
82.375	0	0	0	0	0	0
82.625	0	0	0	0	0	0
82.875	0	0	0	0	0	0
83.125	0	0	0	0	0	0
83.375	0	0	0	0	0	0
83.625	0	0	0	0	0	0
83.875	0	0	0	0	0	0
84.125	0	0	0	0	0	0
84.375	0	0	0	0	0	0
84.625	0	9.71072e-15	0	0	0	0
84.875	0	0	0	0	0	0
85.125	0	0	0	0	0	0
85.375	0	0	0	0	0	0
85.625	0	0	0	0	0	0
85.875	0	0	0	0	0	0
86.125	0	0	0	0	0	0
86.375	0	0	0	0	0	0
86.625	0	0	0	0	0	0
86.875	0	0	0	0	0	0
87.125	0	0	0	0	0	0
87.375	0	0	0	0	0	0
87.625	0	0	0	0	0	0
87.875	0	0	0	0	0	0
88.125	0	0	0	0	0	0
88.375	0	0	0	0	0	0
88.625	0	0	0	0	0	0
88.875	0	0	0	0	0	0
89.125	0	0	0	0	0	0
89.375	0	0	0	0	0	0
89.625	0	0	0	0	0	0
89.875	0	0	0	0	0	0
90.125	0	0	0	0	0	0
90.375	0	0	0	0	0	0
90.625	0	0	0	0	0	0
90.875	0	0	0	0	0	0
91.125	0	0	0	0	0	0
91.375	0	0	0	0	0	0
91.625	0	0	0	0	0	0
91.875	0	0	0	0	0	0
92.125	0	0	0	0	0	0
92.375	0	0	0	0	0	0
92.625	0	0	0	0	0	0
92.875	0	0	0	0	0	0
93.125	0	0	0	0	0	0
93.375	0	0	0	0	0	0
93.625	0	0	0	0	0	0
93.875	0	0	0	0	0	0
94.125	0	0	0	0	0	0
94.375	0	0	0	0	0	0
94.625	0	0	0	0	0	0
94.875	0	0	0	0	0	0
95.125	0	0	0	0	0	0
95.375	0	0	0	0	0	0
95.625	0	0	0	0	0	0
95.875	0	0	0	0	0	0
96.125	0	0	0	0	0	0
96.375	0	0	0	0	0	0
96.625	0	0	0	0	0	0
96.875	0	0	0	0	0	0
97.125	0	0	0	0	0	0
97.375	0	0	0	0	0	0
97.625	0	0	0	0	0	0
97.875	0	0	0	0	0	0
98.125	0	0	0	0	0	0
98.375	0	0	0	0	0	0
98.625	0	0	0	0	0	0
98.875	0	0	0	0	0	0
99.125	0	0	0	0	0	0
99.375	0	0	0	0	0	0
99.625	0	0	0	0	0	0
99.875	0	0	0	0	0	0
100.125	0	0	0	0	0	0
100.375	0	0	0	0	0	0
100.625	0	0	0	0	0	0
100.875	0	0	0	0	0	0
101.125	0	0	0	0	0	0
101.375	0	0	0	0	0	0
101.625	0	0	0	0	0	0
101.875	0	0	0	0	0	0
102.125	0	0	0	0	0	0
102.375	0	0	0	0	0	0
102.625	0	0	0	0	0	0
102.875	0	0	0	0	0	0
103.125	0	0	0	0	0	0
103.375	0	0	0	0	0	0
103.625	0	0	0	0	0	0
103.875	0	0	0	0	0	0
104.125	0	0	0	0	0	0
104.375	0	0	0	0	0	0
104.625	0	0	0	0	0	0
104.875	0	0	0	0	0	0
105.125	0	0	0	0	0	0
105.375	0	0	0	0	0	0
105.625	0	0	0	0	0	0
105.875	0	0	0	0	0	0
106.125	0	0	0	0	0	0
106.375	0	0	0	0	0	0
106.625	0	0	0	0	0	0
106.875	0	0	0	0	0	0
107.125	0	0	0	0	0	0
107.375	0	0	0	0	0	0
107.625	0	0	0	0	0	0
107.875	0	0	0	0	0	0
108.125	0	0	0	0	0	0
108.375	0	0	0	0	0	0
108.625	0	0	0	0	0	0
108.875	0	0	0	0	0	0
109.125	0	0	0	0	0	0
109.375	0	0	0	0	0	0
109.625	0	0	0	0	0	0
109.875	0	0	0	0	0	0
110.125	0	0	0	0	0	0
110.375	0	0	0	0	0	0
110.625	0	0	0	0	0	0
110.875	0	0	0	0	0	0
111.125	0	0	0	0	0	0
111.375	0	0	0	0	0	0
111.625	0	0	0	0	0	0
111.875	0	0	0	0	0	0
112.125	0	0	0	0	0	0
112.375	0	0	0	0	0	0
112.625	0	0	0	0	0	0
112.875	0	0	0	0	0	0
113.125	0	0	0	0	0	0
113.375	0	0	0	0	0	0
113.625	0	0	0	0	0	0
113.875	0	0	0	0	0	0
114.125	0	0	0	0	0	0
114.375	0	0	0	0	0	0
114.625	0	0	0	0	0	0
114.875	0	0	0	0	0	0
115.125	0	0	0	0	0	0
115.375	0	0	0	0	0	0
115.625	0	0	0	0	0	0
115.875	0	0	0	0	0	0
116.125	0	0	0	0	0	0
116.375	0	0	0	0	0	0
116.625	0	0	0	0	0	0
116.875	0	0	0	0	0	0
117.125	0	0	0	0	0	0
117.375	0	0	0	0	0	0
117.625	0	0	0	0	0	0
117.875	0	0	0	0	0	0
118.125	0	0	0	0	0	0
118.375	0	0	0	0	0	0
118.625	0	0	0	0	0	0
118.875	0	0	0	0	0	0
119.125	0	0	0	0	0	0
119.375	0	0	0	0	0	0
119.625	0	0	0	0	0	0
119.875	0	0	0	0	0	0
120.125	0	0	0	0	0	0
120.375	0	0	0	0	0	0
120.625	0	0	0	0	0	0
120.875	0	0	0	0	0	0
121.125	0	0	0	0	0	0
121.375	0	0	0	0	0	0
121.625	0	0	0	0	0	0
121.875	0	0	0	0	0	0
122.125	0	0	0	0	0	0
122.375	0	0	0	0	0	0
122.625	0	0	0	0	0	0
122.875	0	0	0	0	0	0
123.125	0	0	0	0	0	0
123.375	0	0	0	0	0	0
123.625	0	0	0	0	0	0
123.875	0	0	0	0	0	0
124.125	0	0	0	0	0	0
124.375	0	0	0	0	0	0
124.625	0	0	0	0	0	0
124.875	0	0	0	0	0	0
125.125	0	0	0	0	0	0
