energy(#signal)<
@energy = {0, 7, 0.2931792, 0.2931792, 0.0190046, 0.0190046, 0.0002039, 0.0002039, 4.e-7, 4.e-7}:
{0, 7, 0.3837353, 0.3837353, 0.11137079999999999, 0.11137079999999999, 0.0035751, 0.0035751, 0.0000191, 0.0000191}:
{0, 9, 0.19058509999999998, 0.19058509999999998, 0.29212299999999997, 0.29212299999999997, 0.031066899999999998, 0.031066899999999998, 0.00046249999999999997, 0.00046249999999999997, 2.1e-6, 2.1e-6}:
{0, 11, 0.0357434, 0.0357434, 0.34457089999999996, 0.34457089999999996, 0.1344343, 0.1344343, 0.005932799999999999, 0.005932799999999999, 0.000061, 0.000061, 3.e-7, 3.e-7}:
{0, 11, 0.0025041, 0.0025041, 0.182965, 0.182965, 0.2908227, 0.2908227, 0.0404441, 0.0404441, 0.0010008, 0.0010008, 8.5e-6, 8.5e-6}:
{0, 13, 0.0000647, 0.0000647, 0.0436125, 0.0436125, 0.315264, 0.315264, 0.14700539999999998, 0.14700539999999998, 0.009379199999999999, 0.009379199999999999, 0.0001652, 0.0001652, 6.e-7, 6.e-7}:
{0, 15, 6.e-7, 6.e-7, 0.0046397, 0.0046397, 0.1713055, 0.1713055, 0.2856459, 0.2856459, 0.0503314, 0.0503314, 0.0019475999999999999, 0.0019475999999999999, 0.0000155, 0.0000155, 1.e-7, 1.e-7}:
{2, 15, 0.0002187, 0.0002187, 0.0465711, 0.0465711, 0.2971551, 0.2971551, 0.1549919, 0.1549919, 0.013965499999999999, 0.013965499999999999, 0.0002429, 0.0002429, 2.8999999999999998e-6, 2.8999999999999998e-6}:
{2, 17, 4.5e-6, 4.5e-6, 0.0063119, 0.0063119, 0.1655149, 0.1655149, 0.2743274, 0.2743274, 0.0609947, 0.0609947, 0.0024154999999999997, 0.0024154999999999997, 0.0000502, 0.0000502, 4.e-7, 4.e-7}:
{4, 19, 0.00042449999999999996, 0.00042449999999999996, 0.049296599999999996, 0.049296599999999996, 0.2793172, 0.2793172, 0.1624811, 0.1624811, 0.0152255, 0.0152255, 0.0005687, 0.0005687, 7.2999999999999996e-6, 7.2999999999999996e-6, 1.e-7, 1.e-7}:
{4, 19, 0.000014099999999999999, 0.000014099999999999999, 0.007831399999999999, 0.007831399999999999, 0.1636074, 0.1636074, 0.2642527, 0.2642527, 0.060904799999999995, 0.060904799999999995, 0.0042908, 0.0042908, 0.000097, 0.000097, 1.5e-6, 1.5e-6}:
{4, 21, 2.e-7, 2.e-7, 0.0006613999999999999, 0.0006613999999999999, 0.0550835, 0.0550835, 0.26252339999999996, 0.26252339999999996, 0.15477259999999998, 0.15477259999999998, 0.021571, 0.021571, 0.0008916, 0.0008916, 0.000021499999999999997, 0.000021499999999999997, 1.e-7, 1.e-7}:
{6, 21, 0.000029599999999999998, 0.000029599999999999998, 0.010643099999999999, 0.010643099999999999, 0.1593094, 0.1593094, 0.2500427, 0.2500427, 0.0723101, 0.0723101, 0.005662599999999999, 0.005662599999999999, 0.00021909999999999999, 0.00021909999999999999, 2.1e-6, 2.1e-6}:
{6, 23, 7.e-7, 7.e-7, 0.0011776999999999998, 0.0011776999999999998, 0.059019999999999996, 0.059019999999999996, 0.2569105, 0.2569105, 0.1617335, 0.1617335, 0.0248576, 0.0248576, 0.0015993, 0.0015993, 0.000027099999999999998, 0.000027099999999999998, 6.e-7, 6.e-7}:
{8, 25, 0.00007439999999999999, 0.00007439999999999999, 0.013335099999999999, 0.013335099999999999, 0.1678814, 0.1678814, 0.2414739, 0.2414739, 0.0754627, 0.0754627, 0.008359, 0.008359, 0.0002541, 0.0002541, 7.2e-6, 7.2e-6, 1.e-7, 1.e-7}:
{8, 25, 2.7e-6, 2.7e-6, 0.0018349999999999998, 0.0018349999999999998, 0.06974559999999999, 0.06974559999999999, 0.2407194, 0.2407194, 0.1584996, 0.1584996, 0.0312888, 0.0312888, 0.0017300999999999998, 0.0017300999999999998, 0.0000698, 0.0000698, 1.1e-6, 1.1e-6}:
{8, 27, 1.e-7, 1.e-7, 0.0001535, 0.0001535, 0.0184083, 0.0184083, 0.16022119999999998, 0.16022119999999998, 0.2303998, 0.2303998, 0.0839071, 0.0839071, 0.0085668, 0.0085668, 0.0005115, 0.0005115, 0.000012, 0.000012, 2.e-7, 2.e-7}:
{10, 29, 7.8e-6, 7.8e-6, 0.0030835999999999997, 0.0030835999999999997, 0.07118529999999999, 0.07118529999999999, 0.2318266, 0.2318266, 0.1612565, 0.1612565, 0.030862499999999998, 0.030862499999999998, 0.0028208, 0.0028208, 0.00010379999999999999, 0.00010379999999999999, 2.1e-6, 2.1e-6, 1.e-7, 1.e-7}:
{10, 29, 2.e-7, 2.e-7, 0.0003274, 0.0003274, 0.0211018, 0.0211018, 0.1614618, 0.1614618, 0.22214289999999998, 0.22214289999999998, 0.0809194, 0.0809194, 0.011710499999999999, 0.011710499999999999, 0.0006858999999999999, 0.0006858999999999999, 0.0000198, 0.0000198, 1.e-6, 1.e-6}:
{12, 31, 0.000022, 0.000022, 0.0041708, 0.0041708, 0.0778267, 0.0778267, 0.2193754, 0.2193754, 0.1544514, 0.1544514, 0.036608299999999996, 0.036608299999999996, 0.0034619, 0.0034619, 0.0001491, 0.0001491, 9.1e-6, 9.1e-6, 4.e-7, 4.e-7}:
{12, 31, 9.e-7, 9.e-7, 0.0005492, 0.0005492, 0.0259537, 0.0259537, 0.1553032, 0.1553032, 0.2146474, 0.2146474, 0.0861912, 0.0861912, 0.013345099999999999, 0.013345099999999999, 0.0008734999999999999, 0.0008734999999999999, 0.000067, 0.000067, 3.6e-6, 3.6e-6}:
{14, 33, 0.0000481, 0.0000481, 0.0059853, 0.0059853, 0.0788059, 0.0788059, 0.2172162, 0.2172162, 0.1528611, 0.1528611, 0.0392966, 0.0392966, 0.0039897, 0.0039897, 0.0003947, 0.0003947, 0.0000255, 0.0000255, 5.e-7, 5.e-7}:
{14, 35, 2.8e-6, 2.8e-6, 0.000954, 0.000954, 0.0286567, 0.0286567, 0.1600633, 0.1600633, 0.2042347, 0.2042347, 0.0884076, 0.0884076, 0.0142064, 0.0142064, 0.0018586, 0.0018586, 0.0001478, 0.0001478, 4.2999999999999995e-6, 4.2999999999999995e-6, 2.e-7, 2.e-7}:
{14, 37, 1.e-7, 1.e-7, 0.00010499999999999999, 0.00010499999999999999, 0.007465299999999999, 0.007465299999999999, 0.0858785, 0.0858785, 0.2055814, 0.2055814, 0.1519788, 0.1519788, 0.0394437, 0.0394437, 0.006997199999999999, 0.006997199999999999, 0.0007044, 0.0007044, 0.0000298, 0.0000298, 1.5e-6, 1.5e-6, 1.e-7, 1.e-7}:
{16, 37, 8.e-6, 8.e-6, 0.0013927, 0.0013927, 0.0335424, 0.0335424, 0.15590469999999998, 0.15590469999999998, 0.1996518, 0.1996518, 0.0854028, 0.0854028, 0.0210606, 0.0210606, 0.0027638999999999997, 0.0027638999999999997, 0.0001713, 0.0001713, 0.0000105, 0.0000105, 5.e-7, 5.e-7}:
{16, 39, 4.e-7, 4.e-7, 0.000186, 0.000186, 0.0095348, 0.0095348, 0.0890696, 0.0890696, 0.2004378, 0.2004378, 0.1442146, 0.1442146, 0.050685499999999994, 0.050685499999999994, 0.0089303, 0.0089303, 0.0008087999999999999, 0.0008087999999999999, 0.000059699999999999994, 0.000059699999999999994, 3.6999999999999997e-6, 3.6999999999999997e-6, 1.e-7, 1.e-7}:
{18, 39, 0.0000178, 0.0000178, 0.0019719, 0.0019719, 0.038330699999999995, 0.038330699999999995, 0.1537806, 0.1537806, 0.1899402, 0.1899402, 0.0975423, 0.0975423, 0.023759199999999998, 0.023759199999999998, 0.0031379999999999997, 0.0031379999999999997, 0.0002866, 0.0002866, 0.0000219, 0.0000219, 9.e-7, 9.e-7}:
{18, 41, 1.2e-6, 1.2e-6, 0.0002966, 0.0002966, 0.0124233, 0.0124233, 0.0901608, 0.0901608, 0.1951229, 0.1951229, 0.1501156, 0.1501156, 0.052055, 0.052055, 0.010004899999999999, 0.010004899999999999, 0.0011574, 0.0011574, 0.00010879999999999999, 0.00010879999999999999, 5.7999999999999995e-6, 5.7999999999999995e-6, 1.e-7, 1.e-7}:
{18, 41, 1.e-7, 1.e-7, 0.0000324, 0.0000324, 0.0030318999999999997, 0.0030318999999999997, 0.0403913, 0.0403913, 0.1563446, 0.1563446, 0.1847566, 0.1847566, 0.0939242, 0.0939242, 0.026213999999999998, 0.026213999999999998, 0.0039323, 0.0039323, 0.0004619, 0.0004619, 0.0000321, 0.0000321, 1.e-6, 1.e-6}:
{20, 43, 2.5999999999999997e-6, 2.5999999999999997e-6, 0.000557, 0.000557, 0.013824699999999999, 0.013824699999999999, 0.0977069, 0.0977069, 0.1818544, 0.1818544, 0.1395716, 0.1395716, 0.056448, 0.056448, 0.011240499999999999, 0.011240499999999999, 0.0016707, 0.0016707, 0.0001518, 0.0001518, 6.2e-6, 6.2e-6, 3.e-7, 3.e-7}:
{20, 45, 1.e-7, 1.e-7, 0.000077, 0.000077, 0.0036144999999999997, 0.0036144999999999997, 0.0476218, 0.0476218, 0.1431515, 0.1431515, 0.17081849999999998, 0.17081849999999998, 0.0999026, 0.0999026, 0.0270347, 0.0270347, 0.0051519, 0.0051519, 0.0006133, 0.0006133, 0.0000332, 0.0000332, 2.e-6, 2.e-6, 2.e-7, 2.e-7}:
{22, 47, 8.e-6, 8.e-6, 0.0007216999999999999, 0.0007216999999999999, 0.0181001, 0.0181001, 0.0901169, 0.0901169, 0.1721868, 0.1721868, 0.1453234, 0.1453234, 0.0547102, 0.0547102, 0.013543399999999999, 0.013543399999999999, 0.0021194, 0.0021194, 0.0001536, 0.0001536, 0.000010899999999999999, 0.000010899999999999999, 1.1e-6, 1.1e-6, 1.e-7, 1.e-7}:
{22, 47, 6.e-7, 6.e-7, 0.00010999999999999999, 0.00010999999999999999, 0.0053641, 0.0053641, 0.0453664, 0.0453664, 0.14295349999999998, 0.14295349999999998, 0.173754, 0.173754, 0.0931616, 0.0931616, 0.0303529, 0.0303529, 0.0062622, 0.0062622, 0.000609, 0.000609, 0.0000526, 0.0000526, 5.7999999999999995e-6, 5.7999999999999995e-6, 7.e-7, 7.e-7}:
{24, 49, 0.0000128, 0.0000128, 0.0012393, 0.0012393, 0.0182622, 0.0182622, 0.0977503, 0.0977503, 0.17075749999999998, 0.17075749999999998, 0.1334862, 0.1334862, 0.057995399999999996, 0.057995399999999996, 0.0158209, 0.0158209, 0.0020732999999999997, 0.0020732999999999997, 0.00022009999999999998, 0.00022009999999999998, 0.0000269, 0.0000269, 3.5e-6, 3.5e-6, 2.e-7, 2.e-7}:
{24, 49, 1.1e-6, 1.1e-6, 0.00022319999999999998, 0.00022319999999999998, 0.0058779, 0.0058779, 0.0550506, 0.0550506, 0.1379336, 0.1379336, 0.1609435, 0.1609435, 0.09447509999999999, 0.09447509999999999, 0.0341779, 0.0341779, 0.006058, 0.006058, 0.0007995, 0.0007995, 0.0001099, 0.0001099, 0.000015799999999999998, 0.000015799999999999998, 1.2e-6, 1.2e-6}:
{24, 51, 1.e-7, 1.e-7, 0.0000313, 0.0000313, 0.0015125, 0.0015125, 0.0255338, 0.0255338, 0.09157979999999999, 0.09157979999999999, 0.16328669999999998, 0.16328669999999998, 0.131214, 0.131214, 0.0631367, 0.0631367, 0.0151936, 0.0151936, 0.0025196, 0.0025196, 0.00039579999999999997, 0.00039579999999999997, 0.000064, 0.000064, 5.5e-6, 5.5e-6, 2.e-7, 2.e-7}:
{26, 51, 3.3999999999999996e-6, 3.3999999999999996e-6, 0.00031109999999999997, 0.00031109999999999997, 0.0097535, 0.0097535, 0.0499755, 0.0499755, 0.1394016, 0.1394016, 0.1553772, 0.1553772, 0.0997353, 0.0997353, 0.0327091, 0.0327091, 0.0068902, 0.0068902, 0.0012565, 0.0012565, 0.00023009999999999998, 0.00023009999999999998, 0.000023199999999999998, 0.000023199999999999998, 1.2e-6, 1.2e-6}:
{26, 53, 3.e-7, 3.e-7, 0.0000512, 0.0000512, 0.0030681, 0.0030681, 0.022414299999999998, 0.022414299999999998, 0.100143, 0.100143, 0.1568706, 0.1568706, 0.1347262, 0.1347262, 0.0604457, 0.0604457, 0.0163501, 0.0163501, 0.0035161999999999997, 0.0035161999999999997, 0.0007366, 0.0007366, 0.000087, 0.000087, 5.7e-6, 5.7e-6, 1.e-7, 1.e-7}:
{28, 56, 6.699999999999999e-6, 6.699999999999999e-6, 0.0007947, 0.0007947, 0.008261899999999999, 0.008261899999999999, 0.0605343, 0.0605343, 0.1350342, 0.1350342, 0.1556313, 0.1556313, 0.09588719999999999, 0.09588719999999999, 0.0336669, 0.0336669, 0.0086725, 0.0086725, 0.0020977, 0.0020977, 0.0002926, 0.0002926, 0.000024599999999999998, 0.000024599999999999998, 5.e-7, 5.e-7, 0, 0, 0}:
{28, 58, 7.e-7, 7.e-7, 0.0001695, 0.0001695, 0.0025027, 0.0025027, 0.030789399999999998, 0.030789399999999998, 0.09910419999999999, 0.09910419999999999, 0.1537394, 0.1537394, 0.1305753, 0.1305753, 0.0601573, 0.0601573, 0.0188538, 0.0188538, 0.0053143999999999995, 0.0053143999999999995, 0.0008818999999999999, 0.0008818999999999999, 0.0000954, 0.0000954, 2.5999999999999997e-6, 2.5999999999999997e-6, 1.e-7, 1.e-7, 0, 0, 3.e-7}:
{28, 58, 1.e-7, 1.e-7, 0.0000298, 0.0000298, 0.000623, 0.000623, 0.0131767, 0.0131767, 0.062012899999999996, 0.062012899999999996, 0.1298724, 0.1298724, 0.1526412, 0.1526412, 0.09327769999999999, 0.09327769999999999, 0.0361279, 0.0361279, 0.0119776, 0.0119776, 0.0023814, 0.0023814, 0.000329, 0.000329, 0.0000121, 0.0000121, 3.e-7, 3.e-7, 0, 0, 1.1e-6}:
{30, 58, 4.2999999999999995e-6, 4.2999999999999995e-6, 0.0001274, 0.0001274, 0.0047446, 0.0047446, 0.0330832, 0.0330832, 0.0938189, 0.0938189, 0.1531779, 0.1531779, 0.1255088, 0.1255088, 0.0610212, 0.0610212, 0.0240167, 0.0240167, 0.0057627, 0.0057627, 0.001011, 0.001011, 0.000049699999999999995, 0.000049699999999999995, 1.8e-6, 1.8e-6, 0, 0, 3.8e-6}:
{30, 58, 5.e-7, 5.e-7, 0.0000214, 0.0000214, 0.0014372999999999999, 0.0014372999999999999, 0.0150473, 0.0150473, 0.057956299999999995, 0.057956299999999995, 0.1319579, 0.1319579, 0.1465474, 0.1465474, 0.0908491, 0.0908491, 0.0428432, 0.0428432, 0.0124963, 0.0124963, 0.0027672, 0.0027672, 0.0001815, 0.0001815, 8.4e-6, 8.4e-6, 0, 0, 0.0000121}:
{30, 60, 1.e-7, 1.e-7, 3.e-6, 3.e-6, 0.00036629999999999996, 0.00036629999999999996, 0.005834799999999999, 0.005834799999999999, 0.030615499999999997, 0.030615499999999997, 0.0975863, 0.0975863, 0.14848719999999999, 0.14848719999999999, 0.11922469999999999, 0.11922469999999999, 0.067995, 0.067995, 0.024283, 0.024283, 0.0067461, 0.0067461, 0.0005907, 0.0005907, 0.0000354, 0.0000354, 2.e-7, 2.e-7, 0.000036099999999999997, 0.000036099999999999997, 9.1e-6}:
{32, 60, 3.e-7, 3.e-7, 0.0000785, 0.0000785, 0.0019287999999999998, 0.0019287999999999998, 0.013829399999999999, 0.013829399999999999, 0.0619517, 0.0619517, 0.13055819999999999, 0.13055819999999999, 0.1379182, 0.1379182, 0.096007, 0.096007, 0.0422855, 0.0422855, 0.0146495, 0.0146495, 0.0017123, 0.0017123, 0.000133, 0.000133, 1.4e-6, 1.4e-6, 0.00010049999999999999, 0.00010049999999999999, 0.0000207}:
{34, 60, 0.0000142, 0.0000142, 0.0005436, 0.0005436, 0.0053417, 0.0053417, 0.0337617, 0.0337617, 0.09961389999999999, 0.09961389999999999, 0.1406338, 0.1406338, 0.12060359999999999, 0.12060359999999999, 0.0659863, 0.0659863, 0.0283367, 0.0283367, 0.0044208, 0.0044208, 0.00044429999999999996, 0.00044429999999999996, 8.599999999999999e-6, 8.599999999999999e-6, 0.0002606, 0.0002606, 0.0000452}:
{34, 60, 2.1e-6, 2.1e-6, 0.0001306, 0.0001306, 0.0017641999999999998, 0.0017641999999999998, 0.0157941, 0.0157941, 0.0659524, 0.0659524, 0.12640759999999998, 0.12640759999999998, 0.1347876, 0.1347876, 0.0922765, 0.0922765, 0.0488244, 0.0488244, 0.0101649, 0.0101649, 0.0013231999999999999, 0.0013231999999999999, 0.0000438, 0.0000438, 0.0006303, 0.0006303, 0.0000947}:
{34, 60, 3.e-7, 3.e-7, 0.0000267, 0.0000267, 0.0004982, 0.0004982, 0.0063425, 0.0063425, 0.0378905, 0.0378905, 0.10015489999999999, 0.10015489999999999, 0.1340208, 0.1340208, 0.11563949999999999, 0.11563949999999999, 0.0749357, 0.0749357, 0.0208167, 0.0208167, 0.0035106, 0.0035106, 0.000193, 0.000193, 0.001421, 0.001421, 0.00019119999999999999}:
{36, 60, 4.7e-6, 4.7e-6, 0.0001203, 0.0001203, 0.0021863, 0.0021863, 0.018889, 0.018889, 0.06995, 0.06995, 0.11855679999999999, 0.11855679999999999, 0.1298673, 0.1298673, 0.1024491, 0.1024491, 0.0379693, 0.0379693, 0.008299299999999999, 0.008299299999999999, 0.0007327, 0.0007327, 0.0029863, 0.0029863, 0.00037119999999999997}:
{36, 60, 7.e-7, 7.e-7, 0.0000248, 0.0000248, 0.0006469, 0.0006469, 0.0081707, 0.0081707, 0.0430645, 0.0430645, 0.0933064, 0.0933064, 0.1306992, 0.1306992, 0.12476609999999999, 0.12476609999999999, 0.0616832, 0.0616832, 0.017481899999999998, 0.017481899999999998, 0.0023974, 0.0023974, 0.0058503, 0.0058503, 0.0006933}:
{36, 61, 1.e-7, 1.e-7, 4.4e-6, 4.4e-6, 0.00016429999999999998, 0.00016429999999999998, 0.0030667, 0.0030667, 0.0233703, 0.0233703, 0.0653319, 0.0653319, 0.1178761, 0.1178761, 0.1353492, 0.1353492, 0.0892521, 0.0892521, 0.032812, 0.032812, 0.0067624, 0.0067624, 0.0106842, 0.0106842, 0.0012457, 1.e-7}:
{38, 61, 7.e-7, 7.e-7, 0.000035799999999999996, 0.000035799999999999996, 0.0009987, 0.0009987, 0.0111795, 0.0111795, 0.040697199999999996, 0.040697199999999996, 0.0952703, 0.0952703, 0.1307934, 0.1307934, 0.1150244, 0.1150244, 0.0548754, 0.0548754, 0.016444, 0.016444, 0.0181897, 0.0181897, 0.0021531, 1.e-7}:
{38, 61, 1.e-7, 1.e-7, 6.699999999999999e-6, 6.699999999999999e-6, 0.0002822, 0.0002822, 0.0047139999999999994, 0.0047139999999999994, 0.0225542, 0.0225542, 0.0690031, 0.0690031, 0.1125867, 0.1125867, 0.1320337, 0.1320337, 0.0817764, 0.0817764, 0.0344718, 0.0344718, 0.0288685, 0.0288685, 0.00358, 3.e-7}:
{40, 61, 1.1e-6, 1.1e-6, 0.0000692, 0.0000692, 0.0017521, 0.0017521, 0.011120099999999999, 0.011120099999999999, 0.0447875, 0.0447875, 0.0863294, 0.0863294, 0.1349907, 0.1349907, 0.1085891, 0.1085891, 0.0622982, 0.0622982, 0.0427112, 0.0427112, 0.0057263999999999995, 6.e-7}:
{40, 61, 1.e-7, 1.e-7, 0.0000147, 0.0000147, 0.000574, 0.000574, 0.0048776, 0.0048776, 0.0260507, 0.0260507, 0.058965699999999996, 0.058965699999999996, 0.12292729999999999, 0.12292729999999999, 0.1284859, 0.1284859, 0.09706189999999999, 0.09706189999999999, 0.058908499999999996, 0.058908499999999996, 0.0088116, 1.2e-6}:
{42, 61, 2.7e-6, 2.7e-6, 0.0001658, 0.0001658, 0.0019033, 0.0019033, 0.0135786, 0.0135786, 0.0358763, 0.0358763, 0.0997054, 0.0997054, 0.13546829999999999, 0.13546829999999999, 0.13037279999999998, 0.13037279999999998, 0.0757414, 0.0757414, 0.013043899999999999, 2.4e-6}:
{42, 61, 4.e-7, 4.e-7, 0.000042199999999999996, 0.000042199999999999996, 0.0006607, 0.0006607, 0.0063425, 0.0063425, 0.019443699999999998, 0.019443699999999998, 0.0720302, 0.0720302, 0.12727249999999998, 0.12727249999999998, 0.1509703, 0.1509703, 0.0907838, 0.0907838, 0.0185754, 4.7e-6}:
{42, 61, 1.e-7, 1.e-7, 9.499999999999999e-6, 9.499999999999999e-6, 0.000204, 0.000204, 0.0026547999999999997, 0.0026547999999999997, 0.0093867, 0.0093867, 0.0463484, 0.0463484, 0.1065483, 0.1065483, 0.1507172, 0.1507172, 0.1014388, 0.1014388, 0.0254474, 9.1e-6}:
{44, 61, 1.9e-6, 1.9e-6, 0.000056099999999999995, 0.000056099999999999995, 0.0009958, 0.0009958, 0.0040365, 0.0040365, 0.0265631, 0.0265631, 0.079483, 0.079483, 0.12971749999999999, 0.12971749999999999, 0.1056623, 0.1056623, 0.0335374, 0.000017199999999999998}:
{44, 61, 3.e-7, 3.e-7, 0.0000137, 0.0000137, 0.0003347, 0.0003347, 0.0015461, 0.0015461, 0.013559499999999999, 0.013559499999999999, 0.0528343, 0.0528343, 0.0962489, 0.0962489, 0.1026023, 0.1026023, 0.042519999999999995, 0.000031599999999999996}:
{44, 61, 1.e-7, 1.e-7, 3.6999999999999997e-6, 3.6999999999999997e-6, 0.00013639999999999998, 0.00013639999999999998, 0.0007444999999999999, 0.0007444999999999999, 0.0099607, 0.0099607, 0.0606166, 0.0606166, 0.1215579, 0.1215579, 0.3531047, 0.3531047, 0.8278688999999999, 0.0918422}:
{58, 61, 1.8e-6, 1.8e-6, 0.0160584, 0.9080906};
>