energy(#abeam)<
@energy = {0, 7, 0.34224299999999996, 0.34224299999999996, 0.0142556, 0.0142556, 0.0000887, 0.0000887, 1.e-7, 1.e-7}:
{0, 7, 0.34224299999999996, 0.34224299999999996, 0.1140776, 0.1140776, 0.0025028999999999997, 0.0025028999999999997, 6.2e-6, 6.2e-6}:
{0, 9, 0.1354056, 0.1354056, 0.3351792, 0.3351792, 0.029927799999999997, 0.029927799999999997, 0.00023569999999999998, 0.00023569999999999998, 1.e-7, 1.e-7}:
{0, 9, 0.021050299999999997, 0.021050299999999997, 0.3651027, 0.3651027, 0.1529565, 0.1529565, 0.004287, 0.004287, 7.699999999999999e-6, 7.699999999999999e-6}:
{0, 13, 0.0012714999999999998, 0.0012714999999999998, 0.14757109999999998, 0.14757109999999998, 0.3366907, 0.3366907, 0.0372645, 0.0372645, 0.00029729999999999996, 0.00029729999999999996, 1.e-7, 1.e-7, 1.e-7, 1.e-7}:
{0, 13, 0.0000295, 0.0000295, 0.0219508, 0.0219508, 0.3205938, 0.3205938, 0.1556951, 0.1556951, 0.0053232, 0.0053232, 5.7e-6, 5.7e-6, 2.e-6, 2.e-6}:
{0, 13, 3.e-7, 3.e-7, 0.0011849999999999999, 0.0011849999999999999, 0.1320144, 0.1320144, 0.3140757, 0.3140757, 0.044640599999999996, 0.044640599999999996, 0.00022009999999999998, 0.00022009999999999998, 0.0000404, 0.0000404}:
{2, 15, 0.000022899999999999998, 0.000022899999999999998, 0.023396, 0.023396, 0.3066576, 0.3066576, 0.176394, 0.176394, 0.0040678, 0.0040678, 0.0005291, 0.0005291, 5.e-7, 5.e-7}:
{2, 17, 2.e-7, 2.e-7, 0.0017705, 0.0017705, 0.1449085, 0.1449085, 0.3299858, 0.3299858, 0.0359214, 0.0359214, 0.0044404, 0.0044404, 0.0000162, 0.0000162, 0, 0}:
{4, 19, 0.000056699999999999996, 0.000056699999999999996, 0.0330526, 0.0330526, 0.2929766, 0.2929766, 0.1523926, 0.1523926, 0.0238823, 0.0238823, 0.00029769999999999997, 0.00029769999999999997, 1.e-6, 1.e-6, 0, 0}:
{4, 21, 8.e-7, 8.e-7, 0.0036225, 0.0036225, 0.1233953, 0.1233953, 0.31199699999999997, 0.31199699999999997, 0.0824152, 0.0824152, 0.0032695999999999997, 0.0032695999999999997, 0.0000227, 0.0000227, 1.e-7, 1.e-7, 0, 0}:
{6, 21, 0.0001897, 0.0001897, 0.0245744, 0.0245744, 0.30904139999999997, 0.30904139999999997, 0.1826374, 0.1826374, 0.021469199999999997, 0.021469199999999997, 0.0003277, 0.0003277, 2.3e-6, 2.3e-6, 0, 0}:
{6, 21, 4.7e-6, 4.7e-6, 0.0023021, 0.0023021, 0.14809709999999998, 0.14809709999999998, 0.2600673, 0.2600673, 0.08444839999999999, 0.08444839999999999, 0.0030218, 0.0030218, 0.0000387, 0.0000387, 0, 0}:
{6, 23, 1.e-7, 1.e-7, 0.0001008, 0.0001008, 0.034246, 0.034246, 0.2380224, 0.2380224, 0.1992749, 0.1992749, 0.0178163, 0.0178163, 0.0004393, 0.0004393, 1.e-7, 1.e-7, 0.0007235, 0.0007235}:
{8, 27, 2.1e-6, 2.1e-6, 0.0038039, 0.0038039, 0.1400094, 0.1400094, 0.28238379999999996, 0.28238379999999996, 0.0672469, 0.0672469, 0.0033601, 0.0033601, 2.8999999999999998e-6, 2.8999999999999998e-6, 0.0023144999999999997, 0.0023144999999999997, 3.e-7, 3.e-7, 1.e-7, 1.e-7}:
{10, 27, 0.0002018, 0.0002018, 0.052908699999999996, 0.052908699999999996, 0.24040599999999998, 0.24040599999999998, 0.1626386, 0.1626386, 0.017348699999999998, 0.017348699999999998, 0.0000807, 0.0000807, 0.006418999999999999, 0.006418999999999999, 3.2999999999999997e-6, 3.2999999999999997e-6, 8.e-7, 8.e-7}:
{10, 27, 5.0999999999999995e-6, 5.0999999999999995e-6, 0.0128357, 0.0128357, 0.1229395, 0.1229395, 0.2522076, 0.2522076, 0.0605015, 0.0605015, 0.0012634, 0.0012634, 0.0154346, 0.0154346, 0.0000324, 0.0000324, 6.3e-6, 6.3e-6}:
{10, 27, 1.e-7, 1.e-7, 0.0019971999999999998, 0.0019971999999999998, 0.0377346, 0.0377346, 0.25085579999999996, 0.25085579999999996, 0.1425968, 0.1425968, 0.011281, 0.011281, 0.032178399999999996, 0.032178399999999996, 0.00024119999999999998, 0.00024119999999999998, 0.0000412, 0.0000412}:
{12, 27, 0.0001991, 0.0001991, 0.0069428, 0.0069428, 0.1600358, 0.1600358, 0.2272425, 0.2272425, 0.0575745, 0.0575745, 0.058169, 0.058169, 0.0013835, 0.0013835, 0.00022219999999999998, 0.00022219999999999998}:
{12, 27, 0.000012699999999999999, 0.000012699999999999999, 0.0007645, 0.0007645, 0.0654606, 0.0654606, 0.24491369999999998, 0.24491369999999998, 0.1683071, 0.1683071, 0.09117879999999999, 0.09117879999999999, 0.006107, 0.006107, 0.0009920999999999999, 0.0009920999999999999}:
{12, 27, 5.e-7, 5.e-7, 0.000050299999999999996, 0.000050299999999999996, 0.0171561, 0.0171561, 0.17852469999999998, 0.17852469999999998, 0.2822559, 0.2822559, 0.1239325, 0.1239325, 0.020752299999999998, 0.020752299999999998, 0.0036623, 0.0036623}:
{14, 29, 2.e-6, 2.e-6, 0.0028782, 0.0028782, 0.0879976, 0.0879976, 0.2717714, 0.2717714, 0.14607599999999998, 0.14607599999999998, 0.0542966, 0.0542966, 0.0111788, 0.0111788, 0, 0}:
{16, 33, 0.00030879999999999997, 0.00030879999999999997, 0.0293204, 0.0293204, 0.15023029999999998, 0.15023029999999998, 0.1493093, 0.1493093, 0.1094, 0.1094, 0.0282181, 0.0282181, 1.5e-6, 1.5e-6, 3.2999999999999997e-6, 3.2999999999999997e-6, 2.e-7, 2.e-7}:
{16, 37, 0.0000212, 0.0000212, 0.0066003, 0.0066003, 0.0476325, 0.0476325, 0.1323485, 0.1323485, 0.16976839999999999, 0.16976839999999999, 0.0589069, 0.0589069, 0.000042199999999999996, 0.000042199999999999996, 0.0000428, 0.0000428, 2.5999999999999997e-6, 2.5999999999999997e-6, 0, 0, 2.e-7, 2.e-7}:
{16, 37, 9.e-7, 9.e-7, 0.0010031, 0.0010031, 0.008648099999999999, 0.008648099999999999, 0.10173829999999999, 0.10173829999999999, 0.2029229, 0.2029229, 0.1017024, 0.1017024, 0.0007078999999999999, 0.0007078999999999999, 0.000397, 0.000397, 0.0000228, 0.0000228, 0, 0, 1.5e-6, 1.5e-6}:
{18, 37, 0.00010279999999999999, 0.00010279999999999999, 0.0008971999999999999, 0.0008971999999999999, 0.0678251, 0.0678251, 0.1868368, 0.1868368, 0.14522279999999999, 0.14522279999999999, 0.0069042, 0.0069042, 0.0026375, 0.0026375, 0.0001559, 0.0001559, 0, 0, 8.3e-6, 8.3e-6}:
{18, 37, 7.1e-6, 7.1e-6, 0.000053099999999999996, 0.000053099999999999996, 0.039214099999999995, 0.039214099999999995, 0.1325123, 0.1325123, 0.1715087, 0.1715087, 0.0392347, 0.0392347, 0.012544, 0.012544, 0.0008468999999999999, 0.0008468999999999999, 0, 0, 0.0000392, 0.0000392}:
{18, 39, 3.e-7, 3.e-7, 1.8e-6, 1.8e-6, 0.019662699999999998, 0.019662699999999998, 0.0723934, 0.0723934, 0.1675286, 0.1675286, 0.13016619999999998, 0.13016619999999998, 0.042733, 0.042733, 0.0036566999999999997, 0.0036566999999999997, 0, 0, 0.0001618, 0.0001618, 0.0001618, 0.0001618}:
{22, 47, 0.0085506, 0.0085506, 0.030462299999999998, 0.030462299999999998, 0.1353451, 0.1353451, 0.2525017, 0.2525017, 0.1043122, 0.1043122, 0.0125478, 0.0125478, 0, 0, 0.0005836999999999999, 0.0005836999999999999, 0.0005836999999999999, 0.0005836999999999999, 3.e-7, 3.e-7, 3.e-7, 3.e-7, 1.e-7, 1.e-7, 1.e-7, 1.e-7}:
{22, 57, 0.0032248, 0.0032248, 0.0098719, 0.0098719, 0.0904359, 0.0904359, 0.28665989999999997, 0.28665989999999997, 0.1825041, 0.1825041, 0.034222499999999996, 0.034222499999999996, 1.6999999999999998e-6, 1.6999999999999998e-6, 0.0018419999999999999, 0.0018419999999999999, 0.0018419999999999999, 0.0018419999999999999, 2.3e-6, 2.3e-6, 2.3e-6, 2.3e-6, 3.e-7, 3.e-7, 3.e-7, 3.e-7, 0, 0, 0, 0, 1.e-7, 1.e-7, 1.e-7, 1.e-7, 1.e-7, 1.e-7}:
{22, 57, 0.0010548, 0.0010548, 0.0024635, 0.0024635, 0.0499774, 0.0499774, 0.19049539999999998, 0.19049539999999998, 0.2289068, 0.2289068, 0.074192, 0.074192, 0.0000438, 0.0000438, 0.0050834999999999995, 0.0050834999999999995, 0.0050834999999999995, 0.0050834999999999995, 0.0000138, 0.0000138, 0.0000138, 0.0000138, 1.2999999999999998e-6, 1.2999999999999998e-6, 1.2999999999999998e-6, 1.2999999999999998e-6, 0, 0, 0, 0, 3.e-7, 3.e-7, 3.e-7, 3.e-7, 3.e-7, 3.e-7}:
{22, 57, 0.0002992, 0.0002992, 0.00047329999999999996, 0.00047329999999999996, 0.0228415, 0.0228415, 0.07405679999999999, 0.07405679999999999, 0.20583959999999998, 0.20583959999999998, 0.12785749999999999, 0.12785749999999999, 0.0006665, 0.0006665, 0.0122711, 0.0122711, 0.0122711, 0.0122711, 0.0000702, 0.0000702, 0.0000702, 0.0000702, 5.7999999999999995e-6, 5.7999999999999995e-6, 5.7999999999999995e-6, 5.7999999999999995e-6, 0, 0, 0, 0, 7.e-7, 7.e-7, 7.e-7, 7.e-7, 7.e-7, 7.e-7}:
{22, 57, 0.0000736, 0.0000736, 0.00007, 0.00007, 0.0086333, 0.0086333, 0.0168213, 0.0168213, 0.1327002, 0.1327002, 0.1751595, 0.1751595, 0.006111699999999999, 0.006111699999999999, 0.025908499999999998, 0.025908499999999998, 0.025908499999999998, 0.025908499999999998, 0.00030619999999999996, 0.00030619999999999996, 0.00030619999999999996, 0.00030619999999999996, 0.000023, 0.000023, 0.000023, 0.000023, 0, 0, 0, 0, 1.6999999999999998e-6, 1.6999999999999998e-6, 1.6999999999999998e-6, 1.6999999999999998e-6, 1.6999999999999998e-6, 1.6999999999999998e-6}:
{22, 61, 0.0000157, 0.0000157, 8.e-6, 8.e-6, 0.0026983999999999997, 0.0026983999999999997, 0.0022283999999999997, 0.0022283999999999997, 0.061323699999999995, 0.061323699999999995, 0.19075879999999998, 0.19075879999999998, 0.0338338, 0.0338338, 0.0478465, 0.0478465, 0.0478465, 0.0478465, 0.001143, 0.001143, 0.001143, 0.001143, 0.0000819, 0.0000819, 0.0000819, 0.0000819, 1.e-7, 1.e-7, 1.e-7, 1.e-7, 4.e-6, 4.e-6, 4.e-6, 4.e-6, 4.e-6, 4.e-6, 4.e-6, 4.e-6, 1.6e-6, 1.6e-6}:
{22, 61, 2.8999999999999998e-6, 2.8999999999999998e-6, 7.e-7, 7.e-7, 0.0006973999999999999, 0.0006973999999999999, 0.0001718, 0.0001718, 0.0203094, 0.0203094, 0.1651479, 0.1651479, 0.1132535, 0.1132535, 0.07728779999999999, 0.07728779999999999, 0.07728779999999999, 0.07728779999999999, 0.0036504999999999997, 0.0036504999999999997, 0.0036504999999999997, 0.0036504999999999997, 0.0002637, 0.0002637, 0.0002637, 0.0002637, 6.e-7, 6.e-7, 6.e-7, 6.e-7, 9.299999999999999e-6, 9.299999999999999e-6, 9.299999999999999e-6, 9.299999999999999e-6, 9.299999999999999e-6, 9.299999999999999e-6, 9.299999999999999e-6, 9.299999999999999e-6, 2.7e-6, 2.7e-6}:
{22, 59, 5.e-7, 5.e-7, 0, 0, 0.000149, 0.000149, 7.699999999999999e-6, 7.699999999999999e-6, 0.0048188, 0.0048188, 0.1136533, 0.1136533, 0.2295127, 0.2295127, 0.1092018, 0.1092018, 0.1092018, 0.1092018, 0.009975699999999999, 0.009975699999999999, 0.009975699999999999, 0.009975699999999999, 0.0007676, 0.0007676, 0.0007676, 0.0007676, 2.8999999999999998e-6, 2.8999999999999998e-6, 2.8999999999999998e-6, 2.8999999999999998e-6, 0.0000205, 0.0000205, 0.0000205, 0.0000205, 0.0000205, 0.0000205, 0.0000205, 0.0000205}:
{22, 59, 1.e-7, 1.e-7, 0, 0, 0.0000263, 0.0000263, 2.e-7, 2.e-7, 0.0008188, 0.0008188, 0.062170699999999995, 0.062170699999999995, 0.2818134, 0.2818134, 0.13496139999999998, 0.13496139999999998, 0.13496139999999998, 0.13496139999999998, 0.023325799999999997, 0.023325799999999997, 0.023325799999999997, 0.023325799999999997, 0.0020189, 0.0020189, 0.0020189, 0.0020189, 0.000011799999999999999, 0.000011799999999999999, 0.000011799999999999999, 0.000011799999999999999, 0.0000437, 0.0000437, 0.0000437, 0.0000437, 0.0000437, 0.0000437, 0.0000437, 0.0000437}:
{26, 59, 3.8e-6, 3.8e-6, 0, 0, 0.0000996, 0.0000996, 0.02703, 0.02703, 0.20971099999999998, 0.20971099999999998, 0.145899, 0.145899, 0.145899, 0.145899, 0.0466699, 0.0466699, 0.0466699, 0.0466699, 0.0047978, 0.0047978, 0.0047978, 0.0047978, 0.0000443, 0.0000443, 0.0000443, 0.0000443, 0.00008989999999999999, 0.00008989999999999999, 0.00008989999999999999, 0.00008989999999999999, 0.00008989999999999999, 0.00008989999999999999, 0.00008989999999999999, 0.00008989999999999999}:
{26, 59, 5.e-7, 5.e-7, 0, 0, 8.7e-6, 8.7e-6, 0.0093394, 0.0093394, 0.0945449, 0.0945449, 0.1379618, 0.1379618, 0.1379618, 0.1379618, 0.07990219999999999, 0.07990219999999999, 0.07990219999999999, 0.07990219999999999, 0.0103027, 0.0103027, 0.0103027, 0.0103027, 0.0001497, 0.0001497, 0.0001497, 0.0001497, 0.0001781, 0.0001781, 0.0001781, 0.0001781, 0.0001781, 0.0001781, 0.0001781, 0.0001781}:
{30, 61, 5.e-7, 5.e-7, 0.0025642, 0.0025642, 0.0258007, 0.0258007, 0.11411149999999999, 0.11411149999999999, 0.11411149999999999, 0.11411149999999999, 0.11706, 0.11706, 0.11706, 0.11706, 0.0199912, 0.0199912, 0.0199912, 0.0199912, 0.00045749999999999995, 0.00045749999999999995, 0.00045749999999999995, 0.00045749999999999995, 0.0003402, 0.0003402, 0.0003402, 0.0003402, 0.0003402, 0.0003402, 0.0003402, 0.0003402, 0.0000295, 0.0000295}:
{32, 61, 0.0005593, 0.0005593, 0.0042563, 0.0042563, 0.0825586, 0.0825586, 0.0825586, 0.0825586, 0.1467549, 0.1467549, 0.1467549, 0.1467549, 0.035051599999999995, 0.035051599999999995, 0.035051599999999995, 0.035051599999999995, 0.0012636, 0.0012636, 0.0012636, 0.0012636, 0.0006263999999999999, 0.0006263999999999999, 0.0006263999999999999, 0.0006263999999999999, 0.0006263999999999999, 0.0006263999999999999, 0.0006263999999999999, 0.0006263999999999999, 0.0000459, 0.0000459}:
{32, 61, 0.0000969, 0.0000969, 0.0004238, 0.0004238, 0.0522462, 0.0522462, 0.0522462, 0.0522462, 0.1574398, 0.1574398, 0.1574398, 0.1574398, 0.0555339, 0.0555339, 0.0555339, 0.0555339, 0.0031547, 0.0031547, 0.0031547, 0.0031547, 0.0011121, 0.0011121, 0.0011121, 0.0011121, 0.0011121, 0.0011121, 0.0011121, 0.0011121, 0.0000703, 0.0000703}:
{32, 61, 0.0000133, 0.0000133, 0.000025399999999999997, 0.000025399999999999997, 0.0289203, 0.0289203, 0.0289203, 0.0289203, 0.1445362, 0.1445362, 0.1445362, 0.1445362, 0.0795044, 0.0795044, 0.0795044, 0.0795044, 0.0071181, 0.0071181, 0.0071181, 0.0071181, 0.0019035999999999999, 0.0019035999999999999, 0.0019035999999999999, 0.0019035999999999999, 0.0019035999999999999, 0.0019035999999999999, 0.0019035999999999999, 0.0019035999999999999, 0.0001064, 0.0001064}:
{32, 61, 1.5e-6, 1.5e-6, 9.e-7, 9.e-7, 0.0140024, 0.0140024, 0.0140024, 0.0140024, 0.1135475, 0.1135475, 0.1135475, 0.1135475, 0.1028509, 0.1028509, 0.1028509, 0.1028509, 0.0145166, 0.0145166, 0.0145166, 0.0145166, 0.0031416, 0.0031416, 0.0031416, 0.0031416, 0.0031416, 0.0031416, 0.0031416, 0.0031416, 0.0001586, 0.0001586}:
{32, 59, 1.e-7, 1.e-7, 0, 0, 0.0059299, 0.0059299, 0.0059299, 0.0059299, 0.0763335, 0.0763335, 0.0763335, 0.0763335, 0.1202289, 0.1202289, 0.1202289, 0.1202289, 0.0267577, 0.0267577, 0.0267577, 0.0267577, 0.0049987, 0.0049987, 0.0049987, 0.0049987, 0.0049987, 0.0049987, 0.0049987, 0.0049987}:
{36, 61, 0.0021965, 0.0021965, 0.0021965, 0.0021965, 0.043912099999999996, 0.043912099999999996, 0.043912099999999996, 0.043912099999999996, 0.126997, 0.126997, 0.126997, 0.126997, 0.0445779, 0.0445779, 0.0445779, 0.0445779, 0.007668299999999999, 0.007668299999999999, 0.007668299999999999, 0.007668299999999999, 0.007668299999999999, 0.007668299999999999, 0.007668299999999999, 0.007668299999999999, 0.0003387, 0.0003387}:
{36, 61, 0.0007116, 0.0007116, 0.0007116, 0.0007116, 0.0216161, 0.0216161, 0.0216161, 0.0216161, 0.12121649999999999, 0.12121649999999999, 0.12121649999999999, 0.12121649999999999, 0.067124, 0.067124, 0.067124, 0.067124, 0.0113415, 0.0113415, 0.0113415, 0.0113415, 0.0113415, 0.0113415, 0.0113415, 0.0113415, 0.00048499999999999997, 0.00048499999999999997}:
{36, 61, 0.0002016, 0.0002016, 0.0002016, 0.0002016, 0.0091051, 0.0091051, 0.0091051, 0.0091051, 0.1045474, 0.1045474, 0.1045474, 0.1045474, 0.0913539, 0.0913539, 0.0913539, 0.0913539, 0.0161724, 0.0161724, 0.0161724, 0.0161724, 0.0161724, 0.0161724, 0.0161724, 0.0161724, 0.0006851, 0.0006851}:
{36, 61, 0.000049999999999999996, 0.000049999999999999996, 0.000049999999999999996, 0.000049999999999999996, 0.0032817, 0.0032817, 0.0032817, 0.0032817, 0.0814792, 0.0814792, 0.0814792, 0.0814792, 0.1123742, 0.1123742, 0.1123742, 0.1123742, 0.022233899999999997, 0.022233899999999997, 0.022233899999999997, 0.022233899999999997, 0.022233899999999997, 0.022233899999999997, 0.022233899999999997, 0.022233899999999997, 0.0009548, 0.0009548}:
{36, 61, 0.0000108, 0.0000108, 0.0000108, 0.0000108, 0.0010121, 0.0010121, 0.0010121, 0.0010121, 0.0573799, 0.0573799, 0.0573799, 0.0573799, 0.12493879999999999, 0.12493879999999999, 0.12493879999999999, 0.12493879999999999, 0.0294708, 0.0294708, 0.0294708, 0.0294708, 0.0294708, 0.0294708, 0.0294708, 0.0294708, 0.0013124999999999999, 0.0013124999999999999}:
{36, 61, 2.1e-6, 2.1e-6, 2.1e-6, 2.1e-6, 0.000267, 0.000267, 0.000267, 0.000267, 0.0365134, 0.0365134, 0.0365134, 0.0365134, 0.1255507, 0.1255507, 0.1255507, 0.1255507, 0.0376619, 0.0376619, 0.0376619, 0.0376619, 0.0376619, 0.0376619, 0.0376619, 0.0376619, 0.00178, 0.00178}:
{36, 61, 3.e-7, 3.e-7, 3.e-7, 3.e-7, 0.000060299999999999995, 0.000060299999999999995, 0.000060299999999999995, 0.000060299999999999995, 0.0209952, 0.0209952, 0.0209952, 0.0209952, 0.1140335, 0.1140335, 0.1140335, 0.1140335, 0.0464034, 0.0464034, 0.0464034, 0.0464034, 0.0464034, 0.0464034, 0.0464034, 0.0464034, 0.0023815, 0.0023815}:
{40, 61, 0.000011599999999999999, 0.000011599999999999999, 0.000011599999999999999, 0.000011599999999999999, 0.010908399999999999, 0.010908399999999999, 0.010908399999999999, 0.010908399999999999, 0.0936129, 0.0936129, 0.0936129, 0.0936129, 0.055123099999999994, 0.055123099999999994, 0.055123099999999994, 0.055123099999999994, 0.055123099999999994, 0.055123099999999994, 0.055123099999999994, 0.055123099999999994, 0.0031433, 0.0031433}:
{40, 61, 1.9e-6, 1.9e-6, 1.9e-6, 1.9e-6, 0.005121199999999999, 0.005121199999999999, 0.005121199999999999, 0.005121199999999999, 0.06945899999999999, 0.06945899999999999, 0.06945899999999999, 0.06945899999999999, 0.0631326, 0.0631326, 0.0631326, 0.0631326, 0.0631326, 0.0631326, 0.0631326, 0.0631326, 0.0040929, 0.0040929}:
{40, 61, 3.e-7, 3.e-7, 3.e-7, 3.e-7, 0.0021725, 0.0021725, 0.0021725, 0.0021725, 0.0465811, 0.0465811, 0.0465811, 0.0465811, 0.0697124, 0.0697124, 0.0697124, 0.0697124, 0.0697124, 0.0697124, 0.0697124, 0.0697124, 0.0052575, 0.0052575}:
{44, 61, 0.0008326999999999999, 0.0008326999999999999, 0.0008326999999999999, 0.0008326999999999999, 0.0282343, 0.0282343, 0.0282343, 0.0282343, 0.0742171, 0.0742171, 0.0742171, 0.0742171, 0.0742171, 0.0742171, 0.0742171, 0.0742171, 0.0066625, 0.0066625}:
{44, 61, 0.00028839999999999996, 0.00028839999999999996, 0.00028839999999999996, 0.00028839999999999996, 0.015467799999999999, 0.015467799999999999, 0.015467799999999999, 0.015467799999999999, 0.0761791, 0.0761791, 0.0761791, 0.0761791, 0.0761791, 0.0761791, 0.0761791, 0.0761791, 0.0083293, 0.0083293}:
{44, 61, 0.0000903, 0.0000903, 0.0000903, 0.0000903, 0.0076587999999999995, 0.0076587999999999995, 0.0076587999999999995, 0.0076587999999999995, 0.0753885, 0.0753885, 0.0753885, 0.0753885, 0.0753885, 0.0753885, 0.0753885, 0.0753885, 0.0102727, 0.0102727}:
{44, 61, 0.0000255, 0.0000255, 0.0000255, 0.0000255, 0.0034273999999999997, 0.0034273999999999997, 0.0034273999999999997, 0.0034273999999999997, 0.0719303, 0.0719303, 0.0719303, 0.0719303, 0.0719303, 0.0719303, 0.0719303, 0.0719303, 0.012499, 0.012499}:
{44, 61, 6.5e-6, 6.5e-6, 6.5e-6, 6.5e-6, 0.0013863, 0.0013863, 0.0013863, 0.0013863, 0.06616949999999999, 0.06616949999999999, 0.06616949999999999, 0.06616949999999999, 0.06616949999999999, 0.06616949999999999, 0.06616949999999999, 0.06616949999999999, 0.0150029, 0.0150029}:
{44, 61, 1.9e-6, 1.9e-6, 1.9e-6, 1.9e-6, 0.0007419, 0.0007419, 0.0007419, 0.0007419, 0.2646126, 0.2646126, 0.2646126, 0.2646126, 0.2646126, 0.2646126, 0.2646126, 0.2646126, 0.5926004, 0.5926004}:
{52, 61, 0.00011159999999999999, 0.00011159999999999999, 0.00011159999999999999, 0.00011159999999999999, 0.00011159999999999999, 0.00011159999999999999, 0.00011159999999999999, 0.00011159999999999999, 0.3335088, 0.3335088};
>