energy(#beam)<
@energy = {0, 13, 0.2730693, 0.2730693, 0.0326135, 0.0326135, 0.0026914, 0.0026914, 0.00018549999999999998, 0.00018549999999999998, 2.e-6, 2.e-6, 1.e-7, 1.e-7, 0, 0}:
{0, 13, 0.3415762, 0.3415762, 0.12704179999999998, 0.12704179999999998, 0.0162, 0.0162, 0.0013886, 0.0013886, 0.000025699999999999998, 0.000025699999999999998, 1.2e-6, 1.2e-6, 0, 0}:
{0, 17, 0.2007109, 0.2007109, 0.26742119999999997, 0.26742119999999997, 0.0625701, 0.0625701, 0.0074405, 0.0074405, 0.0002394, 0.0002394, 0.0000133, 0.0000133, 1.e-7, 1.e-7, 1.e-7, 1.e-7, 0, 0}:
{0, 19, 0.0553464, 0.0553464, 0.3047233, 0.3047233, 0.1552284, 0.1552284, 0.028559599999999997, 0.028559599999999997, 0.0016284, 0.0016284, 0.00011549999999999999, 0.00011549999999999999, 1.6999999999999998e-6, 1.6999999999999998e-6, 8.e-7, 8.e-7, 0, 0, 0, 0}:
{0, 21, 0.0071372, 0.0071372, 0.1880541, 0.1880541, 0.2475443, 0.2475443, 0.07856049999999999, 0.07856049999999999, 0.008082299999999999, 0.008082299999999999, 0.0007613, 0.0007613, 0.0000176, 0.0000176, 6.1e-6, 6.1e-6, 1.e-7, 1.e-7, 0, 0, 0, 0}:
{0, 23, 0.0004283, 0.0004283, 0.0628002, 0.0628002, 0.253864, 0.253864, 0.15492019999999998, 0.15492019999999998, 0.029279299999999998, 0.029279299999999998, 0.0038177999999999997, 0.0038177999999999997, 0.0001423, 0.0001423, 0.0000401, 0.0000401, 1.e-6, 1.e-6, 0, 0, 1.e-7, 1.e-7, 1.2e-6, 1.2e-6}:
{0, 25, 0.0000119, 0.0000119, 0.011326099999999999, 0.011326099999999999, 0.16743909999999998, 0.16743909999999998, 0.2190645, 0.2190645, 0.0774488, 0.0774488, 0.014575699999999999, 0.014575699999999999, 0.0008841, 0.0008841, 0.00021789999999999998, 0.00021789999999999998, 7.3999999999999995e-6, 7.3999999999999995e-6, 1.e-7, 1.e-7, 5.e-7, 5.e-7, 4.4e-6, 4.4e-6, 0, 0}:
{0, 25, 2.e-7, 2.e-7, 0.0011001, 0.0011001, 0.0710087, 0.0710087, 0.222157, 0.222157, 0.1496369, 0.1496369, 0.0423717, 0.0423717, 0.0042182, 0.0042182, 0.0009773, 0.0009773, 0.0000465, 0.0000465, 8.e-7, 8.e-7, 2.5999999999999997e-6, 2.5999999999999997e-6, 0.000014999999999999999, 0.000014999999999999999, 0, 0}:
{2, 25, 0.0000574, 0.0000574, 0.0193518, 0.0193518, 0.1615807, 0.1615807, 0.2112249, 0.2112249, 0.09380619999999999, 0.09380619999999999, 0.015459599999999999, 0.015459599999999999, 0.0036230999999999998, 0.0036230999999999998, 0.0002438, 0.0002438, 6.3e-6, 6.3e-6, 0.0000122, 0.0000122, 0.0000471, 0.0000471, 0, 0}:
{2, 27, 1.6e-6, 1.6e-6, 0.0033862999999999996, 0.0033862999999999996, 0.084281, 0.084281, 0.2178763, 0.2178763, 0.158181, 0.158181, 0.0435273, 0.0435273, 0.0111011, 0.0111011, 0.0010601, 0.0010601, 0.0000402, 0.0000402, 0.000051, 0.000051, 0.00013659999999999999, 0.00013659999999999999, 0, 0, 0, 0}:
{4, 35, 0.00038009999999999997, 0.00038009999999999997, 0.0315214, 0.0315214, 0.16423759999999998, 0.16423759999999998, 0.20318119999999998, 0.20318119999999998, 0.0941596, 0.0941596, 0.028111999999999998, 0.028111999999999998, 0.0038268, 0.0038268, 0.0002147, 0.0002147, 0.0001895, 0.0001895, 0.0003661, 0.0003661, 1.e-7, 1.e-7, 0, 0, 0, 0, 0, 0, 2.e-7, 2.e-7, 1.e-7, 1.e-7}:
{4, 37, 0.0000273, 0.0000273, 0.008450899999999999, 0.008450899999999999, 0.0904763, 0.0904763, 0.19880979999999998, 0.19880979999999998, 0.1565084, 0.1565084, 0.0588382, 0.0588382, 0.0114668, 0.0114668, 0.0009504, 0.0009504, 0.0006248, 0.0006248, 0.0009077, 0.0009077, 8.e-7, 8.e-7, 1.e-7, 1.e-7, 0, 0, 0, 0, 5.e-7, 5.e-7, 2.e-7, 2.e-7, 0, 0}:
{4, 39, 1.2999999999999998e-6, 1.2999999999999998e-6, 0.0016236, 0.0016236, 0.0364219, 0.0364219, 0.1481885, 0.1481885, 0.199892, 0.199892, 0.10177939999999999, 0.10177939999999999, 0.0285219, 0.0285219, 0.0034895, 0.0034895, 0.0018285999999999999, 0.0018285999999999999, 0.0020805, 0.0020805, 4.4e-6, 4.4e-6, 5.e-7, 5.e-7, 1.e-7, 1.e-7, 0, 0, 1.6e-6, 1.6e-6, 6.e-7, 6.e-7, 0, 0, 0, 0}:
{6, 41, 0.00022339999999999998, 0.00022339999999999998, 0.0107125, 0.0107125, 0.0841377, 0.0841377, 0.19617079999999998, 0.19617079999999998, 0.1455063, 0.1455063, 0.058892599999999996, 0.058892599999999996, 0.0106287, 0.0106287, 0.004751099999999999, 0.004751099999999999, 0.004409199999999999, 0.004409199999999999, 0.0000217, 0.0000217, 2.4999999999999998e-6, 2.4999999999999998e-6, 5.e-7, 5.e-7, 1.e-7, 1.e-7, 4.2999999999999995e-6, 4.2999999999999995e-6, 1.6999999999999998e-6, 1.6999999999999998e-6, 0, 0, 0, 0, 0, 0}:
{6, 45, 0.000022, 0.000022, 0.0023016, 0.0023016, 0.036385, 0.036385, 0.1479223, 0.1479223, 0.1719127, 0.1719127, 0.10094689999999999, 0.10094689999999999, 0.026856599999999998, 0.026856599999999998, 0.010959199999999999, 0.010959199999999999, 0.008639899999999999, 0.008639899999999999, 0.0000943, 0.0000943, 0.0000115, 0.0000115, 2.7e-6, 2.7e-6, 6.e-7, 6.e-7, 0.0000114, 0.0000114, 4.6e-6, 4.6e-6, 0, 0, 0, 0, 1.e-7, 1.e-7, 1.e-7, 1.e-7, 1.2e-6, 1.2e-6}:
{6, 45, 1.6e-6, 1.6e-6, 0.0003611, 0.0003611, 0.0119825, 0.0119825, 0.08569439999999999, 0.08569439999999999, 0.16784839999999998, 0.16784839999999998, 0.14364069999999998, 0.14364069999999998, 0.0562972, 0.0562972, 0.0224421, 0.0224421, 0.0156533, 0.0156533, 0.0003586, 0.0003586, 0.000047799999999999996, 0.000047799999999999996, 0.0000124, 0.0000124, 2.3e-6, 2.3e-6, 0.0000288, 0.0000288, 0.000012, 0.000012, 0, 0, 0, 0, 3.e-7, 3.e-7, 3.e-7, 3.e-7, 2.3e-6, 2.3e-6}:
{6, 49, 1.e-7, 1.e-7, 0.0000414, 0.0000414, 0.0030046, 0.0030046, 0.0381359, 0.0381359, 0.13541999999999998, 0.13541999999999998, 0.1696724, 0.1696724, 0.09790249999999999, 0.09790249999999999, 0.0407982, 0.0407982, 0.0262213, 0.0262213, 0.0011926999999999999, 0.0011926999999999999, 0.00017659999999999998, 0.00017659999999999998, 0.0000515, 0.0000515, 8.2e-6, 8.2e-6, 0.00006879999999999999, 0.00006879999999999999, 0.000029999999999999997, 0.000029999999999999997, 1.e-7, 1.e-7, 1.e-7, 1.e-7, 7.e-7, 7.e-7, 7.e-7, 7.e-7, 4.2999999999999995e-6, 4.2999999999999995e-6, 4.2999999999999995e-6, 4.2999999999999995e-6, 0, 0}:
{8, 57, 3.5e-6, 3.5e-6, 0.0005735, 0.0005735, 0.0130348, 0.0130348, 0.09027629999999999, 0.09027629999999999, 0.16637449999999998, 0.16637449999999998, 0.1412446, 0.1412446, 0.06584369999999999, 0.06584369999999999, 0.0406122, 0.0406122, 0.0034697, 0.0034697, 0.0005807, 0.0005807, 0.00018999999999999998, 0.00018999999999999998, 0.000027, 0.000027, 0.00015639999999999998, 0.00015639999999999998, 0.0000714, 0.0000714, 2.e-7, 2.e-7, 2.e-7, 2.e-7, 1.6999999999999998e-6, 1.6999999999999998e-6, 1.6999999999999998e-6, 1.6999999999999998e-6, 8.1e-6, 8.1e-6, 8.1e-6, 8.1e-6, 0, 0, 0, 0, 1.e-7, 1.e-7, 1.e-7, 1.e-7, 1.e-7, 1.e-7}:
{8, 57, 2.e-7, 2.e-7, 0.00008329999999999999, 0.00008329999999999999, 0.0034211, 0.0034211, 0.0497226, 0.0497226, 0.13542289999999998, 0.13542289999999998, 0.1690506, 0.1690506, 0.09433649999999999, 0.09433649999999999, 0.0581584, 0.0581584, 0.0088288, 0.0088288, 0.0016981, 0.0016981, 0.0006229, 0.0006229, 0.000082, 0.000082, 0.0003382, 0.0003382, 0.0001618, 0.0001618, 9.e-7, 9.e-7, 9.e-7, 9.e-7, 4.e-6, 4.e-6, 4.e-6, 4.e-6, 0.0000149, 0.0000149, 0.0000149, 0.0000149, 0, 0, 0, 0, 2.e-7, 2.e-7, 2.e-7, 2.e-7, 2.e-7, 2.e-7}:
{10, 57, 9.2e-6, 9.2e-6, 0.0006893, 0.0006893, 0.022624599999999998, 0.022624599999999998, 0.0914979, 0.0914979, 0.16784929999999998, 0.16784929999999998, 0.1199871, 0.1199871, 0.0770053, 0.0770053, 0.0196495, 0.0196495, 0.0044158, 0.0044158, 0.0018145, 0.0018145, 0.00022989999999999998, 0.00022989999999999998, 0.0006961, 0.0006961, 0.00034889999999999997, 0.00034889999999999997, 2.8e-6, 2.8e-6, 2.8e-6, 2.8e-6, 8.9e-6, 8.9e-6, 8.9e-6, 8.9e-6, 0.000026799999999999998, 0.000026799999999999998, 0.000026799999999999998, 0.000026799999999999998, 0, 0, 0, 0, 3.e-7, 3.e-7, 3.e-7, 3.e-7, 3.e-7, 3.e-7}:
{10, 57, 8.e-7, 8.e-7, 0.00010659999999999999, 0.00010659999999999999, 0.008503799999999999, 0.008503799999999999, 0.0513125, 0.0513125, 0.1382506, 0.1382506, 0.1354799, 0.1354799, 0.09427179999999999, 0.09427179999999999, 0.0382504, 0.0382504, 0.010211999999999999, 0.010211999999999999, 0.0046967, 0.0046967, 0.0005951999999999999, 0.0005951999999999999, 0.0013627, 0.0013627, 0.000716, 0.000716, 8.599999999999999e-6, 8.599999999999999e-6, 8.599999999999999e-6, 8.599999999999999e-6, 0.0000191, 0.0000191, 0.0000191, 0.0000191, 0.000047199999999999995, 0.000047199999999999995, 0.000047199999999999995, 0.000047199999999999995, 0, 0, 0, 0, 7.e-7, 7.e-7, 7.e-7, 7.e-7, 7.e-7, 7.e-7}:
{12, 57, 0.000012699999999999999, 0.000012699999999999999, 0.0026398999999999997, 0.0026398999999999997, 0.023883699999999997, 0.023883699999999997, 0.09445869999999999, 0.09445869999999999, 0.1357989, 0.1357989, 0.1067075, 0.1067075, 0.0651254, 0.0651254, 0.0210033, 0.0210033, 0.010803499999999999, 0.010803499999999999, 0.0014238999999999999, 0.0014238999999999999, 0.0025379, 0.0025379, 0.0013984, 0.0013984, 0.0000245, 0.0000245, 0.0000245, 0.0000245, 0.0000399, 0.0000399, 0.0000399, 0.0000399, 0.0000812, 0.0000812, 0.0000812, 0.0000812, 0, 0, 0, 0, 1.2999999999999998e-6, 1.2999999999999998e-6, 1.2999999999999998e-6, 1.2999999999999998e-6, 1.2999999999999998e-6, 1.2999999999999998e-6}:
{12, 57, 1.2e-6, 1.2e-6, 0.0006768, 0.0006768, 0.0092261, 0.0092261, 0.053533, 0.053533, 0.120835, 0.120835, 0.11167619999999999, 0.11167619999999999, 0.09698179999999999, 0.09698179999999999, 0.038418799999999996, 0.038418799999999996, 0.022084, 0.022084, 0.0031466999999999997, 0.0031466999999999997, 0.004496, 0.004496, 0.0025986, 0.0025986, 0.0000661, 0.0000661, 0.0000661, 0.0000661, 0.0000804, 0.0000804, 0.0000804, 0.0000804, 0.0001367, 0.0001367, 0.0001367, 0.0001367, 0, 0, 0, 0, 2.3e-6, 2.3e-6, 2.3e-6, 2.3e-6, 2.3e-6, 2.3e-6}:
{12, 57, 1.e-7, 1.e-7, 0.0001433, 0.0001433, 0.0029576, 0.0029576, 0.0251639, 0.0251639, 0.0954463, 0.0954463, 0.1080631, 0.1080631, 0.1263132, 0.1263132, 0.0625013, 0.0625013, 0.0401192, 0.0401192, 0.006424399999999999, 0.006424399999999999, 0.0075767, 0.0075767, 0.0045949, 0.0045949, 0.000167, 0.000167, 0.000167, 0.000167, 0.00015649999999999998, 0.00015649999999999998, 0.00015649999999999998, 0.00015649999999999998, 0.00022539999999999998, 0.00022539999999999998, 0.00022539999999999998, 0.00022539999999999998, 0, 0, 0, 0, 4.2e-6, 4.2e-6, 4.2e-6, 4.2e-6, 4.2e-6, 4.2e-6}:
{14, 57, 0.000024999999999999998, 0.000024999999999999998, 0.0007867, 0.0007867, 0.0098103, 0.0098103, 0.066925, 0.066925, 0.0966818, 0.0966818, 0.1438856, 0.1438856, 0.09043319999999999, 0.09043319999999999, 0.06477429999999999, 0.06477429999999999, 0.0121163, 0.0121163, 0.012145699999999999, 0.012145699999999999, 0.007730099999999999, 0.007730099999999999, 0.0003965, 0.0003965, 0.0003965, 0.0003965, 0.0002945, 0.0002945, 0.0002945, 0.0002945, 0.0003636, 0.0003636, 0.0003636, 0.0003636, 0, 0, 0, 0, 7.499999999999999e-6, 7.499999999999999e-6, 7.499999999999999e-6, 7.499999999999999e-6, 7.499999999999999e-6, 7.499999999999999e-6}:
{14, 61, 3.6e-6, 3.6e-6, 0.0001736, 0.0001736, 0.0031718, 0.0031718, 0.0416555, 0.0416555, 0.0799764, 0.0799764, 0.1433466, 0.1433466, 0.11637679999999999, 0.11637679999999999, 0.09294859999999999, 0.09294859999999999, 0.0211088, 0.0211088, 0.0185202, 0.0185202, 0.0123723, 0.0123723, 0.0008839, 0.0008839, 0.0008839, 0.0008839, 0.0005356, 0.0005356, 0.0005356, 0.0005356, 0.0005742, 0.0005742, 0.0005742, 0.0005742, 1.e-7, 1.e-7, 1.e-7, 1.e-7, 0.000013199999999999999, 0.000013199999999999999, 0.000013199999999999999, 0.000013199999999999999, 0.000013199999999999999, 0.000013199999999999999, 0.000013199999999999999, 0.000013199999999999999, 0.000118, 0.000118}:
{14, 61, 4.e-7, 4.e-7, 0.0000318, 0.0000318, 0.0008503, 0.0008503, 0.0230146, 0.0230146, 0.0611685, 0.0611685, 0.12489589999999999, 0.12489589999999999, 0.1332015, 0.1332015, 0.11854619999999999, 0.11854619999999999, 0.0339706, 0.0339706, 0.026862399999999998, 0.026862399999999998, 0.0188383, 0.0188383, 0.0018506, 0.0018506, 0.0018506, 0.0018506, 0.0009412, 0.0009412, 0.0009412, 0.0009412, 0.0008874999999999999, 0.0008874999999999999, 0.0008874999999999999, 0.0008874999999999999, 3.e-7, 3.e-7, 3.e-7, 3.e-7, 0.0000228, 0.0000228, 0.0000228, 0.0000228, 0.0000228, 0.0000228, 0.0000228, 0.0000228, 0.0001493, 0.0001493}:
{16, 61, 4.8e-6, 4.8e-6, 0.00018899999999999999, 0.00018899999999999999, 0.011286899999999999, 0.011286899999999999, 0.043255499999999995, 0.043255499999999995, 0.0951673, 0.0951673, 0.1356002, 0.1356002, 0.1343849, 0.1343849, 0.050497999999999994, 0.050497999999999994, 0.0370608, 0.0370608, 0.027285399999999998, 0.027285399999999998, 0.0036389, 0.0036389, 0.0036389, 0.0036389, 0.0015983, 0.0015983, 0.0015983, 0.0015983, 0.0013423999999999999, 0.0013423999999999999, 0.0013423999999999999, 0.0013423999999999999, 8.e-7, 8.e-7, 8.e-7, 8.e-7, 0.0000385, 0.0000385, 0.0000385, 0.0000385, 0.0000385, 0.0000385, 0.0000385, 0.0000385, 0.000188, 0.000188}:
{16, 61, 6.e-7, 6.e-7, 0.0000348, 0.0000348, 0.0049133, 0.0049133, 0.028281399999999998, 0.028281399999999998, 0.0634153, 0.0634153, 0.1227789, 0.1227789, 0.135408, 0.135408, 0.069337, 0.069337, 0.0486351, 0.0486351, 0.037591599999999996, 0.037591599999999996, 0.0067201, 0.0067201, 0.0067201, 0.0067201, 0.0026228, 0.0026228, 0.0026228, 0.0026228, 0.0019874, 0.0019874, 0.0019874, 0.0019874, 2.3e-6, 2.3e-6, 2.3e-6, 2.3e-6, 0.0000639, 0.0000639, 0.0000639, 0.0000639, 0.0000639, 0.0000639, 0.0000639, 0.0000639, 0.0002354, 0.0002354}:
{16, 61, 1.e-7, 1.e-7, 5.3e-6, 5.3e-6, 0.0018984, 0.0018984, 0.0170965, 0.0170965, 0.0369533, 0.0369533, 0.0988785, 0.0988785, 0.12127769999999999, 0.12127769999999999, 0.08793519999999999, 0.08793519999999999, 0.0607078, 0.0607078, 0.0492602, 0.0492602, 0.0116551, 0.0116551, 0.0116551, 0.0116551, 0.0041591, 0.0041591, 0.0041591, 0.0041591, 0.0028796, 0.0028796, 0.0028796, 0.0028796, 6.e-6, 6.e-6, 6.e-6, 6.e-6, 0.0001041, 0.0001041, 0.0001041, 0.0001041, 0.0001041, 0.0001041, 0.0001041, 0.0001041, 0.0002934, 0.0002934}:
{18, 61, 7.e-7, 7.e-7, 0.000651, 0.000651, 0.0095555, 0.0095555, 0.0188299, 0.0188299, 0.07082669999999999, 0.07082669999999999, 0.0965544, 0.0965544, 0.1030041, 0.1030041, 0.07207619999999999, 0.07207619999999999, 0.0613928, 0.0613928, 0.018984499999999998, 0.018984499999999998, 0.018984499999999998, 0.018984499999999998, 0.0063731, 0.0063731, 0.0063731, 0.0063731, 0.0040836, 0.0040836, 0.0040836, 0.0040836, 0.000014999999999999999, 0.000014999999999999999, 0.000014999999999999999, 0.000014999999999999999, 0.00016659999999999998, 0.00016659999999999998, 0.00016659999999999998, 0.00016659999999999998, 0.00016659999999999998, 0.00016659999999999998, 0.00016659999999999998, 0.00016659999999999998, 0.0003637, 0.0003637}:
{18, 61, 1.e-7, 1.e-7, 0.0001982, 0.0001982, 0.004937899999999999, 0.004937899999999999, 0.0083901, 0.0083901, 0.0451243, 0.0451243, 0.0683326, 0.0683326, 0.1114367, 0.1114367, 0.08139289999999999, 0.08139289999999999, 0.0727661, 0.0727661, 0.029042199999999997, 0.029042199999999997, 0.029042199999999997, 0.029042199999999997, 0.0094371, 0.0094371, 0.0094371, 0.0094371, 0.0056678, 0.0056678, 0.0056678, 0.0056678, 0.0000357, 0.0000357, 0.0000357, 0.0000357, 0.00026169999999999996, 0.00026169999999999996, 0.00026169999999999996, 0.00026169999999999996, 0.00026169999999999996, 0.00026169999999999996, 0.00026169999999999996, 0.00026169999999999996, 0.00044869999999999996, 0.00044869999999999996}:
{20, 61, 0.0000535, 0.0000535, 0.0023592, 0.0023592, 0.0032687999999999997, 0.0032687999999999997, 0.025570799999999998, 0.025570799999999998, 0.042989099999999995, 0.042989099999999995, 0.1113448, 0.1113448, 0.0874223, 0.0874223, 0.0820168, 0.0820168, 0.041726, 0.041726, 0.041726, 0.041726, 0.0135036, 0.0135036, 0.0135036, 0.0135036, 0.0076990999999999995, 0.0076990999999999995, 0.0076990999999999995, 0.0076990999999999995, 0.0000814, 0.0000814, 0.0000814, 0.0000814, 0.0004037, 0.0004037, 0.0004037, 0.0004037, 0.0004037, 0.0004037, 0.0004037, 0.0004037, 0.0005505999999999999, 0.0005505999999999999}:
{20, 61, 0.0000128, 0.0000128, 0.0010421999999999999, 0.0010421999999999999, 0.0011135, 0.0011135, 0.0128883, 0.0128883, 0.0240422, 0.0240422, 0.1027466, 0.1027466, 0.0893085, 0.0893085, 0.0879047, 0.0879047, 0.056303399999999997, 0.056303399999999997, 0.056303399999999997, 0.056303399999999997, 0.0186717, 0.0186717, 0.0186717, 0.0186717, 0.0102358, 0.0102358, 0.0102358, 0.0102358, 0.0001771, 0.0001771, 0.0001771, 0.0001771, 0.0006113, 0.0006113, 0.0006113, 0.0006113, 0.0006113, 0.0006113, 0.0006113, 0.0006113, 0.0006722999999999999, 0.0006722999999999999}:
{20, 61, 2.7e-6, 2.7e-6, 0.0004256, 0.0004256, 0.0003316, 0.0003316, 0.0057779, 0.0057779, 0.0119531, 0.0119531, 0.0875603, 0.0875603, 0.0867747, 0.0867747, 0.0895836, 0.0895836, 0.0713533, 0.0713533, 0.0713533, 0.0713533, 0.0249483, 0.0249483, 0.0249483, 0.0249483, 0.0133187, 0.0133187, 0.0133187, 0.0133187, 0.000368, 0.000368, 0.000368, 0.000368, 0.000909, 0.000909, 0.000909, 0.000909, 0.000909, 0.000909, 0.000909, 0.000909, 0.0008168, 0.0008168}:
{20, 61, 5.e-7, 5.e-7, 0.0001607, 0.0001607, 0.0000864, 0.0000864, 0.0023039, 0.0023039, 0.0052831, 0.0052831, 0.0689089, 0.0689089, 0.0801892, 0.0801892, 0.08680109999999999, 0.08680109999999999, 0.0849272, 0.0849272, 0.0849272, 0.0849272, 0.0322125, 0.0322125, 0.0322125, 0.0322125, 0.0169612, 0.0169612, 0.0169612, 0.0169612, 0.0007302999999999999, 0.0007302999999999999, 0.0007302999999999999, 0.0007302999999999999, 0.0013269, 0.0013269, 0.0013269, 0.0013269, 0.0013269, 0.0013269, 0.0013269, 0.0013269, 0.0009872, 0.0009872}:
{20, 61, 1.e-7, 1.e-7, 0.000056099999999999995, 0.000056099999999999995, 0.000019699999999999998, 0.000019699999999999998, 0.0008171, 0.0008171, 0.0020759, 0.0020759, 0.050079399999999996, 0.050079399999999996, 0.0704784, 0.0704784, 0.0799604, 0.0799604, 0.0949371, 0.0949371, 0.0949371, 0.0949371, 0.0401911, 0.0401911, 0.0401911, 0.0401911, 0.0211398, 0.0211398, 0.0211398, 0.0211398, 0.0013839, 0.0013839, 0.0013839, 0.0013839, 0.0019018, 0.0019018, 0.0019018, 0.0019018, 0.0019018, 0.0019018, 0.0019018, 0.0019018, 0.0011871, 0.0011871}:
{22, 61, 0.0000181, 0.0000181, 3.9e-6, 3.9e-6, 0.0002577, 0.0002577, 0.0007252, 0.0007252, 0.0336082, 0.0336082, 0.0589124, 0.0589124, 0.07002459999999999, 0.07002459999999999, 0.09967419999999999, 0.09967419999999999, 0.09967419999999999, 0.09967419999999999, 0.0484572, 0.0484572, 0.0484572, 0.0484572, 0.025786999999999997, 0.025786999999999997, 0.025786999999999997, 0.025786999999999997, 0.0025043, 0.0025043, 0.0025043, 0.0025043, 0.0026761999999999997, 0.0026761999999999997, 0.0026761999999999997, 0.0026761999999999997, 0.0026761999999999997, 0.0026761999999999997, 0.0026761999999999997, 0.0026761999999999997, 0.0014203, 0.0014203}:
{22, 61, 5.4e-6, 5.4e-6, 7.e-7, 7.e-7, 0.0000723, 0.0000723, 0.0002252, 0.0002252, 0.0208266, 0.0208266, 0.0468341, 0.0468341, 0.058294, 0.058294, 0.0982854, 0.0982854, 0.0982854, 0.0982854, 0.0564558, 0.0564558, 0.0564558, 0.0564558, 0.0307857, 0.0307857, 0.0307857, 0.0307857, 0.0043282, 0.0043282, 0.0043282, 0.0043282, 0.0036972, 0.0036972, 0.0036972, 0.0036972, 0.0036972, 0.0036972, 0.0036972, 0.0036972, 0.0016906999999999998, 0.0016906999999999998}:
{22, 61, 1.5e-6, 1.5e-6, 1.e-7, 1.e-7, 0.000018, 0.000018, 0.0000622, 0.0000622, 0.0119169, 0.0119169, 0.0354092, 0.0354092, 0.0461283, 0.0461283, 0.0910241, 0.0910241, 0.0910241, 0.0910241, 0.0635594, 0.0635594, 0.0635594, 0.0635594, 0.0359707, 0.0359707, 0.0359707, 0.0359707, 0.007143699999999999, 0.007143699999999999, 0.007143699999999999, 0.007143699999999999, 0.0050149999999999995, 0.0050149999999999995, 0.0050149999999999995, 0.0050149999999999995, 0.0050149999999999995, 0.0050149999999999995, 0.0050149999999999995, 0.0050149999999999995, 0.0020023, 0.0020023}:
{22, 59, 4.e-7, 4.e-7, 0, 0, 4.e-6, 4.e-6, 0.0000153, 0.0000153, 0.0062961, 0.0062961, 0.0254602, 0.0254602, 0.034693999999999996, 0.034693999999999996, 0.07917489999999999, 0.07917489999999999, 0.07917489999999999, 0.07917489999999999, 0.0691469, 0.0691469, 0.0691469, 0.0691469, 0.0411336, 0.0411336, 0.0411336, 0.0411336, 0.0112604, 0.0112604, 0.0112604, 0.0112604, 0.0066784999999999995, 0.0066784999999999995, 0.0066784999999999995, 0.0066784999999999995, 0.0066784999999999995, 0.0066784999999999995, 0.0066784999999999995, 0.0066784999999999995}:
{22, 59, 1.e-7, 1.e-7, 0, 0, 8.e-7, 8.e-7, 3.2999999999999997e-6, 3.2999999999999997e-6, 0.0030713, 0.0030713, 0.0174098, 0.0174098, 0.024800299999999997, 0.024800299999999997, 0.064682, 0.064682, 0.064682, 0.064682, 0.07269189999999999, 0.07269189999999999, 0.07269189999999999, 0.07269189999999999, 0.0460355, 0.0460355, 0.0460355, 0.0460355, 0.0169511, 0.0169511, 0.0169511, 0.0169511, 0.008731899999999999, 0.008731899999999999, 0.008731899999999999, 0.008731899999999999, 0.008731899999999999, 0.008731899999999999, 0.008731899999999999, 0.008731899999999999}:
{26, 61, 1.e-7, 1.e-7, 6.e-7, 6.e-7, 0.0013832999999999999, 0.0013832999999999999, 0.0113216, 0.0113216, 0.016848, 0.016848, 0.049630099999999996, 0.049630099999999996, 0.049630099999999996, 0.049630099999999996, 0.0738446, 0.0738446, 0.0738446, 0.0738446, 0.0504239, 0.0504239, 0.0504239, 0.0504239, 0.024369699999999998, 0.024369699999999998, 0.024369699999999998, 0.024369699999999998, 0.011208899999999999, 0.011208899999999999, 0.011208899999999999, 0.011208899999999999, 0.011208899999999999, 0.011208899999999999, 0.011208899999999999, 0.011208899999999999, 0.0032262, 0.0032262}:
{28, 61, 1.e-7, 1.e-7, 0.0005752, 0.0005752, 0.0070015, 0.0070015, 0.010876799999999999, 0.010876799999999999, 0.0357664, 0.0357664, 0.0357664, 0.0357664, 0.07248879999999999, 0.07248879999999999, 0.07248879999999999, 0.07248879999999999, 0.054053699999999996, 0.054053699999999996, 0.054053699999999996, 0.054053699999999996, 0.0334592, 0.0334592, 0.0334592, 0.0334592, 0.0141266, 0.0141266, 0.0141266, 0.0141266, 0.0141266, 0.0141266, 0.0141266, 0.0141266, 0.003744, 0.003744}:
{30, 61, 0.0002208, 0.0002208, 0.0041176, 0.0041176, 0.006672399999999999, 0.006672399999999999, 0.0242089, 0.0242089, 0.0242089, 0.0242089, 0.0687609, 0.0687609, 0.0687609, 0.0687609, 0.0567099, 0.0567099, 0.0567099, 0.0567099, 0.0438727, 0.0438727, 0.0438727, 0.0438727, 0.0174795, 0.0174795, 0.0174795, 0.0174795, 0.0174795, 0.0174795, 0.0174795, 0.0174795, 0.0043228, 0.0043228}:
{30, 61, 0.00007829999999999999, 0.00007829999999999999, 0.0023028, 0.0023028, 0.0038892999999999996, 0.0038892999999999996, 0.015390299999999999, 0.015390299999999999, 0.015390299999999999, 0.015390299999999999, 0.0630275, 0.0630275, 0.0630275, 0.0630275, 0.058228699999999994, 0.058228699999999994, 0.058228699999999994, 0.058228699999999994, 0.0549398, 0.0549398, 0.0549398, 0.0549398, 0.0212345, 0.0212345, 0.0212345, 0.0212345, 0.0212345, 0.0212345, 0.0212345, 0.0212345, 0.0049659, 0.0049659}:
{30, 61, 0.0000256, 0.0000256, 0.0012247, 0.0012247, 0.002154, 0.002154, 0.0091895, 0.0091895, 0.0091895, 0.0091895, 0.055826, 0.055826, 0.055826, 0.055826, 0.058513699999999995, 0.058513699999999995, 0.058513699999999995, 0.058513699999999995, 0.0657046, 0.0657046, 0.0657046, 0.0657046, 0.0253264, 0.0253264, 0.0253264, 0.0253264, 0.0253264, 0.0253264, 0.0253264, 0.0253264, 0.0056757, 0.0056757}:
{30, 61, 7.699999999999999e-6, 7.699999999999999e-6, 0.0006194, 0.0006194, 0.0011332999999999998, 0.0011332999999999998, 0.0051535999999999995, 0.0051535999999999995, 0.0051535999999999995, 0.0051535999999999995, 0.0477815, 0.0477815, 0.0477815, 0.0477815, 0.0575467, 0.0575467, 0.0575467, 0.0575467, 0.07504469999999999, 0.07504469999999999, 0.07504469999999999, 0.07504469999999999, 0.029656699999999998, 0.029656699999999998, 0.029656699999999998, 0.029656699999999998, 0.029656699999999998, 0.029656699999999998, 0.029656699999999998, 0.029656699999999998, 0.0064541, 0.0064541}:
{30, 61, 2.2e-6, 2.2e-6, 0.0002979, 0.0002979, 0.0005665, 0.0005665, 0.0027145999999999997, 0.0027145999999999997, 0.0027145999999999997, 0.0027145999999999997, 0.0395183, 0.0395183, 0.0395183, 0.0395183, 0.055389, 0.055389, 0.055389, 0.055389, 0.0818581, 0.0818581, 0.0818581, 0.0818581, 0.034095099999999996, 0.034095099999999996, 0.034095099999999996, 0.034095099999999996, 0.034095099999999996, 0.034095099999999996, 0.034095099999999996, 0.034095099999999996, 0.0073021, 0.0073021}:
{30, 61, 6.e-7, 6.e-7, 0.0001362, 0.0001362, 0.000269, 0.000269, 0.001343, 0.001343, 0.001343, 0.001343, 0.031583, 0.031583, 0.031583, 0.031583, 0.0521755, 0.0521755, 0.0521755, 0.0521755, 0.0852747, 0.0852747, 0.0852747, 0.0852747, 0.038483699999999996, 0.038483699999999996, 0.038483699999999996, 0.038483699999999996, 0.038483699999999996, 0.038483699999999996, 0.038483699999999996, 0.038483699999999996, 0.0082198, 0.0082198}:
{30, 61, 1.e-7, 1.e-7, 0.000059199999999999996, 0.000059199999999999996, 0.0001213, 0.0001213, 0.000624, 0.000624, 0.000624, 0.000624, 0.024390699999999998, 0.024390699999999998, 0.024390699999999998, 0.024390699999999998, 0.0481003, 0.0481003, 0.0481003, 0.0481003, 0.0848394, 0.0848394, 0.0848394, 0.0848394, 0.042646199999999995, 0.042646199999999995, 0.042646199999999995, 0.042646199999999995, 0.042646199999999995, 0.042646199999999995, 0.042646199999999995, 0.042646199999999995, 0.0092058, 0.0092058}:
{32, 61, 0.0000245, 0.0000245, 0.000052, 0.000052, 0.0002724, 0.0002724, 0.0002724, 0.0002724, 0.0182015, 0.0182015, 0.0182015, 0.0182015, 0.0433978, 0.0433978, 0.0433978, 0.0433978, 0.080611, 0.080611, 0.080611, 0.080611, 0.0463981, 0.0463981, 0.0463981, 0.0463981, 0.0463981, 0.0463981, 0.0463981, 0.0463981, 0.010258, 0.010258}:
{32, 61, 9.6e-6, 9.6e-6, 0.000021099999999999998, 0.000021099999999999998, 0.00011159999999999999, 0.00011159999999999999, 0.00011159999999999999, 0.00011159999999999999, 0.0131252, 0.0131252, 0.0131252, 0.0131252, 0.0383199, 0.0383199, 0.0383199, 0.0383199, 0.0731494, 0.0731494, 0.0731494, 0.0731494, 0.049560599999999996, 0.049560599999999996, 0.049560599999999996, 0.049560599999999996, 0.049560599999999996, 0.049560599999999996, 0.049560599999999996, 0.049560599999999996, 0.0113727, 0.0113727}:
{32, 61, 3.6e-6, 3.6e-6, 8.2e-6, 8.2e-6, 0.000042999999999999995, 0.000042999999999999995, 0.000042999999999999995, 0.000042999999999999995, 0.0091457, 0.0091457, 0.0091457, 0.0091457, 0.0331143, 0.0331143, 0.0331143, 0.0331143, 0.06339399999999999, 0.06339399999999999, 0.06339399999999999, 0.06339399999999999, 0.0519743, 0.0519743, 0.0519743, 0.0519743, 0.0519743, 0.0519743, 0.0519743, 0.0519743, 0.0125446, 0.0125446}:
{32, 61, 1.2999999999999998e-6, 1.2999999999999998e-6, 3.e-6, 3.e-6, 0.0000155, 0.0000155, 0.0000155, 0.0000155, 0.006157999999999999, 0.006157999999999999, 0.006157999999999999, 0.006157999999999999, 0.0280054, 0.0280054, 0.0280054, 0.0280054, 0.052469499999999995, 0.052469499999999995, 0.052469499999999995, 0.052469499999999995, 0.0535126, 0.0535126, 0.0535126, 0.0535126, 0.0535126, 0.0535126, 0.0535126, 0.0535126, 0.0137673, 0.0137673}:
{32, 61, 4.e-7, 4.e-7, 1.e-6, 1.e-6, 5.3e-6, 5.3e-6, 5.3e-6, 5.3e-6, 0.0040066, 0.0040066, 0.0040066, 0.0040066, 0.0231794, 0.0231794, 0.0231794, 0.0231794, 0.0414751, 0.0414751, 0.0414751, 0.0414751, 0.0540927, 0.0540927, 0.0540927, 0.0540927, 0.0540927, 0.0540927, 0.0540927, 0.0540927, 0.015032799999999999, 0.015032799999999999}:
{32, 61, 1.e-7, 1.e-7, 3.e-7, 3.e-7, 1.6999999999999998e-6, 1.6999999999999998e-6, 1.6999999999999998e-6, 1.6999999999999998e-6, 0.002519, 0.002519, 0.002519, 0.002519, 0.0187756, 0.0187756, 0.0187756, 0.0187756, 0.0313106, 0.0313106, 0.0313106, 0.0313106, 0.0536829, 0.0536829, 0.0536829, 0.0536829, 0.0536829, 0.0536829, 0.0536829, 0.0536829, 0.016331599999999998, 0.016331599999999998}:
{34, 61, 1.e-7, 1.e-7, 5.e-7, 5.e-7, 5.e-7, 5.e-7, 0.0015302999999999998, 0.0015302999999999998, 0.0015302999999999998, 0.0015302999999999998, 0.014884, 0.014884, 0.014884, 0.014884, 0.022574499999999997, 0.022574499999999997, 0.022574499999999997, 0.022574499999999997, 0.052305399999999995, 0.052305399999999995, 0.052305399999999995, 0.052305399999999995, 0.052305399999999995, 0.052305399999999995, 0.052305399999999995, 0.052305399999999995, 0.0176529, 0.0176529}:
{36, 61, 1.e-7, 1.e-7, 1.e-7, 1.e-7, 0.0008983999999999999, 0.0008983999999999999, 0.0008983999999999999, 0.0008983999999999999, 0.0115471, 0.0115471, 0.0115471, 0.0115471, 0.0155442, 0.0155442, 0.0155442, 0.0155442, 0.0500348, 0.0500348, 0.0500348, 0.0500348, 0.0500348, 0.0500348, 0.0500348, 0.0500348, 0.0189846, 0.0189846}:
{40, 61, 0.0005096, 0.0005096, 0.0005096, 0.0005096, 0.0087671, 0.0087671, 0.0087671, 0.0087671, 0.010222199999999999, 0.010222199999999999, 0.010222199999999999, 0.010222199999999999, 0.0469905, 0.0469905, 0.0469905, 0.0469905, 0.0469905, 0.0469905, 0.0469905, 0.0469905, 0.020313599999999998, 0.020313599999999998}:
{40, 61, 0.0005729999999999999, 0.0005729999999999999, 0.0005729999999999999, 0.0005729999999999999, 0.021459699999999998, 0.021459699999999998, 0.021459699999999998, 0.021459699999999998, 0.0148978, 0.0148978, 0.0148978, 0.0148978, 0.27175679999999997, 0.27175679999999997, 0.27175679999999997, 0.27175679999999997, 0.27175679999999997, 0.27175679999999997, 0.27175679999999997, 0.27175679999999997, 0.4489488, 0.4489488}:
{44, 57, 6.e-6, 6.e-6, 6.e-6, 6.e-6, 0, 0, 0, 0, 0.0027949999999999997, 0.0027949999999999997, 0.0027949999999999997, 0.0027949999999999997, 0.0027949999999999997, 0.0027949999999999997};
>