energy(#dis)<
@energy = {0, 15, 0.1260327, 0.1260327, 0.1260327, 0.1260327, 0.0041316, 0.0041316, 0.0041316, 0.0041316, 0.000045499999999999995, 0.000045499999999999995, 0.000045499999999999995, 0.000045499999999999995, 2.e-7, 2.e-7, 2.e-7, 2.e-7}:
{0, 15, 0.1931388, 0.1931388, 0.1931388, 0.1931388, 0.0148711, 0.0148711, 0.0148711, 0.0148711, 0.0002621, 0.0002621, 0.0002621, 0.0002621, 1.2999999999999998e-6, 1.2999999999999998e-6, 1.2999999999999998e-6, 1.2999999999999998e-6}:
{0, 19, 0.21729469999999998, 0.21729469999999998, 0.21729469999999998, 0.21729469999999998, 0.0401527, 0.0401527, 0.0401527, 0.0401527, 0.0011768, 0.0011768, 0.0011768, 0.0011768, 8.4e-6, 8.4e-6, 8.4e-6, 8.4e-6, 1.e-7, 1.e-7, 1.e-7, 1.e-7}:
{0, 19, 0.18545399999999998, 0.18545399999999998, 0.18545399999999998, 0.18545399999999998, 0.0839037, 0.0839037, 0.0839037, 0.0839037, 0.0042480999999999994, 0.0042480999999999994, 0.0042480999999999994, 0.0042480999999999994, 0.000044399999999999995, 0.000044399999999999995, 0.000044399999999999995, 0.000044399999999999995, 8.e-7, 8.e-7, 8.e-7, 8.e-7}:
{0, 23, 0.1220426, 0.1220426, 0.1220426, 0.1220426, 0.1378439, 0.1378439, 0.1378439, 0.1378439, 0.012521, 0.012521, 0.012521, 0.012521, 0.0001981, 0.0001981, 0.0001981, 0.0001981, 4.e-6, 4.e-6, 4.e-6, 4.e-6, 1.e-7, 1.e-7, 1.e-7, 1.e-7}:
{0, 23, 0.0625037, 0.0625037, 0.0625037, 0.0625037, 0.17966949999999998, 0.17966949999999998, 0.17966949999999998, 0.17966949999999998, 0.0304042, 0.0304042, 0.0304042, 0.0304042, 0.0007526, 0.0007526, 0.0007526, 0.0007526, 0.0000184, 0.0000184, 0.0000184, 0.0000184, 4.e-7, 4.e-7, 4.e-7, 4.e-7}:
{0, 23, 0.0250566, 0.0250566, 0.0250566, 0.0250566, 0.18685949999999998, 0.18685949999999998, 0.18685949999999998, 0.18685949999999998, 0.061169299999999996, 0.061169299999999996, 0.061169299999999996, 0.061169299999999996, 0.0024462, 0.0024462, 0.0024462, 0.0024462, 0.00007429999999999999, 0.00007429999999999999, 0.00007429999999999999, 0.00007429999999999999, 1.8e-6, 1.8e-6, 1.8e-6, 1.8e-6}:
{0, 27, 0.0078925, 0.0078925, 0.0078925, 0.0078925, 0.1556543, 0.1556543, 0.1556543, 0.1556543, 0.10235, 0.10235, 0.10235, 0.10235, 0.006828, 0.006828, 0.006828, 0.006828, 0.0002656, 0.0002656, 0.0002656, 0.0002656, 7.3999999999999995e-6, 7.3999999999999995e-6, 7.3999999999999995e-6, 7.3999999999999995e-6, 2.e-7, 2.e-7, 2.e-7, 2.e-7}:
{0, 27, 0.0019584, 0.0019584, 0.0019584, 0.0019584, 0.10412729999999999, 0.10412729999999999, 0.10412729999999999, 0.10412729999999999, 0.1428091, 0.1428091, 0.1428091, 0.1428091, 0.016411699999999998, 0.016411699999999998, 0.016411699999999998, 0.016411699999999998, 0.0008395, 0.0008395, 0.0008395, 0.0008395, 0.0000276, 0.0000276, 0.0000276, 0.0000276, 7.e-7, 7.e-7, 7.e-7, 7.e-7}:
{0, 31, 0.0003836, 0.0003836, 0.0003836, 0.0003836, 0.0560475, 0.0560475, 0.0560475, 0.0560475, 0.16648839999999998, 0.16648839999999998, 0.16648839999999998, 0.16648839999999998, 0.034033299999999995, 0.034033299999999995, 0.034033299999999995, 0.034033299999999995, 0.0023531999999999997, 0.0023531999999999997, 0.0023531999999999997, 0.0023531999999999997, 0.0000934, 0.0000934, 0.0000934, 0.0000934, 2.5999999999999997e-6, 2.5999999999999997e-6, 2.5999999999999997e-6, 2.5999999999999997e-6, 1.e-7, 1.e-7, 1.e-7, 1.e-7}:
{0, 31, 0.0000594, 0.0000594, 0.0000594, 0.0000594, 0.0243081, 0.0243081, 0.0243081, 0.0243081, 0.1624078, 0.1624078, 0.1624078, 0.1624078, 0.060979399999999996, 0.060979399999999996, 0.060979399999999996, 0.060979399999999996, 0.0058569, 0.0058569, 0.0058569, 0.0058569, 0.0002868, 0.0002868, 0.0002868, 0.0002868, 9.4e-6, 9.4e-6, 9.4e-6, 9.4e-6, 5.e-7, 5.e-7, 5.e-7, 5.e-7}:
{0, 35, 7.2999999999999996e-6, 7.2999999999999996e-6, 7.2999999999999996e-6, 7.2999999999999996e-6, 0.0085037, 0.0085037, 0.0085037, 0.0085037, 0.1327123, 0.1327123, 0.1327123, 0.1327123, 0.0945111, 0.0945111, 0.0945111, 0.0945111, 0.0129584, 0.0129584, 0.0129584, 0.0129584, 0.0007989, 0.0007989, 0.0007989, 0.0007989, 0.000030799999999999996, 0.000030799999999999996, 0.000030799999999999996, 0.000030799999999999996, 1.8e-6, 1.8e-6, 1.8e-6, 1.8e-6, 1.e-7, 1.e-7, 1.e-7, 1.e-7}:
{0, 35, 7.e-7, 7.e-7, 7.e-7, 7.e-7, 0.0024015, 0.0024015, 0.0024015, 0.0024015, 0.0909236, 0.0909236, 0.0909236, 0.0909236, 0.1268209, 0.1268209, 0.1268209, 0.1268209, 0.025509499999999997, 0.025509499999999997, 0.025509499999999997, 0.025509499999999997, 0.0020206, 0.0020206, 0.0020206, 0.0020206, 0.0000932, 0.0000932, 0.0000932, 0.0000932, 5.7999999999999995e-6, 5.7999999999999995e-6, 5.7999999999999995e-6, 5.7999999999999995e-6, 2.e-7, 2.e-7, 2.e-7, 2.e-7}:
{0, 39, 1.e-7, 1.e-7, 1.e-7, 1.e-7, 0.0005478, 0.0005478, 0.0005478, 0.0005478, 0.0522641, 0.0522641, 0.0522641, 0.0522641, 0.1474404, 0.1474404, 0.1474404, 0.1474404, 0.0447126, 0.0447126, 0.0447126, 0.0447126, 0.0046432, 0.0046432, 0.0046432, 0.0046432, 0.0002593, 0.0002593, 0.0002593, 0.0002593, 0.0000173, 0.0000173, 0.0000173, 0.0000173, 7.e-7, 7.e-7, 7.e-7, 7.e-7, 1.e-7, 1.e-7, 1.e-7, 1.e-7}:
{4, 39, 0.000101, 0.000101, 0.000101, 0.000101, 0.025219199999999997, 0.025219199999999997, 0.025219199999999997, 0.025219199999999997, 0.1485974, 0.1485974, 0.1485974, 0.1485974, 0.06982139999999999, 0.06982139999999999, 0.06982139999999999, 0.06982139999999999, 0.0097006, 0.0097006, 0.0097006, 0.0097006, 0.0006654, 0.0006654, 0.0006654, 0.0006654, 0.000048299999999999995, 0.000048299999999999995, 0.000048299999999999995, 0.000048299999999999995, 2.1e-6, 2.1e-6, 2.1e-6, 2.1e-6, 2.e-7, 2.e-7, 2.e-7, 2.e-7}:
{4, 43, 0.0000151, 0.0000151, 0.0000151, 0.0000151, 0.0102201, 0.0102201, 0.0102201, 0.0102201, 0.1298918, 0.1298918, 0.1298918, 0.1298918, 0.0971822, 0.0971822, 0.0971822, 0.0971822, 0.018434, 0.018434, 0.018434, 0.018434, 0.0015754999999999999, 0.0015754999999999999, 0.0015754999999999999, 0.0015754999999999999, 0.0001266, 0.0001266, 0.0001266, 0.0001266, 6.3e-6, 6.3e-6, 6.3e-6, 6.3e-6, 5.e-7, 5.e-7, 5.e-7, 5.e-7, 1.e-7, 1.e-7, 1.e-7, 1.e-7}:
{4, 45, 1.8e-6, 1.8e-6, 1.8e-6, 1.8e-6, 0.0034796, 0.0034796, 0.0034796, 0.0034796, 0.09851399999999999, 0.09851399999999999, 0.09851399999999999, 0.09851399999999999, 0.1206139, 0.1206139, 0.1206139, 0.1206139, 0.0318755, 0.0318755, 0.0318755, 0.0318755, 0.0034430999999999997, 0.0034430999999999997, 0.0034430999999999997, 0.0034430999999999997, 0.0003104, 0.0003104, 0.0003104, 0.0003104, 0.0000175, 0.0000175, 0.0000175, 0.0000175, 1.5e-6, 1.5e-6, 1.5e-6, 1.5e-6, 2.e-7, 2.e-7, 2.e-7, 2.e-7, 0, 0}:
{4, 49, 2.e-7, 2.e-7, 2.e-7, 2.e-7, 0.0009956, 0.0009956, 0.0009956, 0.0009956, 0.0648488, 0.0648488, 0.0648488, 0.0648488, 0.1335264, 0.1335264, 0.1335264, 0.1335264, 0.0501719, 0.0501719, 0.0501719, 0.0501719, 0.006947399999999999, 0.006947399999999999, 0.006947399999999999, 0.006947399999999999, 0.0007128999999999999, 0.0007128999999999999, 0.0007128999999999999, 0.0007128999999999999, 0.000046099999999999996, 0.000046099999999999996, 0.000046099999999999996, 0.000046099999999999996, 4.e-6, 4.e-6, 4.e-6, 4.e-6, 5.e-7, 5.e-7, 5.e-7, 5.e-7, 1.e-7, 1.e-7, 1.e-7, 1.e-7, 0, 0}:
{8, 49, 0.0002394, 0.0002394, 0.0002394, 0.0002394, 0.037060699999999995, 0.037060699999999995, 0.037060699999999995, 0.037060699999999995, 0.1318925, 0.1318925, 0.1318925, 0.1318925, 0.07190379999999999, 0.07190379999999999, 0.07190379999999999, 0.07190379999999999, 0.012946599999999999, 0.012946599999999999, 0.012946599999999999, 0.012946599999999999, 0.0015339, 0.0015339, 0.0015339, 0.0015339, 0.0001146, 0.0001146, 0.0001146, 0.0001146, 0.0000105, 0.0000105, 0.0000105, 0.0000105, 1.4e-6, 1.4e-6, 1.4e-6, 1.4e-6, 2.e-7, 2.e-7, 2.e-7, 2.e-7, 0, 0}:
{8, 49, 0.0000484, 0.0000484, 0.0000484, 0.0000484, 0.018392199999999997, 0.018392199999999997, 0.018392199999999997, 0.018392199999999997, 0.1162685, 0.1162685, 0.1162685, 0.1162685, 0.0938513, 0.0938513, 0.0938513, 0.0938513, 0.022286999999999998, 0.022286999999999998, 0.022286999999999998, 0.022286999999999998, 0.0030927999999999997, 0.0030927999999999997, 0.0030927999999999997, 0.0030927999999999997, 0.00026849999999999997, 0.00026849999999999997, 0.00026849999999999997, 0.00026849999999999997, 0.000026, 0.000026, 0.000026, 0.000026, 3.5e-6, 3.5e-6, 3.5e-6, 3.5e-6, 4.e-7, 4.e-7, 4.e-7, 4.e-7, 0, 0}:
{8, 49, 8.2e-6, 8.2e-6, 8.2e-6, 8.2e-6, 0.0079277, 0.0079277, 0.0079277, 0.0079277, 0.0914923, 0.0914923, 0.0914923, 0.0914923, 0.1115881, 0.1115881, 0.1115881, 0.1115881, 0.0354492, 0.0354492, 0.0354492, 0.0354492, 0.0058451, 0.0058451, 0.0058451, 0.0058451, 0.0005934, 0.0005934, 0.0005934, 0.0005934, 0.0000613, 0.0000613, 0.0000613, 0.0000613, 8.3e-6, 8.3e-6, 8.3e-6, 8.3e-6, 1.e-6, 1.e-6, 1.e-6, 1.e-6, 0, 0}:
{8, 57, 1.2e-6, 1.2e-6, 1.2e-6, 1.2e-6, 0.0029684, 0.0029684, 0.0029684, 0.0029684, 0.0642784, 0.0642784, 0.0642784, 0.0642784, 0.1208828, 0.1208828, 0.1208828, 0.1208828, 0.0521077, 0.0521077, 0.0521077, 0.0521077, 0.0103561, 0.0103561, 0.0103561, 0.0103561, 0.0012377, 0.0012377, 0.0012377, 0.0012377, 0.0001378, 0.0001378, 0.0001378, 0.0001378, 0.000018999999999999998, 0.000018999999999999998, 0.000018999999999999998, 0.000018999999999999998, 2.3e-6, 2.3e-6, 2.3e-6, 2.3e-6, 1.e-7, 1.e-7, 1.e-7, 1.e-7, 0, 0, 0, 0, 1.e-7, 1.e-7}:
{8, 61, 1.e-7, 1.e-7, 1.e-7, 1.e-7, 0.0009657, 0.0009657, 0.0009657, 0.0009657, 0.0403249, 0.0403249, 0.0403249, 0.0403249, 0.1193303, 0.1193303, 0.1193303, 0.1193303, 0.0707959, 0.0707959, 0.0707959, 0.0707959, 0.017204, 0.017204, 0.017204, 0.017204, 0.0024362999999999998, 0.0024362999999999998, 0.0024362999999999998, 0.0024362999999999998, 0.00029519999999999997, 0.00029519999999999997, 0.00029519999999999997, 0.00029519999999999997, 0.000042, 0.000042, 0.000042, 0.000042, 5.4e-6, 5.4e-6, 5.4e-6, 5.4e-6, 2.e-7, 2.e-7, 2.e-7, 2.e-7, 1.e-7, 1.e-7, 1.e-7, 1.e-7, 2.e-7, 2.e-7, 2.e-7, 2.e-7, 1.4e-6, 1.4e-6}:
{12, 61, 0.00027299999999999997, 0.00027299999999999997, 0.00027299999999999997, 0.00027299999999999997, 0.022592599999999997, 0.022592599999999997, 0.022592599999999997, 0.022592599999999997, 0.1073589, 0.1073589, 0.1073589, 0.1073589, 0.0889174, 0.0889174, 0.0889174, 0.0889174, 0.0268013, 0.0268013, 0.0268013, 0.0268013, 0.0045267, 0.0045267, 0.0045267, 0.0045267, 0.0006024, 0.0006024, 0.0006024, 0.0006024, 0.000089, 0.000089, 0.000089, 0.000089, 0.0000121, 0.0000121, 0.0000121, 0.0000121, 6.e-7, 6.e-7, 6.e-7, 6.e-7, 2.e-7, 2.e-7, 2.e-7, 2.e-7, 3.e-7, 3.e-7, 3.e-7, 3.e-7, 2.2e-6, 2.2e-6}:
{12, 61, 0.000067, 0.000067, 0.000067, 0.000067, 0.0113057, 0.0113057, 0.0113057, 0.0113057, 0.0880402, 0.0880402, 0.0880402, 0.0880402, 0.10325079999999999, 0.10325079999999999, 0.10325079999999999, 0.10325079999999999, 0.0391587, 0.0391587, 0.0391587, 0.0391587, 0.0079401, 0.0079401, 0.0079401, 0.0079401, 0.0011717, 0.0011717, 0.0011717, 0.0011717, 0.00018119999999999999, 0.00018119999999999999, 0.00018119999999999999, 0.00018119999999999999, 0.0000262, 0.0000262, 0.0000262, 0.0000262, 1.5e-6, 1.5e-6, 1.5e-6, 1.5e-6, 4.e-7, 4.e-7, 4.e-7, 4.e-7, 7.e-7, 7.e-7, 7.e-7, 7.e-7, 3.3999999999999996e-6, 3.3999999999999996e-6}:
{12, 61, 0.000014299999999999999, 0.000014299999999999999, 0.000014299999999999999, 0.000014299999999999999, 0.0050536999999999995, 0.0050536999999999995, 0.0050536999999999995, 0.0050536999999999995, 0.0658153, 0.0658153, 0.0658153, 0.0658153, 0.1108604, 0.1108604, 0.1108604, 0.1108604, 0.0536658, 0.0536658, 0.0536658, 0.0536658, 0.013149, 0.013149, 0.013149, 0.013149, 0.0021717999999999998, 0.0021717999999999998, 0.0021717999999999998, 0.0021717999999999998, 0.0003546, 0.0003546, 0.0003546, 0.0003546, 0.000054499999999999997, 0.000054499999999999997, 0.000054499999999999997, 0.000054499999999999997, 3.3999999999999996e-6, 3.3999999999999996e-6, 3.3999999999999996e-6, 3.3999999999999996e-6, 1.e-6, 1.e-6, 1.e-6, 1.e-6, 1.2999999999999998e-6, 1.2999999999999998e-6, 1.2999999999999998e-6, 1.2999999999999998e-6, 5.199999999999999e-6, 5.199999999999999e-6}:
{12, 61, 2.7e-6, 2.7e-6, 2.7e-6, 2.7e-6, 0.0020181, 0.0020181, 0.0020181, 0.0020181, 0.0448558, 0.0448558, 0.0448558, 0.0448558, 0.11007259999999999, 0.11007259999999999, 0.11007259999999999, 0.11007259999999999, 0.06899319999999999, 0.06899319999999999, 0.06899319999999999, 0.06899319999999999, 0.0205606, 0.0205606, 0.0205606, 0.0205606, 0.0038369999999999997, 0.0038369999999999997, 0.0038369999999999997, 0.0038369999999999997, 0.0006669, 0.0006669, 0.0006669, 0.0006669, 0.00010949999999999999, 0.00010949999999999999, 0.00010949999999999999, 0.00010949999999999999, 7.699999999999999e-6, 7.699999999999999e-6, 7.699999999999999e-6, 7.699999999999999e-6, 2.e-6, 2.e-6, 2.e-6, 2.e-6, 2.4999999999999998e-6, 2.4999999999999998e-6, 2.4999999999999998e-6, 2.4999999999999998e-6, 7.899999999999999e-6, 7.899999999999999e-6}:
{12, 61, 4.e-7, 4.e-7, 4.e-7, 4.e-7, 0.0007199999999999999, 0.0007199999999999999, 0.0007199999999999999, 0.0007199999999999999, 0.0278736, 0.0278736, 0.0278736, 0.0278736, 0.1010744, 0.1010744, 0.1010744, 0.1010744, 0.0832136, 0.0832136, 0.0832136, 0.0832136, 0.030359399999999998, 0.030359399999999998, 0.030359399999999998, 0.030359399999999998, 0.006461799999999999, 0.006461799999999999, 0.006461799999999999, 0.006461799999999999, 0.0012058, 0.0012058, 0.0012058, 0.0012058, 0.00021219999999999998, 0.00021219999999999998, 0.00021219999999999998, 0.00021219999999999998, 0.0000167, 0.0000167, 0.0000167, 0.0000167, 4.2e-6, 4.2e-6, 4.2e-6, 4.2e-6, 4.7e-6, 4.7e-6, 4.7e-6, 4.7e-6, 0.000011799999999999999, 0.000011799999999999999}:
{12, 61, 1.e-7, 1.e-7, 1.e-7, 1.e-7, 0.0002295, 0.0002295, 0.0002295, 0.0002295, 0.0157938, 0.0157938, 0.0157938, 0.0157938, 0.0858413, 0.0858413, 0.0858413, 0.0858413, 0.09416659999999999, 0.09416659999999999, 0.09416659999999999, 0.09416659999999999, 0.042334899999999995, 0.042334899999999995, 0.042334899999999995, 0.042334899999999995, 0.0103742, 0.0103742, 0.0103742, 0.0103742, 0.0020958, 0.0020958, 0.0020958, 0.0020958, 0.000397, 0.000397, 0.000397, 0.000397, 0.0000349, 0.0000349, 0.0000349, 0.0000349, 8.5e-6, 8.5e-6, 8.5e-6, 8.5e-6, 8.8e-6, 8.8e-6, 8.8e-6, 8.8e-6, 0.0000174, 0.0000174}:
{16, 61, 0.00006539999999999999, 0.00006539999999999999, 0.00006539999999999999, 0.00006539999999999999, 0.0081607, 0.0081607, 0.0081607, 0.0081607, 0.0674337, 0.0674337, 0.0674337, 0.0674337, 0.09998749999999999, 0.09998749999999999, 0.09998749999999999, 0.09998749999999999, 0.0557553, 0.0557553, 0.0557553, 0.0557553, 0.0158788, 0.0158788, 0.0158788, 0.0158788, 0.0035015999999999997, 0.0035015999999999997, 0.0035015999999999997, 0.0035015999999999997, 0.0007166, 0.0007166, 0.0007166, 0.0007166, 0.0000706, 0.0000706, 0.0000706, 0.0000706, 0.0000168, 0.0000168, 0.0000168, 0.0000168, 0.000015799999999999998, 0.000015799999999999998, 0.000015799999999999998, 0.000015799999999999998, 0.0000255, 0.0000255}:
{16, 61, 0.0000166, 0.0000166, 0.0000166, 0.0000166, 0.0038453999999999997, 0.0038453999999999997, 0.0038453999999999997, 0.0038453999999999997, 0.049001699999999995, 0.049001699999999995, 0.049001699999999995, 0.049001699999999995, 0.0996253, 0.0996253, 0.0996253, 0.0996253, 0.0693558, 0.0693558, 0.0693558, 0.0693558, 0.0231725, 0.0231725, 0.0231725, 0.0231725, 0.0056248, 0.0056248, 0.0056248, 0.0056248, 0.0012481999999999999, 0.0012481999999999999, 0.0012481999999999999, 0.0012481999999999999, 0.0001378, 0.0001378, 0.0001378, 0.0001378, 0.0000322, 0.0000322, 0.0000322, 0.0000322, 0.000028, 0.000028, 0.000028, 0.000028, 0.000037, 0.000037}:
{16, 61, 3.8e-6, 3.8e-6, 3.8e-6, 3.8e-6, 0.0016524999999999999, 0.0016524999999999999, 0.0016524999999999999, 0.0016524999999999999, 0.03294, 0.03294, 0.03294, 0.03294, 0.0931525, 0.0931525, 0.0931525, 0.0931525, 0.0814922, 0.0814922, 0.0814922, 0.0814922, 0.032243799999999996, 0.032243799999999996, 0.032243799999999996, 0.032243799999999996, 0.008687199999999999, 0.008687199999999999, 0.008687199999999999, 0.008687199999999999, 0.0020986, 0.0020986, 0.0020986, 0.0020986, 0.0002602, 0.0002602, 0.0002602, 0.0002602, 0.000059999999999999995, 0.000059999999999999995, 0.000059999999999999995, 0.000059999999999999995, 0.000048599999999999995, 0.000048599999999999995, 0.000048599999999999995, 0.000048599999999999995, 0.000053099999999999996, 0.000053099999999999996}:
{16, 61, 8.e-7, 8.e-7, 8.e-7, 8.e-7, 0.0006477, 0.0006477, 0.0006477, 0.0006477, 0.0204851, 0.0204851, 0.0204851, 0.0204851, 0.08174179999999999, 0.08174179999999999, 0.08174179999999999, 0.08174179999999999, 0.0904503, 0.0904503, 0.0904503, 0.0904503, 0.0427822, 0.0427822, 0.0427822, 0.0427822, 0.0129006, 0.0129006, 0.0129006, 0.0129006, 0.0034054, 0.0034054, 0.0034054, 0.0034054, 0.0004745, 0.0004745, 0.0004745, 0.0004745, 0.00010899999999999999, 0.00010899999999999999, 0.00010899999999999999, 0.00010899999999999999, 0.0000825, 0.0000825, 0.0000825, 0.0000825, 0.00007549999999999999, 0.00007549999999999999}:
{16, 61, 1.e-7, 1.e-7, 1.e-7, 1.e-7, 0.0002316, 0.0002316, 0.0002316, 0.0002316, 0.0117863, 0.0117863, 0.0117863, 0.0117863, 0.06731949999999999, 0.06731949999999999, 0.06731949999999999, 0.06731949999999999, 0.0948387, 0.0948387, 0.0948387, 0.0948387, 0.0541307, 0.0541307, 0.0541307, 0.0541307, 0.018421299999999998, 0.018421299999999998, 0.018421299999999998, 0.018421299999999998, 0.0053338, 0.0053338, 0.0053338, 0.0053338, 0.0008365, 0.0008365, 0.0008365, 0.0008365, 0.0001925, 0.0001925, 0.0001925, 0.0001925, 0.0001371, 0.0001371, 0.0001371, 0.0001371, 0.00010619999999999999, 0.00010619999999999999}:
{20, 61, 0.00007549999999999999, 0.00007549999999999999, 0.00007549999999999999, 0.00007549999999999999, 0.0062742, 0.0062742, 0.0062742, 0.0062742, 0.052036, 0.052036, 0.052036, 0.052036, 0.09394269999999999, 0.09394269999999999, 0.09394269999999999, 0.09394269999999999, 0.0653145, 0.0653145, 0.0653145, 0.0653145, 0.0252946, 0.0252946, 0.0252946, 0.0252946, 0.008064, 0.008064, 0.008064, 0.008064, 0.0014253999999999998, 0.0014253999999999998, 0.0014253999999999998, 0.0014253999999999998, 0.0003312, 0.0003312, 0.0003312, 0.0003312, 0.00022319999999999998, 0.00022319999999999998, 0.00022319999999999998, 0.00022319999999999998, 0.000148, 0.000148}:
{20, 61, 0.000022499999999999998, 0.000022499999999999998, 0.000022499999999999998, 0.000022499999999999998, 0.0030903, 0.0030903, 0.0030903, 0.0030903, 0.037752999999999995, 0.037752999999999995, 0.037752999999999995, 0.037752999999999995, 0.0879147, 0.0879147, 0.0879147, 0.0879147, 0.0751585, 0.0751585, 0.0751585, 0.0751585, 0.033400599999999996, 0.033400599999999996, 0.033400599999999996, 0.033400599999999996, 0.0117688, 0.0117688, 0.0117688, 0.0117688, 0.0023477, 0.0023477, 0.0023477, 0.0023477, 0.0005547999999999999, 0.0005547999999999999, 0.0005547999999999999, 0.0005547999999999999, 0.0003559, 0.0003559, 0.0003559, 0.0003559, 0.0002041, 0.0002041}:
{20, 61, 6.1e-6, 6.1e-6, 6.1e-6, 6.1e-6, 0.0014084, 0.0014084, 0.0014084, 0.0014084, 0.025709899999999997, 0.025709899999999997, 0.025709899999999997, 0.025709899999999997, 0.0777315, 0.0777315, 0.0777315, 0.0777315, 0.0824835, 0.0824835, 0.0824835, 0.0824835, 0.0424147, 0.0424147, 0.0424147, 0.0424147, 0.016580499999999998, 0.016580499999999998, 0.016580499999999998, 0.016580499999999998, 0.0037378999999999997, 0.0037378999999999997, 0.0037378999999999997, 0.0037378999999999997, 0.0009046999999999999, 0.0009046999999999999, 0.0009046999999999999, 0.0009046999999999999, 0.000556, 0.000556, 0.000556, 0.000556, 0.0002789, 0.0002789}:
{20, 61, 1.5e-6, 1.5e-6, 1.5e-6, 1.5e-6, 0.0005939, 0.0005939, 0.0005939, 0.0005939, 0.0164348, 0.0164348, 0.0164348, 0.0164348, 0.064936, 0.064936, 0.064936, 0.064936, 0.086336, 0.086336, 0.086336, 0.086336, 0.051799899999999996, 0.051799899999999996, 0.051799899999999996, 0.051799899999999996, 0.0225509, 0.0225509, 0.0225509, 0.0225509, 0.0057529, 0.0057529, 0.0057529, 0.0057529, 0.0014366, 0.0014366, 0.0014366, 0.0014366, 0.0008506999999999999, 0.0008506999999999999, 0.0008506999999999999, 0.0008506999999999999, 0.0003772, 0.0003772}:
{20, 61, 3.e-7, 3.e-7, 3.e-7, 3.e-7, 0.0002318, 0.0002318, 0.0002318, 0.0002318, 0.0098619, 0.0098619, 0.0098619, 0.0098619, 0.0512556, 0.0512556, 0.0512556, 0.0512556, 0.0861921, 0.0861921, 0.0861921, 0.0861921, 0.060842499999999994, 0.060842499999999994, 0.060842499999999994, 0.060842499999999994, 0.0296104, 0.0296104, 0.0296104, 0.0296104, 0.0085594, 0.0085594, 0.0085594, 0.0085594, 0.0022213, 0.0022213, 0.0022213, 0.0022213, 0.0012749, 0.0012749, 0.0012749, 0.0012749, 0.0005053, 0.0005053}:
{20, 61, 1.e-7, 1.e-7, 1.e-7, 1.e-7, 0.0000837, 0.0000837, 0.0000837, 0.0000837, 0.0055552, 0.0055552, 0.0055552, 0.0055552, 0.038227699999999996, 0.038227699999999996, 0.038227699999999996, 0.038227699999999996, 0.0820742, 0.0820742, 0.0820742, 0.0820742, 0.0687327, 0.0687327, 0.0687327, 0.0687327, 0.0375364, 0.0375364, 0.0375364, 0.0375364, 0.0123115, 0.0123115, 0.0123115, 0.0123115, 0.0033444, 0.0033444, 0.0033444, 0.0033444, 0.0018717999999999999, 0.0018717999999999999, 0.0018717999999999999, 0.0018717999999999999, 0.0006703999999999999, 0.0006703999999999999}:
{24, 61, 0.000028, 0.000028, 0.000028, 0.000028, 0.0029376, 0.0029376, 0.0029376, 0.0029376, 0.0269406, 0.0269406, 0.0269406, 0.0269406, 0.0745456, 0.0745456, 0.0745456, 0.0745456, 0.07468129999999999, 0.07468129999999999, 0.07468129999999999, 0.07468129999999999, 0.0459411, 0.0459411, 0.0459411, 0.0459411, 0.0171199, 0.0171199, 0.0171199, 0.0171199, 0.0049034, 0.0049034, 0.0049034, 0.0049034, 0.0026921, 0.0026921, 0.0026921, 0.0026921, 0.0008807999999999999, 0.0008807999999999999}:
{24, 61, 8.599999999999999e-6, 8.599999999999999e-6, 8.599999999999999e-6, 8.599999999999999e-6, 0.0014582999999999998, 0.0014582999999999998, 0.0014582999999999998, 0.0014582999999999998, 0.0179407, 0.0179407, 0.0179407, 0.0179407, 0.064584, 0.064584, 0.064584, 0.064584, 0.0780482, 0.0780482, 0.0780482, 0.0780482, 0.0542879, 0.0542879, 0.0542879, 0.0542879, 0.0230158, 0.0230158, 0.0230158, 0.0230158, 0.0070008, 0.0070008, 0.0070008, 0.0070008, 0.0037932, 0.0037932, 0.0037932, 0.0037932, 0.0011461, 0.0011461}:
{24, 61, 2.4999999999999998e-6, 2.4999999999999998e-6, 2.4999999999999998e-6, 2.4999999999999998e-6, 0.0006797, 0.0006797, 0.0006797, 0.0006797, 0.0112899, 0.0112899, 0.0112899, 0.0112899, 0.053373699999999996, 0.053373699999999996, 0.053373699999999996, 0.053373699999999996, 0.07845629999999999, 0.07845629999999999, 0.07845629999999999, 0.07845629999999999, 0.0619394, 0.0619394, 0.0619394, 0.0619394, 0.029915399999999998, 0.029915399999999998, 0.029915399999999998, 0.029915399999999998, 0.009733799999999999, 0.009733799999999999, 0.009733799999999999, 0.009733799999999999, 0.0052359, 0.0052359, 0.0052359, 0.0052359, 0.0014770999999999999, 0.0014770999999999999}:
{24, 61, 7.e-7, 7.e-7, 7.e-7, 7.e-7, 0.00029739999999999996, 0.00029739999999999996, 0.00029739999999999996, 0.00029739999999999996, 0.0067136999999999995, 0.0067136999999999995, 0.0067136999999999995, 0.0067136999999999995, 0.0420763, 0.0420763, 0.0420763, 0.0420763, 0.0758607, 0.0758607, 0.0758607, 0.0758607, 0.06823459999999999, 0.06823459999999999, 0.06823459999999999, 0.06823459999999999, 0.0375942, 0.0375942, 0.0375942, 0.0375942, 0.013179999999999999, 0.013179999999999999, 0.013179999999999999, 0.013179999999999999, 0.0070807, 0.0070807, 0.0070807, 0.0070807, 0.0018854999999999998, 0.0018854999999999998}:
{24, 61, 2.e-7, 2.e-7, 2.e-7, 2.e-7, 0.0001222, 0.0001222, 0.0001222, 0.0001222, 0.0037727999999999998, 0.0037727999999999998, 0.0037727999999999998, 0.0037727999999999998, 0.031642199999999995, 0.031642199999999995, 0.031642199999999995, 0.031642199999999995, 0.07055689999999999, 0.07055689999999999, 0.07055689999999999, 0.07055689999999999, 0.0725813, 0.0725813, 0.0725813, 0.0725813, 0.0456784, 0.0456784, 0.0456784, 0.0456784, 0.0173801, 0.0173801, 0.0173801, 0.0173801, 0.0093811, 0.0093811, 0.0093811, 0.0093811, 0.0023837999999999997, 0.0023837999999999997}:
{28, 61, 0.0000471, 0.0000471, 0.0000471, 0.0000471, 0.0020036, 0.0020036, 0.0020036, 0.0020036, 0.0226998, 0.0226998, 0.0226998, 0.0226998, 0.0631254, 0.0631254, 0.0631254, 0.0631254, 0.074548, 0.074548, 0.074548, 0.074548, 0.0536631, 0.0536631, 0.0536631, 0.0536631, 0.0223205, 0.0223205, 0.0223205, 0.0223205, 0.0121771, 0.0121771, 0.0121771, 0.0121771, 0.0029852, 0.0029852}:
{28, 61, 0.0000171, 0.0000171, 0.0000171, 0.0000171, 0.0010056, 0.0010056, 0.0010056, 0.0010056, 0.015534999999999998, 0.015534999999999998, 0.015534999999999998, 0.015534999999999998, 0.0543274, 0.0543274, 0.0543274, 0.0543274, 0.0739345, 0.0739345, 0.0739345, 0.0739345, 0.0609568, 0.0609568, 0.0609568, 0.0609568, 0.027917499999999998, 0.027917499999999998, 0.027917499999999998, 0.027917499999999998, 0.015486499999999999, 0.015486499999999999, 0.015486499999999999, 0.015486499999999999, 0.0037028, 0.0037028}:
{28, 61, 5.7999999999999995e-6, 5.7999999999999995e-6, 5.7999999999999995e-6, 5.7999999999999995e-6, 0.0004769, 0.0004769, 0.0004769, 0.0004769, 0.010142499999999999, 0.010142499999999999, 0.010142499999999999, 0.010142499999999999, 0.044977199999999995, 0.044977199999999995, 0.044977199999999995, 0.044977199999999995, 0.0708053, 0.0708053, 0.0708053, 0.0708053, 0.06695129999999999, 0.06695129999999999, 0.06695129999999999, 0.06695129999999999, 0.034008, 0.034008, 0.034008, 0.034008, 0.0192969, 0.0192969, 0.0192969, 0.0192969, 0.0045493999999999995, 0.0045493999999999995}:
{28, 61, 1.9e-6, 1.9e-6, 1.9e-6, 1.9e-6, 0.0002138, 0.0002138, 0.0002138, 0.0002138, 0.006317199999999999, 0.006317199999999999, 0.006317199999999999, 0.006317199999999999, 0.0358205, 0.0358205, 0.0358205, 0.0358205, 0.0654786, 0.0654786, 0.0654786, 0.0654786, 0.0711038, 0.0711038, 0.0711038, 0.0711038, 0.040347999999999995, 0.040347999999999995, 0.040347999999999995, 0.040347999999999995, 0.023558799999999998, 0.023558799999999998, 0.023558799999999998, 0.023558799999999998, 0.0055366999999999994, 0.0055366999999999994}:
{28, 61, 6.e-7, 6.e-7, 6.e-7, 6.e-7, 0.00009059999999999999, 0.00009059999999999999, 0.00009059999999999999, 0.00009059999999999999, 0.0037537, 0.0037537, 0.0037537, 0.0037537, 0.027443699999999998, 0.027443699999999998, 0.027443699999999998, 0.027443699999999998, 0.058473, 0.058473, 0.058473, 0.058473, 0.07301819999999999, 0.07301819999999999, 0.07301819999999999, 0.07301819999999999, 0.046623899999999996, 0.046623899999999996, 0.046623899999999996, 0.046623899999999996, 0.0281813, 0.0281813, 0.0281813, 0.0281813, 0.006674599999999999, 0.006674599999999999}:
{28, 61, 2.e-7, 2.e-7, 2.e-7, 2.e-7, 0.0000363, 0.0000363, 0.0000363, 0.0000363, 0.002128, 0.002128, 0.002128, 0.002128, 0.020227099999999998, 0.020227099999999998, 0.020227099999999998, 0.020227099999999998, 0.050424199999999995, 0.050424199999999995, 0.050424199999999995, 0.050424199999999995, 0.072507, 0.072507, 0.072507, 0.072507, 0.0524742, 0.0524742, 0.0524742, 0.0524742, 0.0330305, 0.0330305, 0.0330305, 0.0330305, 0.007970399999999999, 0.007970399999999999}:
{32, 61, 0.0000137, 0.0000137, 0.0000137, 0.0000137, 0.0011508999999999998, 0.0011508999999999998, 0.0011508999999999998, 0.0011508999999999998, 0.014341999999999999, 0.014341999999999999, 0.014341999999999999, 0.014341999999999999, 0.041991, 0.041991, 0.041991, 0.041991, 0.0696219, 0.0696219, 0.0696219, 0.0696219, 0.0575228, 0.0575228, 0.0575228, 0.0575228, 0.0379334, 0.0379334, 0.0379334, 0.0379334, 0.0094282, 0.0094282}:
{32, 61, 4.9e-6, 4.9e-6, 4.9e-6, 4.9e-6, 0.0005939, 0.0005939, 0.0005939, 0.0005939, 0.009783, 0.009783, 0.009783, 0.009783, 0.0337687, 0.0337687, 0.0337687, 0.0337687, 0.06464489999999999, 0.06464489999999999, 0.06464489999999999, 0.06464489999999999, 0.061418299999999995, 0.061418299999999995, 0.061418299999999995, 0.061418299999999995, 0.0426862, 0.0426862, 0.0426862, 0.0426862, 0.0110478, 0.0110478}:
{32, 61, 1.6999999999999998e-6, 1.6999999999999998e-6, 1.6999999999999998e-6, 1.6999999999999998e-6, 0.0002924, 0.0002924, 0.0002924, 0.0002924, 0.0064199999999999995, 0.0064199999999999995, 0.0064199999999999995, 0.0064199999999999995, 0.026225199999999997, 0.026225199999999997, 0.026225199999999997, 0.026225199999999997, 0.058043199999999996, 0.058043199999999996, 0.058043199999999996, 0.058043199999999996, 0.063874, 0.063874, 0.063874, 0.063874, 0.0470671, 0.0470671, 0.0470671, 0.0470671, 0.0128241, 0.0128241}:
{32, 61, 5.e-7, 5.e-7, 5.e-7, 5.e-7, 0.0001373, 0.0001373, 0.0001373, 0.0001373, 0.0040532, 0.0040532, 0.0040532, 0.0040532, 0.019668599999999998, 0.019668599999999998, 0.019668599999999998, 0.019668599999999998, 0.0503966, 0.0503966, 0.0503966, 0.0503966, 0.0647029, 0.0647029, 0.0647029, 0.0647029, 0.050852999999999995, 0.050852999999999995, 0.050852999999999995, 0.050852999999999995, 0.0147464, 0.0147464}:
{32, 61, 2.e-7, 2.e-7, 2.e-7, 2.e-7, 0.00006149999999999999, 0.00006149999999999999, 0.00006149999999999999, 0.00006149999999999999, 0.0024619, 0.0024619, 0.0024619, 0.0024619, 0.0142457, 0.0142457, 0.0142457, 0.0142457, 0.0423145, 0.0423145, 0.0423145, 0.0423145, 0.06384139999999999, 0.06384139999999999, 0.06384139999999999, 0.06384139999999999, 0.053838, 0.053838, 0.053838, 0.053838, 0.016798, 0.016798}:
{36, 61, 0.0000263, 0.0000263, 0.0000263, 0.0000263, 0.0014386, 0.0014386, 0.0014386, 0.0014386, 0.0099644, 0.0099644, 0.0099644, 0.0099644, 0.034357399999999996, 0.034357399999999996, 0.034357399999999996, 0.034357399999999996, 0.061356999999999995, 0.061356999999999995, 0.061356999999999995, 0.061356999999999995, 0.0558523, 0.0558523, 0.0558523, 0.0558523, 0.018956, 0.018956}:
{36, 61, 0.0000107, 0.0000107, 0.0000107, 0.0000107, 0.0008087999999999999, 0.0008087999999999999, 0.0008087999999999999, 0.0008087999999999999, 0.006731099999999999, 0.006731099999999999, 0.006731099999999999, 0.006731099999999999, 0.0269773, 0.0269773, 0.0269773, 0.0269773, 0.057439899999999995, 0.057439899999999995, 0.057439899999999995, 0.057439899999999995, 0.056777499999999995, 0.056777499999999995, 0.056777499999999995, 0.056777499999999995, 0.0211913, 0.0211913}:
{36, 61, 4.2e-6, 4.2e-6, 4.2e-6, 4.2e-6, 0.00043749999999999995, 0.00043749999999999995, 0.00043749999999999995, 0.00043749999999999995, 0.0043913, 0.0043913, 0.0043913, 0.0043913, 0.0204846, 0.0204846, 0.0204846, 0.0204846, 0.052378799999999996, 0.052378799999999996, 0.052378799999999996, 0.052378799999999996, 0.056558699999999996, 0.056558699999999996, 0.056558699999999996, 0.056558699999999996, 0.023469, 0.023469}:
{36, 61, 1.6e-6, 1.6e-6, 1.6e-6, 1.6e-6, 0.00022769999999999998, 0.00022769999999999998, 0.00022769999999999998, 0.00022769999999999998, 0.0027667, 0.0027667, 0.0027667, 0.0027667, 0.0150423, 0.0150423, 0.0150423, 0.0150423, 0.046525699999999996, 0.046525699999999996, 0.046525699999999996, 0.046525699999999996, 0.055209499999999995, 0.055209499999999995, 0.055209499999999995, 0.055209499999999995, 0.0257492, 0.0257492}:
{36, 61, 8.e-7, 8.e-7, 8.e-7, 8.e-7, 0.0002138, 0.0002138, 0.0002138, 0.0002138, 0.0038651999999999996, 0.0038651999999999996, 0.0038651999999999996, 0.0038651999999999996, 0.0306129, 0.0306129, 0.0306129, 0.0306129, 0.1855847, 0.1855847, 0.1855847, 0.1855847, 0.3730405, 0.3730405, 0.3730405, 0.3730405, 0.5654595, 0.5654595}:
{48, 61, 8.e-7, 8.e-7, 8.e-7, 8.e-7, 0.000244, 0.000244, 0.000244, 0.000244, 0.0048064, 0.0048064, 0.0048064, 0.0048064, 0.2386047, 0.2386047};
>