energy(#abeamc)<
@energy = {0, 7, 0.18015799999999998, 0.18015799999999998, 0.0390994, 0.0390994, 0.0007294, 0.0007294, 3.e-7, 3.e-7}:
{0, 9, 0.1869457, 0.1869457, 0.1530463, 0.1530463, 0.0076062, 0.0076062, 0.000015399999999999998, 0.000015399999999999998, 0, 0}:
{0, 13, 0.1553834, 0.1553834, 0.3024943, 0.3024943, 0.0445548, 0.0445548, 0.0004182, 0.0004182, 7.e-7, 7.e-7, 1.5e-6, 1.5e-6, 1.e-7, 1.e-7}:
{0, 15, 0.10344579999999999, 0.10344579999999999, 0.3024943, 0.3024943, 0.146956, 0.146956, 0.0058168, 0.0058168, 0.0000367, 0.0000367, 0.000026799999999999998, 0.000026799999999999998, 1.2e-6, 1.2e-6, 0, 0}:
{0, 15, 0.0551599, 0.0551599, 0.1530463, 0.1530463, 0.2734231, 0.2734231, 0.0416947, 0.0416947, 0.0009178, 0.0009178, 0.00032179999999999996, 0.00032179999999999996, 0.000011099999999999999, 0.000011099999999999999, 0, 0}:
{0, 17, 0.023556499999999998, 0.023556499999999998, 0.0390994, 0.0390994, 0.28726209999999996, 0.28726209999999996, 0.1546025, 0.1546025, 0.0113476, 0.0113476, 0.0026023, 0.0026023, 0.0000819, 0.0000819, 0, 0, 0, 0}:
{0, 17, 0.0080564, 0.0080564, 0.0050259, 0.0050259, 0.17042559999999998, 0.17042559999999998, 0.297452, 0.297452, 0.0697585, 0.0697585, 0.0141923, 0.0141923, 0.0004794, 0.0004794, 0, 0, 0, 0}:
{0, 17, 0.0022064, 0.0022064, 0.0003236, 0.0003236, 0.0570421, 0.0570421, 0.297452, 0.297452, 0.214194, 0.214194, 0.0522425, 0.0522425, 0.0022332999999999997, 0.0022332999999999997, 0, 0, 0, 0}:
{0, 21, 0.0004838, 0.0004838, 0.000010399999999999999, 0.000010399999999999999, 0.0107519, 0.0107519, 0.1546025, 0.1546025, 0.32959259999999996, 0.32959259999999996, 0.1298981, 0.1298981, 0.008277399999999999, 0.008277399999999999, 0, 0, 4.e-7, 4.e-7, 1.e-7, 1.e-7, 8.7e-6, 8.7e-6}:
{0, 23, 0.00008489999999999999, 0.00008489999999999999, 2.e-7, 2.e-7, 0.0011386, 0.0011386, 0.0416947, 0.0416947, 0.2545331, 0.2545331, 0.2183013, 0.2183013, 0.0244167, 0.0244167, 4.2999999999999995e-6, 4.2999999999999995e-6, 6.4e-6, 6.4e-6, 1.6e-6, 1.6e-6, 0.0000353, 0.0000353, 0, 0}:
{0, 21, 0.0000119, 0.0000119, 0, 0, 0.0000676, 0.0000676, 0.0058168, 0.0058168, 0.0985851, 0.0985851, 0.24806809999999999, 0.24806809999999999, 0.0573315, 0.0573315, 0.00019789999999999999, 0.00019789999999999999, 0.0000804, 0.0000804, 0.0000163, 0.0000163, 0.0001274, 0.0001274}:
{0, 21, 1.2999999999999998e-6, 1.2999999999999998e-6, 0, 0, 2.2e-6, 2.2e-6, 0.0004182, 0.0004182, 0.0190998, 0.0190998, 0.19065259999999998, 0.19065259999999998, 0.1071709, 0.1071709, 0.0041212, 0.0041212, 0.0007117, 0.0007117, 0.00012529999999999998, 0.00012529999999999998, 0.0004129, 0.0004129}:
{0, 19, 1.e-7, 1.e-7, 0, 0, 0, 0, 0.000015399999999999998, 0.000015399999999999998, 0.0018434999999999999, 0.0018434999999999999, 0.0991005, 0.0991005, 0.1595121, 0.1595121, 0.038916, 0.038916, 0.00445, 0.00445, 0.0007524, 0.0007524}:
{6, 23, 3.e-7, 3.e-7, 0.0000882, 0.0000882, 0.0348328, 0.0348328, 0.1890558, 0.1890558, 0.16779529999999998, 0.16779529999999998, 0.019652199999999998, 0.019652199999999998, 0.0035194999999999996, 0.0035194999999999996, 0.0031265999999999998, 0.0031265999999999998, 0, 0}:
{8, 23, 2.1e-6, 2.1e-6, 0.008276, 0.008276, 0.178444, 0.178444, 0.33220449999999996, 0.33220449999999996, 0.0613296, 0.0613296, 0.012827999999999999, 0.012827999999999999, 0.0073057999999999994, 0.0073057999999999994, 0, 0}:
{10, 25, 0.0013285, 0.0013285, 0.1341392, 0.1341392, 0.3029036, 0.3029036, 0.1353039, 0.1353039, 0.0364407, 0.0364407, 0.0153078, 0.0153078, 0, 0, 0.0042913, 0.0042913}:
{10, 33, 0.000144, 0.000144, 0.0803094, 0.0803094, 0.12714409999999998, 0.12714409999999998, 0.2110849, 0.2110849, 0.0806906, 0.0806906, 0.0287614, 0.0287614, 9.e-7, 9.e-7, 0.0073919, 0.0073919, 2.e-7, 2.e-7, 1.1e-6, 1.1e-6, 0, 0, 0, 0}:
{10, 33, 0.0000105, 0.0000105, 0.0382949, 0.0382949, 0.024477799999999997, 0.024477799999999997, 0.2329085, 0.2329085, 0.1392898, 0.1392898, 0.0484568, 0.0484568, 0.000039999999999999996, 0.000039999999999999996, 0.0120743, 0.0120743, 2.4999999999999998e-6, 2.4999999999999998e-6, 7.499999999999999e-6, 7.499999999999999e-6, 0, 0, 0, 0}:
{10, 35, 5.e-7, 5.e-7, 0.0145437, 0.0145437, 0.0021484, 0.0021484, 0.1817667, 0.1817667, 0.18746159999999998, 0.18746159999999998, 0.0732053, 0.0732053, 0.0008921, 0.0008921, 0.0187031, 0.0187031, 0.0000237, 0.0000237, 0.0000417, 0.0000417, 0, 0, 2.e-7, 2.e-7, 0, 0}:
{12, 35, 0.004399, 0.004399, 0.0000854, 0.0000854, 0.1003246, 0.1003246, 0.19670959999999998, 0.19670959999999998, 0.0991676, 0.0991676, 0.010292599999999999, 0.010292599999999999, 0.0274731, 0.0274731, 0.00017539999999999998, 0.00017539999999999998, 0.00019759999999999998, 0.00019759999999999998, 0, 0, 1.e-6, 1.e-6, 0, 0}:
{12, 39, 0.0010597, 0.0010597, 1.5e-6, 1.5e-6, 0.0391539, 0.0391539, 0.16094139999999998, 0.16094139999999998, 0.1204567, 0.1204567, 0.0616727, 0.0616727, 0.038269199999999996, 0.038269199999999996, 0.0010117, 0.0010117, 0.0007965, 0.0007965, 0, 0, 5.0999999999999995e-6, 5.0999999999999995e-6, 0, 0, 0, 0, 0, 0}:
{12, 39, 0.00020329999999999998, 0.00020329999999999998, 0, 0, 0.0108014, 0.0108014, 0.1026676, 0.1026676, 0.131196, 0.131196, 0.19261589999999998, 0.19261589999999998, 0.050552299999999994, 0.050552299999999994, 0.0045398999999999995, 0.0045398999999999995, 0.0027294999999999997, 0.0027294999999999997, 6.e-7, 6.e-7, 0.0000221, 0.0000221, 0, 0, 0, 0, 0, 0}:
{12, 39, 0.0000311, 0.0000311, 0, 0, 0.0021054, 0.0021054, 0.0510625, 0.0510625, 0.12812479999999998, 0.12812479999999998, 0.31439649999999997, 0.31439649999999997, 0.0633262, 0.0633262, 0.0158588, 0.0158588, 0.007951, 0.007951, 9.6e-6, 9.6e-6, 0.0000859, 0.0000859, 0, 0, 0, 0, 0, 0}:
{12, 39, 3.8e-6, 3.8e-6, 0, 0, 0.0002898, 0.0002898, 0.0197988, 0.0197988, 0.11219209999999999, 0.11219209999999999, 0.2685294, 0.2685294, 0.0752279, 0.0752279, 0.0431283, 0.0431283, 0.019689599999999998, 0.019689599999999998, 0.0001164, 0.0001164, 0.0002978, 0.0002978, 0, 0, 0, 0, 0, 0}:
{12, 39, 4.e-7, 4.e-7, 0, 0, 0.000028199999999999998, 0.000028199999999999998, 0.0059841, 0.0059841, 0.0880847, 0.0880847, 0.1199659, 0.1199659, 0.08474809999999999, 0.08474809999999999, 0.0913233, 0.0913233, 0.0414516, 0.0414516, 0.000992, 0.000992, 0.0009203, 0.0009203, 0, 0, 0, 0, 0, 0}:
{16, 45, 1.9e-6, 1.9e-6, 0.0014096999999999998, 0.0014096999999999998, 0.0620069, 0.0620069, 0.027978, 0.027978, 0.0905396, 0.0905396, 0.1505808, 0.1505808, 0.0741896, 0.0741896, 0.005936299999999999, 0.005936299999999999, 0.0025359, 0.0025359, 0, 0, 1.e-7, 1.e-7, 1.e-7, 1.e-7, 0.0003568, 0.0003568, 0.0003568, 0.0003568, 9.999999999999999e-6, 9.999999999999999e-6}:
{16, 45, 1.e-7, 1.e-7, 0.0002588, 0.0002588, 0.0391358, 0.0391358, 0.0033954, 0.0033954, 0.0917291, 0.0917291, 0.19335539999999998, 0.19335539999999998, 0.1128888, 0.1128888, 0.0249501, 0.0249501, 0.0062293, 0.0062293, 0, 0, 7.e-7, 7.e-7, 7.e-7, 7.e-7, 0.0007208, 0.0007208, 0.0007208, 0.0007208, 0.0000237, 0.0000237}:
{18, 47, 0.000037, 0.000037, 0.0221459, 0.0221459, 0.0002136, 0.0002136, 0.0881327, 0.0881327, 0.19335539999999998, 0.19335539999999998, 0.1460397, 0.1460397, 0.0736865, 0.0736865, 0.0136408, 0.0136408, 1.2999999999999998e-6, 1.2999999999999998e-6, 6.5999999999999995e-6, 6.5999999999999995e-6, 6.5999999999999995e-6, 6.5999999999999995e-6, 0.0013878999999999999, 0.0013878999999999999, 0.0013878999999999999, 0.0013878999999999999, 0.0000535, 0.0000535, 0.0000535, 0.0000535}:
{18, 47, 4.1e-6, 4.1e-6, 0.0112354, 0.0112354, 6.9e-6, 6.9e-6, 0.0803028, 0.0803028, 0.1505808, 0.1505808, 0.16062289999999999, 0.16062289999999999, 0.15298109999999998, 0.15298109999999998, 0.0266279, 0.0266279, 0.0000291, 0.0000291, 0.0000487, 0.0000487, 0.0000487, 0.0000487, 0.0025471, 0.0025471, 0.0025471, 0.0025471, 0.0001158, 0.0001158, 0.0001158, 0.0001158}:
{18, 47, 4.e-7, 4.e-7, 0.0051103, 0.0051103, 1.e-7, 1.e-7, 0.0693888, 0.0693888, 0.0913233, 0.0913233, 0.1501969, 0.1501969, 0.2233309, 0.2233309, 0.0463359, 0.0463359, 0.0004149, 0.0004149, 0.0002895, 0.0002895, 0.0002895, 0.0002895, 0.0044548999999999995, 0.0044548999999999995, 0.0044548999999999995, 0.0044548999999999995, 0.00024009999999999998, 0.00024009999999999998, 0.00024009999999999998, 0.00024009999999999998}:
{20, 45, 0.0020839, 0.0020839, 0, 0, 0.0568612, 0.0568612, 0.0431283, 0.0431283, 0.11940719999999999, 0.11940719999999999, 0.22929429999999998, 0.22929429999999998, 0.0718743, 0.0718743, 0.0037426, 0.0037426, 0.0013848999999999999, 0.0013848999999999999, 0.0013848999999999999, 0.0013848999999999999, 0.0074262, 0.0074262, 0.0074262, 0.0074262, 0.0004771, 0.0004771}:
{20, 45, 0.0007618, 0.0007618, 0, 0, 0.0441888, 0.0441888, 0.0158588, 0.0158588, 0.08070709999999999, 0.08070709999999999, 0.1655708, 0.1655708, 0.09937889999999999, 0.09937889999999999, 0.021393199999999998, 0.021393199999999998, 0.0053336, 0.0053336, 0.0053336, 0.0053336, 0.0117983, 0.0117983, 0.0117983, 0.0117983, 0.0009082, 0.0009082}:
{20, 47, 0.0002497, 0.0002497, 0, 0, 0.0325671, 0.0325671, 0.0045398999999999995, 0.0045398999999999995, 0.0463765, 0.0463765, 0.08407629999999999, 0.08407629999999999, 0.12248099999999999, 0.12248099999999999, 0.0775868, 0.0775868, 0.0165382, 0.0165382, 0.0165382, 0.0165382, 0.017864599999999998, 0.017864599999999998, 0.017864599999999998, 0.017864599999999998, 0.0016561, 0.0016561, 0.0016561, 0.0016561}:
{20, 47, 0.00007329999999999999, 0.00007329999999999999, 0, 0, 0.0227624, 0.0227624, 0.0010117, 0.0010117, 0.0226558, 0.0226558, 0.030016499999999998, 0.030016499999999998, 0.1345507, 0.1345507, 0.17870229999999998, 0.17870229999999998, 0.0412918, 0.0412918, 0.0412918, 0.0412918, 0.0257804, 0.0257804, 0.0257804, 0.0257804, 0.0028931, 0.0028931, 0.0028931, 0.0028931}:
{20, 55, 0.000019299999999999998, 0.000019299999999999998, 0, 0, 0.0150881, 0.0150881, 0.00017539999999999998, 0.00017539999999999998, 0.0094091, 0.0094091, 0.007531599999999999, 0.007531599999999999, 0.1317448, 0.1317448, 0.2615749, 0.2615749, 0.0830204, 0.0830204, 0.0830204, 0.0830204, 0.0354576, 0.0354576, 0.0354576, 0.0354576, 0.0048416, 0.0048416, 0.0048416, 0.0048416, 0, 0, 0, 0, 1.e-7, 1.e-7, 1.e-7, 1.e-7}:
{20, 55, 4.6e-6, 4.6e-6, 0, 0, 0.0094847, 0.0094847, 0.0000237, 0.0000237, 0.0033219, 0.0033219, 0.0013276, 0.0013276, 0.1149736, 0.1149736, 0.24340199999999998, 0.24340199999999998, 0.13442489999999999, 0.13442489999999999, 0.13442489999999999, 0.13442489999999999, 0.0464782, 0.0464782, 0.0464782, 0.0464782, 0.007762, 0.007762, 0.007762, 0.007762, 0, 0, 0, 0, 4.e-7, 4.e-7, 4.e-7, 4.e-7}:
{20, 55, 1.e-6, 1.e-6, 0, 0, 0.0056545, 0.0056545, 2.4999999999999998e-6, 2.4999999999999998e-6, 0.000997, 0.000997, 0.00016429999999999998, 0.00016429999999999998, 0.0894266, 0.0894266, 0.143975, 0.143975, 0.1752947, 0.1752947, 0.1752947, 0.1752947, 0.0580643, 0.0580643, 0.0580643, 0.0580643, 0.0119213, 0.0119213, 0.0119213, 0.0119213, 0, 0, 0, 0, 1.5e-6, 1.5e-6, 1.5e-6, 1.5e-6}:
{20, 55, 2.e-7, 2.e-7, 0, 0, 0.0031969999999999998, 0.0031969999999999998, 2.e-7, 2.e-7, 0.0002543, 0.0002543, 0.000014299999999999999, 0.000014299999999999999, 0.0619905, 0.0619905, 0.054112, 0.054112, 0.18410459999999998, 0.18410459999999998, 0.18410459999999998, 0.18410459999999998, 0.06913369999999999, 0.06913369999999999, 0.06913369999999999, 0.06913369999999999, 0.0175401, 0.0175401, 0.0175401, 0.0175401, 0, 0, 0, 0, 4.7e-6, 4.7e-6, 4.7e-6, 4.7e-6}:
{24, 55, 0.0017143, 0.0017143, 0, 0, 0.0000552, 0.0000552, 9.e-7, 9.e-7, 0.0382965, 0.0382965, 0.0129124, 0.0129124, 0.1557296, 0.1557296, 0.1557296, 0.1557296, 0.0784494, 0.0784494, 0.0784494, 0.0784494, 0.0247233, 0.0247233, 0.0247233, 0.0247233, 0, 0, 0, 0, 0.000013899999999999999, 0.000013899999999999999, 0.000013899999999999999, 0.000013899999999999999}:
{24, 57, 0.0008717999999999999, 0.0008717999999999999, 0, 0, 0.000010199999999999999, 0.000010199999999999999, 0, 0, 0.0210839, 0.0210839, 0.0019542, 0.0019542, 0.10609239999999999, 0.10609239999999999, 0.10609239999999999, 0.10609239999999999, 0.0848414, 0.0848414, 0.0848414, 0.0848414, 0.0333843, 0.0333843, 0.0333843, 0.0333843, 4.e-7, 4.e-7, 4.e-7, 4.e-7, 0.000038599999999999996, 0.000038599999999999996, 0.000038599999999999996, 0.000038599999999999996, 0.000038599999999999996, 0.000038599999999999996}:
{24, 57, 0.0004204, 0.0004204, 0, 0, 1.6e-6, 1.6e-6, 0, 0, 0.010343999999999999, 0.010343999999999999, 0.0001874, 0.0001874, 0.058209199999999996, 0.058209199999999996, 0.058209199999999996, 0.058209199999999996, 0.0874467, 0.0874467, 0.0874467, 0.0874467, 0.043185999999999995, 0.043185999999999995, 0.043185999999999995, 0.043185999999999995, 4.1e-6, 4.1e-6, 4.1e-6, 4.1e-6, 0.00010049999999999999, 0.00010049999999999999, 0.00010049999999999999, 0.00010049999999999999, 0.00010049999999999999, 0.00010049999999999999}:
{24, 57, 0.00019229999999999999, 0.00019229999999999999, 0, 0, 2.e-7, 2.e-7, 0, 0, 0.0045222, 0.0045222, 0.0000114, 0.0000114, 0.0257201, 0.0257201, 0.0257201, 0.0257201, 0.0859006, 0.0859006, 0.0859006, 0.0859006, 0.053518899999999994, 0.053518899999999994, 0.053518899999999994, 0.053518899999999994, 0.0000353, 0.0000353, 0.0000353, 0.0000353, 0.00024619999999999997, 0.00024619999999999997, 0.00024619999999999997, 0.00024619999999999997, 0.00024619999999999997, 0.00024619999999999997}:
{24, 55, 0.0000834, 0.0000834, 0, 0, 0, 0, 0, 0, 0.0017617, 0.0017617, 4.e-7, 4.e-7, 0.009151699999999999, 0.009151699999999999, 0.009151699999999999, 0.009151699999999999, 0.0804202, 0.0804202, 0.0804202, 0.0804202, 0.0635386, 0.0635386, 0.0635386, 0.0635386, 0.0002381, 0.0002381, 0.0002381, 0.0002381, 0.0005666, 0.0005666, 0.0005666, 0.0005666}:
{24, 53, 0.0000343, 0.0000343, 0, 0, 0, 0, 0, 0, 0.0006115, 0.0006115, 0, 0, 0.0026219999999999998, 0.0026219999999999998, 0.0026219999999999998, 0.0026219999999999998, 0.0717545, 0.0717545, 0.0717545, 0.0717545, 0.0722659, 0.0722659, 0.0722659, 0.0722659, 0.0012645999999999998, 0.0012645999999999998, 0.0012645999999999998, 0.0012645999999999998, 0.0012253, 0.0012253}:
{24, 53, 0.000013399999999999999, 0.000013399999999999999, 0, 0, 0, 0, 0, 0, 0.0001891, 0.0001891, 0, 0, 0.0006049, 0.0006049, 0.0006049, 0.0006049, 0.0610166, 0.0610166, 0.0610166, 0.0610166, 0.07873999999999999, 0.07873999999999999, 0.07873999999999999, 0.07873999999999999, 0.0052899, 0.0052899, 0.0052899, 0.0052899, 0.0024897, 0.0024897}:
{24, 53, 4.9999999999999996e-6, 4.9999999999999996e-6, 0, 0, 0, 0, 0, 0, 0.0000521, 0.0000521, 0, 0, 0.00011229999999999999, 0.00011229999999999999, 0.00011229999999999999, 0.00011229999999999999, 0.049449299999999995, 0.049449299999999995, 0.049449299999999995, 0.049449299999999995, 0.082191, 0.082191, 0.082191, 0.082191, 0.0174286, 0.0174286, 0.0174286, 0.0174286, 0.004753299999999999, 0.004753299999999999}:
{24, 53, 1.6999999999999998e-6, 1.6999999999999998e-6, 0, 0, 0, 0, 0, 0, 0.0000128, 0.0000128, 0, 0, 0.0000168, 0.0000168, 0.0000168, 0.0000168, 0.0381931, 0.0381931, 0.0381931, 0.0381931, 0.0821903, 0.0821903, 0.0821903, 0.0821903, 0.0452321, 0.0452321, 0.0452321, 0.0452321, 0.0085268, 0.0085268}:
{24, 53, 6.e-7, 6.e-7, 0, 0, 0, 0, 0, 0, 2.8e-6, 2.8e-6, 0, 0, 2.e-6, 2.e-6, 2.e-6, 2.e-6, 0.028113899999999997, 0.028113899999999997, 0.028113899999999997, 0.028113899999999997, 0.07873809999999999, 0.07873809999999999, 0.07873809999999999, 0.07873809999999999, 0.0924791, 0.0924791, 0.0924791, 0.0924791, 0.014372399999999999, 0.014372399999999999}:
{24, 53, 2.e-7, 2.e-7, 0, 0, 0, 0, 0, 0, 5.e-7, 5.e-7, 0, 0, 2.e-7, 2.e-7, 2.e-7, 2.e-7, 0.0197228, 0.0197228, 0.0197228, 0.0197228, 0.0722633, 0.0722633, 0.0722633, 0.0722633, 0.1489662, 0.1489662, 0.1489662, 0.1489662, 0.0227627, 0.0227627}:
{24, 49, 1.e-7, 1.e-7, 0, 0, 0, 0, 0, 0, 1.e-7, 1.e-7, 0, 0, 0, 0, 0, 0, 0.0131864, 0.0131864, 0.0131864, 0.0131864, 0.063536, 0.063536, 0.063536, 0.063536, 0.1890617, 0.1890617}:
{40, 61, 0.0084022, 0.0084022, 0.0084022, 0.0084022, 0.053516999999999995, 0.053516999999999995, 0.053516999999999995, 0.053516999999999995, 0.1890617, 0.1890617, 0.1890617, 0.1890617, 0.047367, 0.047367, 0.047367, 0.047367, 0.047367, 0.047367, 0.047367, 0.047367, 0.0007888, 0.0007888}:
{40, 61, 0.0051023, 0.0051023, 0.0051023, 0.0051023, 0.0431851, 0.0431851, 0.0431851, 0.0431851, 0.1489662, 0.1489662, 0.1489662, 0.1489662, 0.062235, 0.062235, 0.062235, 0.062235, 0.062235, 0.062235, 0.062235, 0.062235, 0.0011239, 0.0011239}:
{40, 61, 0.0029529, 0.0029529, 0.0029529, 0.0029529, 0.0333846, 0.0333846, 0.0333846, 0.0333846, 0.0924791, 0.0924791, 0.0924791, 0.0924791, 0.0768333, 0.0768333, 0.0768333, 0.0768333, 0.0768333, 0.0768333, 0.0768333, 0.0768333, 0.0015764, 0.0015764}:
{40, 61, 0.0016286999999999999, 0.0016286999999999999, 0.0016286999999999999, 0.0016286999999999999, 0.0247246, 0.0247246, 0.0247246, 0.0247246, 0.0452321, 0.0452321, 0.0452321, 0.0452321, 0.08912969999999999, 0.08912969999999999, 0.08912969999999999, 0.08912969999999999, 0.08912969999999999, 0.08912969999999999, 0.08912969999999999, 0.08912969999999999, 0.0021763999999999998, 0.0021763999999999998}:
{40, 61, 0.0008560999999999999, 0.0008560999999999999, 0.0008560999999999999, 0.0008560999999999999, 0.0175422, 0.0175422, 0.0175422, 0.0175422, 0.0174286, 0.0174286, 0.0174286, 0.0174286, 0.0971524, 0.0971524, 0.0971524, 0.0971524, 0.0971524, 0.0971524, 0.0971524, 0.0971524, 0.0029579, 0.0029579}:
{40, 61, 0.00042889999999999996, 0.00042889999999999996, 0.00042889999999999996, 0.00042889999999999996, 0.011923699999999999, 0.011923699999999999, 0.011923699999999999, 0.011923699999999999, 0.0052899, 0.0052899, 0.0052899, 0.0052899, 0.0995047, 0.0995047, 0.0995047, 0.0995047, 0.0995047, 0.0995047, 0.0995047, 0.0995047, 0.0039571, 0.0039571}:
{40, 61, 0.0002048, 0.0002048, 0.0002048, 0.0002048, 0.0077645, 0.0077645, 0.0077645, 0.0077645, 0.0012645999999999998, 0.0012645999999999998, 0.0012645999999999998, 0.0012645999999999998, 0.09576209999999999, 0.09576209999999999, 0.09576209999999999, 0.09576209999999999, 0.09576209999999999, 0.09576209999999999, 0.09576209999999999, 0.09576209999999999, 0.0052109999999999995, 0.0052109999999999995}:
{40, 61, 0.0000932, 0.0000932, 0.0000932, 0.0000932, 0.0048438, 0.0048438, 0.0048438, 0.0048438, 0.0002381, 0.0002381, 0.0002381, 0.0002381, 0.0865972, 0.0865972, 0.0865972, 0.0865972, 0.0865972, 0.0865972, 0.0865972, 0.0865972, 0.006755, 0.006755}:
{40, 61, 0.0000404, 0.0000404, 0.0000404, 0.0000404, 0.0028948999999999997, 0.0028948999999999997, 0.0028948999999999997, 0.0028948999999999997, 0.0000353, 0.0000353, 0.0000353, 0.0000353, 0.0735827, 0.0735827, 0.0735827, 0.0735827, 0.0735827, 0.0735827, 0.0735827, 0.0735827, 0.0086197, 0.0086197}:
{40, 61, 0.0000167, 0.0000167, 0.0000167, 0.0000167, 0.0016575, 0.0016575, 0.0016575, 0.0016575, 4.1e-6, 4.1e-6, 4.1e-6, 4.1e-6, 0.058750199999999995, 0.058750199999999995, 0.058750199999999995, 0.058750199999999995, 0.058750199999999995, 0.058750199999999995, 0.058750199999999995, 0.058750199999999995, 0.0108272, 0.0108272}:
{40, 61, 0.000010399999999999999, 0.000010399999999999999, 0.000010399999999999999, 0.000010399999999999999, 0.0018373999999999999, 0.0018373999999999999, 0.0018373999999999999, 0.0018373999999999999, 4.e-7, 4.e-7, 4.e-7, 4.e-7, 0.12410819999999999, 0.12410819999999999, 0.12410819999999999, 0.12410819999999999, 0.12410819999999999, 0.12410819999999999, 0.12410819999999999, 0.12410819999999999, 0.5837302, 0.5837302}:
{52, 61, 1.e-7, 1.e-7, 1.e-7, 1.e-7, 1.e-7, 1.e-7, 1.e-7, 1.e-7, 0.37066849999999996, 0.37066849999999996};
>