-1.7	1.7705667225334365	0	0	0	0	0
-1.6995	1.7858847919967167	0	0	0	0	0
-1.699	1.8011634586385015	0	0	0	0	0
-1.6985	1.8164027427102816	0	0	0	0	0
-1.698	1.8316026644113317	0	0	0	0	0
-1.6975	1.8467632438887667	0	0	0	0	0
-1.697	1.8618845012375518	0	0	0	0	0
-1.6965	1.8769664565005357	0	0	0	0	0
-1.696	1.8920091296684594	0	0	0	0	0
-1.6955	1.907012540680008	0	0	0	0	0
-1.695	1.921976709421822	0	0	0	0	0
-1.6945	1.9369016557285386	0	0	0	0	0
-1.694	1.95178739938278	0	0	0	0	0
-1.6935	1.9666339601152283	0	0	0	0	0
-1.693	1.9814413576046275	0	0	0	0	0
-1.6925	1.9962096114778105	0	0	0	0	0
-1.692	2.0109387413097144	0	0	0	0	0
-1.6915	2.0256287666234325	0	0	0	0	0
-1.691	2.04027970689022	0	0	0	0	0
-1.6905	2.054891581529533	0	0	0	0	0
-1.69	2.069464409909034	0	0	0	0	0
-1.6895	2.083998211344638	0	0	0	0	0
-1.689	2.0984930051005346	0	0	0	0	0
-1.6885	2.1129488103892093	0	0	0	0	0
-1.688	2.1273656463714548	0	0	0	0	0
-1.6875	2.1417435321564287	0	0	0	0	0
-1.687	2.151038834480182	0	0	0	0	0
-1.6864999999999999	2.1474351812065615	0	0	0	0	0
-1.686	2.1447569491644454	0	0	0	0	0
-1.6855	2.1430041348039013	0	0	0	0	0
-1.685	2.1421767358016197	0	0	0	0	0
-1.6844999999999999	2.142274751060904	0	0	0	0	0
-1.684	2.143298180711671	0	0	0	0	0
-1.6835	2.14524702611045	0	0	0	0	0
-1.683	2.148121289840387	0	0	0	0	0
-1.6824999999999999	2.1519209757112465	0	0	0	0	0
-1.682	2.1566460887594148	0	0	0	0	0
-1.6815	2.1622966352479085	0	0	0	0	0
-1.681	2.1688726226663846	0	0	0	0	0
-1.6804999999999999	2.176374059731151	0	0	0	0	0
-1.68	2.184800956385168	0	0	0	0	0
-1.6795	2.1941533237980755	0	0	0	0	0
-1.679	2.2044311743661993	0	0	0	0	0
-1.6784999999999999	2.215634521712576	0	0	0	0	0
-1.678	2.227763380686948	0	0	0	0	0
-1.6775	2.240817767365815	0	0	0	0	0
-1.677	2.2547976990524368	0	0	0	0	0
-1.6764999999999999	2.269703194276867	0	0	0	0	0
-1.676	2.2855342727959465	0	0	0	0	0
-1.6755	2.3022909555933766	0	0	0	0	0
-1.675	2.3199732648797133	0	0	0	0	0
-1.6744999999999999	2.3385812240924224	0	0	0	0	0
-1.674	2.358114857895866	0	0	0	0	0
-1.6735	2.3785741921813846	0	0	0	0	0
-1.673	2.3999592540673076	0	0	0	0	0
-1.6724999999999999	2.4222700718990113	0	0	0	0	0
-1.672	2.44550667524889	0	0	0	0	0
-1.6715	2.4696690949164877	0	0	0	0	0
-1.671	2.494757362928481	0	0	0	0	0
-1.6704999999999999	2.52077151253874	0	0	0	0	0
-1.67	2.547711578228345	0	0	0	0	0
-1.6695	2.5755775957056803	0	0	0	0	0
-1.669	2.6043696019064413	0	0	0	0	0
-1.6684999999999999	2.634087634993719	0	0	0	0	0
-1.668	2.6647317343579906	0	0	0	0	0
-1.6675	2.6963019406172397	0	0	0	0	0
-1.667	2.7287982956169823	0	0	0	0	0
-1.6664999999999999	2.7622208424303274	0	0	0	0	0
-1.666	2.7965696253579844	0	0	0	0	0
-1.6655	2.8318446899284035	0	0	0	0	0
-1.665	2.8680460828978007	0	0	0	0	0
-1.6644999999999999	2.905173852250214	0	0	0	0	0
-1.664	2.943228047197532	0	0	0	0	0
-1.6635	2.982208718179642	0	0	0	0	0
-1.663	3.022115916864434	0	0	0	0	0
-1.6624999999999999	3.062949696147906	0	0	0	0	0
-1.662	3.1047101101541665	0	0	0	0	0
-1.6615	3.147397214235609	0	0	0	0	0
-1.661	3.191011064972897	0	0	0	0	0
-1.6604999999999999	3.235551720175112	0	0	0	0	0
-1.66	3.2810192388797295	0	0	0	0	0
-1.6595	3.327413681352799	0	0	0	0	0
-1.659	3.374735109088993	0	0	0	0	0
-1.6584999999999999	3.4229835848116834	0	0	0	0	0
-1.658	3.4721591724729626	0	0	0	0	0
-1.6575	3.5222619372538335	0	0	0	0	0
-1.657	3.5732919455642564	0	0	0	0	0
-1.6564999999999999	3.62524926504324	0	0	0	0	0
-1.656	3.67813396455884	0	0	0	0	0
-1.6555	3.7319461142084074	0	0	0	0	0
-1.655	3.786685785318593	0	0	0	0	0
-1.6544999999999999	3.8423530504454715	0	0	0	0	0
-1.654	3.8989479833745326	0	0	0	0	0
-1.6535	3.9564706591209546	0	0	0	0	0
-1.653	4.0149211539295875	0	0	0	0	0
-1.6524999999999999	4.074299545275109	0	0	0	0	0
-1.652	4.134605911862028	0	0	0	0	0
-1.6515	4.195840333624921	0	0	0	0	0
-1.651	4.258002891728465	0	0	0	0	0
-1.6504999999999999	4.3210936685675945	0	0	0	0	0
-1.65	4.385112747767465	0	0	0	0	0
-1.6495	4.450060214183786	0	0	0	0	0
-1.649	4.51593615390277	0	0	0	0	0
-1.6484999999999999	4.582740654241335	0	0	0	0	0
-1.648	4.631171083228481	0	0	0	0	0
-1.6475	4.675749553806249	0	0	0	0	0
-1.647	4.720038546781283	0	0	0	0	0
-1.6464999999999999	4.764038120857564	0	0	0	0	0
-1.646	4.807748334355353	0	0	0	0	0
-1.6455	4.851169245211463	0	0	0	0	0
-1.645	4.894300910979209	0	0	0	0	0
-1.6444999999999999	4.9371433888285345	0	0	0	0	0
-1.644	4.979696735546031	0	0	0	0	0
-1.6435	5.021961007535096	0	0	0	0	0
-1.643	5.0639362608159475	0	0	0	0	0
-1.6424999999999998	5.105622551025746	0	0	0	0	0
-1.642	5.147019933418578	0	0	0	0	0
-1.6415	5.188128462865635	0	0	0	0	0
-1.641	5.228948193855234	0	0	0	0	0
-1.6404999999999998	5.2694791804929135	0	0	0	0	0
-1.64	5.309721476501438	0	0	0	0	0
-1.6395	5.349675135220969	0	0	0	0	0
-1.639	5.389340209609063	0	0	0	0	0
-1.6385	5.428716752240783	0	0	0	0	0
-1.638	5.467804815308743	0	0	0	0	0
-1.6375	5.506604450623151	0	0	0	0	0
-1.637	5.545115709611957	0	0	0	0	0
-1.6364999999999998	5.583338643320886	0	0	0	0	0
-1.636	5.621273302413421	0	0	0	0	0
-1.6355	5.658919737171018	0	0	0	0	0
-1.635	5.696277997493071	0	0	0	0	0
-1.6345	5.733348132897003	0	0	0	0	0
-1.634	5.770130192518361	0	0	0	0	0
-1.6335	5.806624225110803	0	0	0	0	0
-1.633	5.842830279046256	0	0	0	0	0
-1.6324999999999998	5.878748402314946	0	0	0	0	0
-1.632	5.914378642525406	0	0	0	0	0
-1.6315	5.949721046904627	0	0	0	0	0
-1.631	5.984775662298074	0	0	0	0	0
-1.6305	6.019542535169753	0	0	0	0	0
-1.63	6.054021711602285	0	0	0	0	0
-1.6295	6.088213237296924	0	0	0	0	0
-1.629	6.122117157573673	0	0	0	0	0
-1.6284999999999998	6.155733517371347	0	0	0	0	0
-1.628	6.189062361247545	0	0	0	0	0
-1.6275	6.222103733378816	0	0	0	0	0
-1.627	6.256206504457821	0	0	0	0	0
-1.6265	6.295124407230617	0	0	0	0	0
-1.626	6.334047908163031	0	0	0	0	0
-1.6255	6.372977058847128	0	0	0	0	0
-1.625	6.411911910882545	0	0	0	0	0
-1.6245	6.450852515876439	0	0	0	0	0
-1.6239999999999999	6.489798925443605	0	0	0	0	0
-1.6235	6.528751191206497	0	0	0	0	0
-1.623	6.567709364795371	0	0	0	0	0
-1.6225	6.6066734978482975	0	0	0	0	0
-1.6219999999999999	6.645643642011268	0	0	0	0	0
-1.6215	6.684619848938183	0	0	0	0	0
-1.621	6.723602170291039	0	0	0	0	0
-1.6205	6.762590657739917	0	0	0	0	0
-1.6199999999999999	6.801585362963081	0	0	0	0	0
-1.6195	6.8405863376469975	0	0	0	0	0
-1.619	6.879593633486478	0	0	0	0	0
-1.6185	6.918607302184715	0	0	0	0	0
-1.6179999999999999	6.957627395453356	0	0	0	0	0
-1.6175	6.996653965012509	0	0	0	0	0
-1.617	7.035687062590917	0	0	0	0	0
-1.6165	7.074726739925967	0	0	0	0	0
-1.6159999999999999	7.1137730487637745	0	0	0	0	0
-1.6155	7.152826040859203	0	0	0	0	0
-1.615	7.191885767976028	0	0	0	0	0
-1.6145	7.230952281886911	0	0	0	0	0
-1.6139999999999999	7.270025634373563	0	0	0	0	0
-1.6135	7.309105877226673	0	0	0	0	0
-1.613	7.348193062246144	0	0	0	0	0
-1.6125	7.38728724124104	0	0	0	0	0
-1.6119999999999999	7.426388466029724	0	0	0	0	0
-1.6115	7.465496788439849	0	0	0	0	0
-1.611	7.504612260308521	0	0	0	0	0
-1.6105	7.543734933482311	0	0	0	0	0
-1.6099999999999999	7.58286485981734	0	0	0	0	0
-1.6095	7.622002091179307	0	0	0	0	0
-1.609	7.661146679443627	0	0	0	0	0
-1.6085	7.700298676495476	0	0	0	0	0
-1.6079999999999999	7.7394581342298485	0	0	0	0	0
-1.6075	7.781091641531358	0	0	0	0	0
-1.607	7.828450627777654	0	0	0	0	0
-1.6065	7.876221215822238	0	0	0	0	0
-1.6059999999999999	7.924403468983846	0	0	0	0	0
-1.6055	7.9729974511267825	0	0	0	0	0
-1.605	8.022003226661159	0	0	0	0	0
-1.6045	8.071420860542892	0	0	0	0	0
-1.6039999999999999	8.121250418273835	0	0	0	0	0
-1.6035	8.17149196590175	0	0	0	0	0
-1.603	8.222145570020567	0	0	0	0	0
-1.6025	8.27321129777034	0	0	0	0	0
-1.6019999999999999	8.32468921683744	0	0	0	0	0
-1.6015	8.376579395454481	0	0	0	0	0
-1.601	8.428881902400624	0	0	0	0	0
-1.6005	8.481596807001495	0	0	0	0	0
-1.5999999999999999	8.534724179129405	0	0	0	0	0
-1.5995	8.588264089203285	0	0	0	0	0
-1.599	8.642216608188955	0	0	0	0	0
-1.5985	8.69658180759912	0	0	0	0	0
-1.5979999999999999	8.751359759493486	0	0	0	0	0
-1.5975	8.806550536478802	0	0	0	0	0
-1.597	8.862154211709067	0	0	0	0	0
-1.5965	8.918170858885544	0	0	0	0	0
-1.5959999999999999	8.9746005522569	0	0	0	0	0
-1.5955	9.03144336661922	0	0	0	0	0
-1.595	9.08869937731624	0	0	0	0	0
-1.5945	9.146368660239357	0	0	0	0	0
-1.5939999999999999	9.204451291827763	0	0	0	0	0
-1.5935	9.262947349068462	0	0	0	0	0
-1.593	9.32185690949653	0	0	0	0	0
-1.5925	9.381180051195084	0	0	0	0	0
-1.5919999999999999	9.440916852795494	0	0	0	0	0
-1.5915	9.501067393477307	0	0	0	0	0
-1.591	9.56163175296857	0	0	0	0	0
-1.5905	9.622610011545818	0	0	0	0	0
-1.5899999999999999	9.684002250034203	0	0	0	0	0
-1.5895	9.74580854980753	0	0	0	0	0
-1.589	9.808028992788524	0	0	0	0	0
-1.5885	9.870663661448784	0	0	0	0	0
-1.5879999999999999	9.933712638809029	0	0	0	0	0
-1.5875	9.997176008439013	0	0	0	0	0
-1.587	10.061053854457855	0	0	0	0	0
-1.5865	10.125346261534016	0	0	0	0	0
-1.5859999999999999	10.190053314885493	0	0	0	0	0
-1.5855	10.24654941757149	0	0	0	0	0
-1.585	10.293863069203615	0	0	0	0	0
-1.5845	10.341542976649205	0	0	0	0	0
-1.5839999999999999	10.389589203106793	0	0	0	0	0
-1.5835	10.438001812260397	0	0	0	0	0
-1.583	10.486780868279721	0	0	0	0	0
-1.5825	10.535926435820173	0	0	0	0	0
-1.5819999999999999	10.585438580022972	0	0	0	0	0
-1.5815	10.63531736651517	0	0	0	0	0
-1.581	10.685562861409869	0	0	0	0	0
-1.5805	10.736175131306183	0	0	0	0	0
-1.58	10.787154243289404	0	0	0	0	0
-1.5795	10.83850026493107	0	0	0	0	0
-1.579	10.890213264288999	0	0	0	0	0
-1.5785	10.942293309907473	0	0	0	0	0
-1.5779999999999998	10.994740470817296	0	0	0	0	0
-1.5775	11.047554816535817	0	0	0	0	0
-1.577	11.10073641706712	0	0	0	0	0
-1.5765	11.154285342902083	0	0	0	0	0
-1.576	11.208201665018446	0	0	0	0	0
-1.5755	11.262485454880956	0	0	0	0	0
-1.575	11.317136784441347	0	0	0	0	0
-1.5745	11.372155726138606	0	0	0	0	0
-1.5739999999999998	11.427542352898955	0	0	0	0	0
-1.5735	11.483296738135934	0	0	0	0	0
-1.573	11.539418955750588	0	0	0	0	0
-1.5725	11.595909080131484	0	0	0	0	0
-1.572	11.652767186154865	0	0	0	0	0
-1.5715	11.709993349184733	0	0	0	0	0
-1.571	11.767587645072863	0	0	0	0	0
-1.5705	11.825550150159062	0	0	0	0	0
-1.5699999999999998	11.883880941271183	0	0	0	0	0
-1.5695	11.942580095725177	0	0	0	0	0
-1.569	12.001647691325301	0	0	0	0	0
-1.5685	12.061083806364156	0	0	0	0	0
-1.568	12.120888519622808	0	0	0	0	0
-1.5675	12.181061910370921	0	0	0	0	0
-1.567	12.241604058366734	0	0	0	0	0
-1.5665	12.302515043857381	0	0	0	0	0
-1.5659999999999998	12.363794947578842	0	0	0	0	0
-1.5655	12.425443850756018	0	0	0	0	0
-1.565	12.487461835103009	0	0	0	0	0
-1.5645	12.549848982823082	0	0	0	0	0
-1.564	12.612605376608803	0	0	0	0	0
-1.5635	12.675731099642235	0	0	0	0	0
-1.563	12.739226235594858	0	0	0	0	0
-1.5625	12.803090868627887	0	0	0	0	0
-1.5619999999999998	12.867325083392316	0	0	0	0	0
-1.5614999999999999	12.932838478800779	0	0	0	0	0
-1.561	12.999549583958922	0	0	0	0	0
-1.5605	13.066508921790724	0	0	0	0	0
-1.56	13.133716581049107	0	0	0	0	0
-1.5594999999999999	13.201172650816135	0	0	0	0	0
-1.559	13.268877220503057	0	0	0	0	0
-1.5585	13.336830379850609	0	0	0	0	0
-1.5579999999999998	13.405032218929012	0	0	0	0	0
-1.5574999999999999	13.473482828138012	0	0	0	0	0
-1.557	13.542182298207182	0	0	0	0	0
-1.5565	13.611130720195941	0	0	0	0	0
-1.556	13.680328185493668	0	0	0	0	0
-1.5554999999999999	13.749774785819886	0	0	0	0	0
-1.555	13.819470613224237	0	0	0	0	0
-1.5545	13.889415760086811	0	0	0	0	0
-1.554	13.95961031911813	0	0	0	0	0
-1.5534999999999999	14.030054383359333	0	0	0	0	0
-1.553	14.100748046182185	0	0	0	0	0
-1.5525	14.171691401289369	0	0	0	0	0
-1.552	14.242884542714513	0	0	0	0	0
-1.5514999999999999	14.314327564822351	0	0	0	0	0
-1.551	14.38602056230874	0	0	0	0	0
-1.5505	14.457963630200956	0	0	0	0	0
-1.55	14.530156863857707	0	0	0	0	0
-1.5494999999999999	14.602600358969351	0	0	0	0	0
-1.549	14.675294211557835	0	0	0	0	0
-1.5485	14.748238517977041	0	0	0	0	0
-1.548	14.821433374912807	0	0	0	0	0
-1.5474999999999999	14.894878879383082	0	0	0	0	0
-1.547	14.968575128737982	0	0	0	0	0
-1.5465	15.04252222066003	0	0	0	0	0
-1.546	15.116720253164237	0	0	0	0	0
-1.5454999999999999	15.19116932459823	0	0	0	0	0
-1.545	15.265869533642329	0	0	0	0	0
-1.5445	15.340820979309779	0	0	0	0	0
-1.544	15.416023760946839	0	0	0	0	0
-1.5434999999999999	15.491477978232918	0	0	0	0	0
-1.543	15.56718373118059	0	0	0	0	0
-1.5425	15.643141120135972	0	0	0	0	0
-1.542	15.719350245778655	0	0	0	0	0
-1.5414999999999999	15.79581120912192	0	0	0	0	0
-1.541	15.872524111512774	0	0	0	0	0
-1.5405	15.949489054632277	0	0	0	0	0
-1.54	16.026706140495502	0	0	0	0	0
-1.5394999999999999	16.10417547145177	0	0	0	0	0
-1.539	16.181897150184653	0	0	0	0	0
-1.5385	16.259871279712307	0	0	0	0	0
-1.538	16.338097963387455	0	0	0	0	0
-1.5374999999999999	16.416577304897636	0	0	0	0	0
-1.537	16.49530940826514	0	0	0	0	0
-1.5365	16.574294377847423	0	0	0	0	0
-1.536	16.653532318337064	0	0	0	0	0
-1.5354999999999999	16.733023334761974	0	0	0	0	0
-1.535	16.812767532485424	0	0	0	0	0
-1.5345	16.892765017206347	0	0	0	0	0
-1.534	16.973015894959392	0	0	0	0	0
-1.5334999999999999	17.053520272115104	0	0	0	0	0
-1.533	17.13322460605993	0	0	0	0	0
-1.5325	17.210554998417265	0	0	0	0	0
-1.532	17.287878330711298	0	0	0	0	0
-1.5314999999999999	17.365194705432202	0	0	0	0	0
-1.531	17.4425042250608	0	0	0	0	0
-1.5305	17.51980699206894	0	0	0	0	0
-1.53	17.597103108919466	0	0	0	0	0
-1.5294999999999999	17.674392678066464	0	0	0	0	0
-1.529	17.75167580195524	0	0	0	0	0
-1.5285	17.828952583022648	0	0	0	0	0
-1.528	17.906223123697092	0	0	0	0	0
-1.5274999999999999	17.983487526398772	0	0	0	0	0
-1.527	18.060745893539625	0	0	0	0	0
-1.5265	18.13799832752368	0	0	0	0	0
-1.526	18.21524493074709	0	0	0	0	0
-1.5254999999999999	18.2924858055983	0	0	0	0	0
-1.525	18.369721054458083	0	0	0	0	0
-1.5245	18.446950779699815	0	0	0	0	0
-1.524	18.524175083689556	0	0	0	0	0
-1.5234999999999999	18.601394068786202	0	0	0	0	0
-1.523	18.678607837341477	0	0	0	0	0
-1.5225	18.75581649170033	0	0	0	0	0
-1.522	18.83302013420086	0	0	0	0	0
-1.5215	18.910218867174553	0	0	0	0	0
-1.521	18.987412792946404	0	0	0	0	0
-1.5205	19.06460201383493	0	0	0	0	0
-1.52	19.141786632152535	0	0	0	0	0
-1.5194999999999999	19.218966750205503	0	0	0	0	0
-1.519	19.296142470294058	0	0	0	0	0
-1.5185	19.37331389471269	0	0	0	0	0
-1.518	19.450481125750187	0	0	0	0	0
-1.5175	19.527644265689744	0	0	0	0	0
-1.517	19.604803416809187	0	0	0	0	0
-1.5165	19.681958681380948	0	0	0	0	0
-1.516	19.759110161672407	0	0	0	0	0
-1.5154999999999998	19.836257959945943	0	0	0	0	0
-1.515	19.91340217845893	0	0	0	0	0
-1.5145	19.990542919464104	0	0	0	0	0
-1.514	20.06768028520957	0	0	0	0	0
-1.5135	20.144814377938967	0	0	0	0	0
-1.513	20.22306549070077	0	0	0	0	0
-1.5125	20.30282233214507	0	0	0	0	0
-1.512	20.38270219887078	0	0	0	0	0
-1.5114999999999998	20.46270519675669	0	0	0	0	0
-1.511	20.542831431844665	0	0	0	0	0
-1.5105	20.623081010340037	0	0	0	0	0
-1.51	20.703454038611603	0	0	0	0	0
-1.5095	20.783950623191757	0	0	0	0	0
-1.509	20.864570870776742	0	0	0	0	0
-1.5085	20.94531488822656	0	0	0	0	0
-1.508	21.026182782565407	0	0	0	0	0
-1.5074999999999998	21.10717466098166	0	0	0	0	0
-1.507	21.188290630827932	0	0	0	0	0
-1.5065	21.26953079962144	0	0	0	0	0
-1.506	21.350895275043953	0	0	0	0	0
-1.5055	21.43238416494201	0	0	0	0	0
-1.505	21.513997577327142	0	0	0	0	0
-1.5045	21.595735620375756	0	0	0	0	0
-1.504	21.677598402429613	0	0	0	0	0
-1.5034999999999998	21.75958603199578	0	0	0	0	0
-1.503	21.84169861774672	0	0	0	0	0
-1.5025	21.92393626852062	0	0	0	0	0
-1.502	22.006299093321402	0	0	0	0	0
-1.5015	22.088787201318908	0	0	0	0	0
-1.501	22.171400701849077	0	0	0	0	0
-1.5005	22.254139704413927	0	0	0	0	0
-1.5	22.33700431868195	0	0	0	0	0
-1.4994999999999998	22.419994654488136	0	0	0	0	0
-1.4989999999999999	22.503110821833996	0	0	0	0	0
-1.4985	22.586352930887923	0	0	0	0	0
-1.498	22.669721091985267	0	0	0	0	0
-1.4975	22.753215415628386	0	0	0	0	0
-1.4969999999999999	22.836836012486923	0	0	0	0	0
-1.4965	22.9205829933978	0	0	0	0	0
-1.496	23.004456469365564	0	0	0	0	0
-1.4954999999999998	23.0884565515624	0	0	0	0	0
-1.4949999999999999	23.172583351328228	0	0	0	0	0
-1.4945	23.25683698017102	0	0	0	0	0
-1.494	23.341217549766835	0	0	0	0	0
-1.4935	23.425720993744306	0	0	0	0	0
-1.4929999999999999	23.50487481778724	0	0	0	0	0
-1.4925	23.58420669794932	0	0	0	0	0
-1.492	23.663716739383016	0	0	0	0	0
-1.4915	23.743405047476866	0	0	0	0	0
-1.4909999999999999	23.823271727855737	0	0	0	0	0
-1.4905	23.903316886380832	0	0	0	0	0
-1.49	23.983540629150003	0	0	0	0	0
-1.4895	24.063943062497803	0	0	0	0	0
-1.4889999999999999	24.144524292995634	0	0	0	0	0
-1.4885	24.22528442745183	0	0	0	0	0
-1.488	24.306223572911914	0	0	0	0	0
-1.4875	24.3873418366587	0	0	0	0	0
-1.4869999999999999	24.4686393262124	0	0	0	0	0
-1.4865	24.550116149330737	0	0	0	0	0
-1.486	24.6317724140092	0	0	0	0	0
-1.4855	24.71360822848109	0	0	0	0	0
-1.4849999999999999	24.795623701217746	0	0	0	0	0
-1.4845	24.877818940928528	0	0	0	0	0
-1.484	24.960194056561196	0	0	0	0	0
-1.4835	25.042749157301852	0	0	0	0	0
-1.4829999999999999	25.125484352575263	0	0	0	0	0
-1.4825	25.20839975204472	0	0	0	0	0
-1.482	25.291495465612563	0	0	0	0	0
-1.4815	25.37477160342001	0	0	0	0	0
-1.4809999999999999	25.458228275847567	0	0	0	0	0
-1.4805	25.541865593514817	0	0	0	0	0
-1.48	25.625683667280974	0	0	0	0	0
-1.4795	25.70968260824476	0	0	0	0	0
-1.4789999999999999	25.793862527744658	0	0	0	0	0
-1.4785	25.87822353735898	0	0	0	0	0
-1.478	25.962765748906143	0	0	0	0	0
-1.4775	26.04748927444467	0	0	0	0	0
-1.4769999999999999	26.132394226273536	0	0	0	0	0
-1.4765	26.217480716932005	0	0	0	0	0
-1.476	26.30274885920009	0	0	0	0	0
-1.4755	26.38819876609859	0	0	0	0	0
-1.4749999999999999	26.47283516117114	0	0	0	0	0
-1.4745	26.556930873076695	0	0	0	0	0
-1.474	26.641337178531426	0	0	0	0	0
-1.4735	26.726054189413762	0	0	0	0	0
-1.4729999999999999	26.81108201801401	0	0	0	0	0
-1.4725	26.896420777034297	0	0	0	0	0
-1.472	26.982070579589067	0	0	0	0	0
-1.4715	27.068031539204927	0	0	0	0	0
-1.4709999999999999	27.15430376982102	0	0	0	0	0
-1.4705	27.240887385788888	0	0	0	0	0
-1.47	27.327782501872992	0	0	0	0	0
-1.4695	27.414989233250616	0	0	0	0	0
-1.4689999999999999	27.50250769551207	0	0	0	0	0
-1.4685	27.590338004660794	0	0	0	0	0
-1.468	27.678480277113717	0	0	0	0	0
-1.4675	27.76693462970116	0	0	0	0	0
-1.4669999999999999	27.85570117966715	0	0	0	0	0
-1.4665	27.944780044669443	0	0	0	0	0
-1.466	28.034171342779842	0	0	0	0	0
-1.4655	28.123875192484284	0	0	0	0	0
-1.4649999999999999	28.213891712682976	0	0	0	0	0
-1.4645	28.30422102269042	0	0	0	0	0
-1.464	28.39486324223591	0	0	0	0	0
-1.4635	28.48581849146339	0	0	0	0	0
-1.4629999999999999	28.577086890931803	0	0	0	0	0
-1.4625	28.668668561614975	0	0	0	0	0
-1.462	28.76056362490218	0	0	0	0	0
-1.4615	28.852772202597993	0	0	0	0	0
-1.4609999999999999	28.945294416922568	0	0	0	0	0
-1.4605	29.043280091240295	0	0	0	0	0
-1.46	29.143302525743756	0	0	0	0	0
-1.4595	29.24316614391623	0	0	0	0	0
-1.459	29.34287107812438	0	0	0	0	0
-1.4585	29.44241746052465	0	0	0	0	0
-1.458	29.541805423063117	0	0	0	0	0
-1.4575	29.641035097476102	0	0	0	0	0
-1.4569999999999999	29.740106615290053	0	0	0	0	0
-1.4565	29.839020107821632	0	0	0	0	0
-1.456	29.937775706178282	0	0	0	0	0
-1.4555	30.03637354125799	0	0	0	0	0
-1.455	30.134813743749714	0	0	0	0	0
-1.4545	30.233096444133473	0	0	0	0	0
-1.454	30.331221772680422	0	0	0	0	0
-1.4535	30.429189859453263	0	0	0	0	0
-1.4529999999999998	30.527000834306243	0	0	0	0	0
-1.4525	30.62465482688523	0	0	0	0	0
-1.452	30.722151966628175	0	0	0	0	0
-1.4515	30.81949238276505	0	0	0	0	0
-1.451	30.91667620431816	0	0	0	0	0
-1.4505	31.013703560102186	0	0	0	0	0
-1.45	31.11057457872436	0	0	0	0	0
-1.4495	31.20728938858483	0	0	0	0	0
-1.4489999999999998	31.303848117876644	0	0	0	0	0
-1.4485	31.40025089458589	0	0	0	0	0
-1.448	31.49649784649203	0	0	0	0	0
-1.4475	31.592589101167974	0	0	0	0	0
-1.447	31.688524785980224	0	0	0	0	0
-1.4465	31.784305028089165	0	0	0	0	0
-1.446	31.879929954449008	0	0	0	0	0
-1.4455	31.97539969180819	0	0	0	0	0
-1.4449999999999998	32.07046848556344	0	0	0	0	0
-1.4445	32.164563342032906	0	0	0	0	0
-1.444	32.258595246464374	0	0	0	0	0
-1.4435	32.352564323494704	0	0	0	0	0
-1.443	32.44647069767755	0	0	0	0	0
-1.4425	32.54031449348348	0	0	0	0	0
-1.442	32.63409583529996	0	0	0	0	0
-1.4415	32.727814847431844	0	0	0	0	0
-1.4409999999999998	32.82147165410137	0	0	0	0	0
-1.4405	32.91506637944816	0	0	0	0	0
-1.44	33.00859914752969	0	0	0	0	0
-1.4395	33.10207008232125	0	0	0	0	0
-1.439	33.19547930771624	0	0	0	0	0
-1.4385	33.28882694752627	0	0	0	0	0
-1.438	33.38211312548115	0	0	0	0	0
-1.4375	33.47533796522941	0	0	0	0	0
-1.4369999999999998	33.568501590338236	0	0	0	0	0
-1.4364999999999999	33.66160412429362	0	0	0	0	0
-1.436	33.7546456905006	0	0	0	0	0
-1.4355	33.84762641228343	0	0	0	0	0
-1.435	33.940546412885716	0	0	0	0	0
-1.4344999999999999	34.03340581547062	0	0	0	0	0
-1.434	34.12620474312079	0	0	0	0	0
-1.4335	34.218943318838946	0	0	0	0	0
-1.4329999999999998	34.311621665547754	0	0	0	0	0
-1.4324999999999999	34.39721625590825	0	0	0	0	0
-1.432	34.47860149315993	0	0	0	0	0
-1.4315	34.56074356616351	0	0	0	0	0
-1.431	34.64364258379621	0	0	0	0	0
-1.4304999999999999	34.727298655938625	0	0	0	0	0
-1.43	34.81171189347469	0	0	0	0	0
-1.4295	34.89688240829204	0	0	0	0	0
-1.4289999999999998	34.98281031328206	0	0	0	0	0
-1.4284999999999999	35.06949572233997	0	0	0	0	0
-1.428	35.1569387503651	0	0	0	0	0
-1.4275	35.24513951326099	0	0	0	0	0
-1.427	35.334098127935476	0	0	0	0	0
-1.4264999999999999	35.423814712301024	0	0	0	0	0
-1.426	35.514289385274594	0	0	0	0	0
-1.4255	35.60552226677813	0	0	0	0	0
-1.4249999999999998	35.697513477738546	0	0	0	0	0
-1.4244999999999999	35.79026314008777	0	0	0	0	0
-1.424	35.883771376763185	0	0	0	0	0
-1.4235	35.97803831170759	0	0	0	0	0
-1.423	36.07306406986938	0	0	0	0	0
-1.4224999999999999	36.1688487772029	0	0	0	0	0
-1.422	36.26539256066822	0	0	0	0	0
-1.4215	36.36269554823174	0	0	0	0	0
-1.4209999999999998	36.46075786886614	0	0	0	0	0
-1.4204999999999999	36.55957965255046	0	0	0	0	0
-1.42	36.659161030270525	0	0	0	0	0
-1.4195	36.75950213401891	0	0	0	0	0
-1.419	36.86060309679524	0	0	0	0	0
-1.4184999999999999	36.962464052606286	0	0	0	0	0
-1.418	37.065566367957146	0	0	0	0	0
-1.4175	37.17974478797171	0	0	0	0	0
-1.4169999999999998	37.2936544010979	0	0	0	0	0
-1.4164999999999999	37.40729535831998	0	0	0	0	0
-1.416	37.520667810266175	0	0	0	0	0
-1.4155	37.6337719072088	0	0	0	0	0
-1.415	37.746607799064506	0	0	0	0	0
-1.4144999999999999	37.859175635394394	0	0	0	0	0
-1.414	37.97147556540423	0	0	0	0	0
-1.4135	38.08350773794476	0	0	0	0	0
-1.4129999999999998	38.19527230151184	0	0	0	0	0
-1.4124999999999999	38.306769404246495	0	0	0	0	0
-1.412	38.41799919393532	0	0	0	0	0
-1.4115	38.528961818010586	0	0	0	0	0
-1.411	38.639657423550496	0	0	0	0	0
-1.4104999999999999	38.75008615727924	0	0	0	0	0
-1.41	38.860248165567285	0	0	0	0	0
-1.4095	38.97014359443159	0	0	0	0	0
-1.409	39.079772589535764	0	0	0	0	0
-1.4085	39.18913529619029	0	0	0	0	0
-1.408	39.29823185935269	0	0	0	0	0
-1.4075	39.40706242362758	0	0	0	0	0
-1.407	39.51562713326721	0	0	0	0	0
-1.4064999999999999	39.62392613217139	0	0	0	0	0
-1.406	39.731959563887585	0	0	0	0	0
-1.4055	39.83972757161141	0	0	0	0	0
-1.405	39.947230298186675	0	0	0	0	0
-1.4045	40.0544678861055	0	0	0	0	0
-1.404	40.16144047750864	0	0	0	0	0
-1.4035	40.26814821418544	0	0	0	0	0
-1.403	40.37459123757438	0	0	0	0	0
-1.4024999999999999	40.48076968876302	0	0	0	0	0
-1.402	40.58668370848811	0	0	0	0	0
-1.4015	40.69233343713606	0	0	0	0	0
-1.401	40.797719014742924	0	0	0	0	0
-1.4005	40.9028405809946	0	0	0	0	0
-1.4	41.007698275227085	0	0	0	0	0
-1.3995	41.11229223642654	0	0	0	0	0
-1.399	41.216622603229645	0	0	0	0	0
-1.3984999999999999	41.32068951392372	0	0	0	0	0
-1.398	41.42449310644669	0	0	0	0	0
-1.3975	41.52803351838766	0	0	0	0	0
-1.397	41.63131088698683	0	0	0	0	0
-1.3965	41.73432534913571	0	0	0	0	0
-1.396	41.837077041377434	0	0	0	0	0
-1.3955	41.93956609990666	0	0	0	0	0
-1.395	42.041792660570096	0	0	0	0	0
-1.3944999999999999	42.1437568588665	0	0	0	0	0
-1.394	42.24545882994675	0	0	0	0	0
-1.3935	42.34792402271301	0	0	0	0	0
-1.393	42.45590005809665	0	0	0	0	0
-1.3925	42.56409760682457	0	0	0	0	0
-1.392	42.67251681230996	0	0	0	0	0
-1.3915	42.78115781825964	0	0	0	0	0
-1.391	42.890020768674546	0	0	0	0	0
-1.3904999999999998	42.9991058078498	0	0	0	0	0
-1.39	43.10841308037477	0	0	0	0	0
-1.3895	43.217942731133554	0	0	0	0	0
-1.389	43.32769490530488	0	0	0	0	0
-1.3885	43.43766974836252	0	0	0	0	0
-1.388	43.54786740607536	0	0	0	0	0
-1.3875	43.65828802450755	0	0	0	0	0
-1.387	43.768931750018794	0	0	0	0	0
-1.3864999999999998	43.87979872926468	0	0	0	0	0
-1.386	43.99088910919645	0	0	0	0	0
-1.3855	44.1022030370616	0	0	0	0	0
-1.385	44.21374066040401	0	0	0	0	0
-1.3845	44.32550212706389	0	0	0	0	0
-1.384	44.43748758517833	0	0	0	0	0
-1.3835	44.549697183181095	0	0	0	0	0
-1.383	44.66213106980324	0	0	0	0	0
-1.3824999999999998	44.77478939407307	0	0	0	0	0
-1.382	44.88767230531623	0	0	0	0	0
-1.3815	45.000779953156226	0	0	0	0	0
-1.381	45.114112487514355	0	0	0	0	0
-1.3805	45.22767005861008	0	0	0	0	0
-1.38	45.34145281696109	0	0	0	0	0
-1.3795	45.45546091338343	0	0	0	0	0
-1.379	45.56969449899203	0	0	0	0	0
-1.3784999999999998	45.684153725200666	0	0	0	0	0
-1.378	45.79883874372204	0	0	0	0	0
-1.3775	45.91374970656826	0	0	0	0	0
-1.377	46.028886766050924	0	0	0	0	0
-1.3765	46.14425007478131	0	0	0	0	0
-1.376	46.25983978567055	0	0	0	0	0
-1.3755	46.37565605192986	0	0	0	0	0
-1.375	46.491699027070744	0	0	0	0	0
-1.3744999999999998	46.60225715185438	0	0	0	0	0
-1.3739999999999999	46.71235825019215	0	0	0	0	0
-1.3735	46.82236743437957	0	0	0	0	0
-1.373	46.932284850231	0	0	0	0	0
-1.3725	47.042110643439166	0	0	0	0	0
-1.3719999999999999	47.151844959575456	0	0	0	0	0
-1.3715	47.261487944089815	0	0	0	0	0
-1.371	47.37103974231129	0	0	0	0	0
-1.3704999999999998	47.480500499448084	0	0	0	0	0
-1.3699999999999999	47.58987036058752	0	0	0	0	0
-1.3695	47.69914947069667	0	0	0	0	0
-1.369	47.80833797462222	0	0	0	0	0
-1.3685	47.91743601709073	0	0	0	0	0
-1.3679999999999999	48.02644374270898	0	0	0	0	0
-1.3675	48.135361295963826	0	0	0	0	0
-1.367	48.2441888212228	0	0	0	0	0
-1.3664999999999998	48.35292646273404	0	0	0	0	0
-1.3659999999999999	48.46157436462651	0	0	0	0	0
-1.3655	48.57013267091023	0	0	0	0	0
-1.365	48.67860152547653	0	0	0	0	0
-1.3645	48.7869810720981	0	0	0	0	0
-1.3639999999999999	48.89527145442935	0	0	0	0	0
-1.3635	49.003472816006315	0	0	0	0	0
-1.363	49.111585300247256	0	0	0	0	0
-1.3624999999999998	49.219609050452554	0	0	0	0	0
-1.3619999999999999	49.32754420980483	0	0	0	0	0
-1.3615	49.43539092136951	0	0	0	0	0
-1.361	49.54314932809465	0	0	0	0	0
-1.3605	49.65081957281127	0	0	0	0	0
-1.3599999999999999	49.75840179823364	0	0	0	0	0
-1.3595	49.865896146959145	0	0	0	0	0
-1.359	49.97330276146889	0	0	0	0	0
-1.3584999999999998	50.080621784127665	0	0	0	0	0
-1.3579999999999999	50.18785335718402	0	0	0	0	0
-1.3575	50.29499762277074	0	0	0	0	0
-1.357	50.40205472290482	0	0	0	0	0
-1.3565	50.50902479948775	0	0	0	0	0
-1.3559999999999999	50.615907994305694	0	0	0	0	0
-1.3555	50.72270444902955	0	0	0	0	0
-1.355	50.829414305215344	0	0	0	0	0
-1.3544999999999998	50.93603770430431	0	0	0	0	0
-1.3539999999999999	51.04564052761325	0	0	0	0	0
-1.3535	51.15915149829678	0	0	0	0	0
-1.353	51.27271894311472	0	0	0	0	0
-1.3525	51.38634301259777	0	0	0	0	0
-1.3519999999999999	51.50002385735182	0	0	0	0	0
-1.3515	51.61376162805788	0	0	0	0	0
-1.351	51.7275564754725	0	0	0	0	0
-1.3504999999999998	51.84140855042794	0	0	0	0	0
-1.3499999999999999	51.95531800383213	0	0	0	0	0
-1.3495	52.06928498666923	0	0	0	0	0
-1.349	52.18330964999958	0	0	0	0	0
-1.3485	52.29739214495998	0	0	0	0	0
-1.3479999999999999	52.41153262276394	0	0	0	0	0
-1.3475	52.52573123470166	0	0	0	0	0
-1.347	52.639988132140594	0	0	0	0	0
-1.3465	52.75430346652535	0	0	0	0	0
-1.346	52.868677389377986	0	0	0	0	0
-1.3455	52.983110052298294	0	0	0	0	0
-1.345	53.09760160696382	0	0	0	0	0
-1.3445	53.2121522051302	0	0	0	0	0
-1.3439999999999999	53.32676199863145	0	0	0	0	0
-1.3435	53.441431139379844	0	0	0	0	0
-1.343	53.55615977936643	0	0	0	0	0
-1.3425	53.670948070661176	0	0	0	0	0
-1.342	53.785796165413	0	0	0	0	0
-1.3415	53.900704215850226	0	0	0	0	0
-1.341	54.01567237428047	0	0	0	0	0
-1.3405	54.13070079309116	0	0	0	0	0
-1.3399999999999999	54.24578962474957	0	0	0	0	0
-1.3395	54.360939021803	0	0	0	0	0
-1.339	54.47614913687902	0	0	0	0	0
-1.3385	54.59142012268578	0	0	0	0	0
-1.338	54.70675213201203	0	0	0	0	0
-1.3375	54.82214531772751	0	0	0	0	0
-1.337	54.9375998327828	0	0	0	0	0
-1.3365	55.053115830210054	0	0	0	0	0
-1.3359999999999999	55.16869346312282	0	0	0	0	0
-1.3355	55.28433288471621	0	0	0	0	0
-1.335	55.400034248267445	0	0	0	0	0
-1.3345	55.515797707135704	0	0	0	0	0
-1.334	55.63162341476252	0	0	0	0	0
-1.3335	55.74751152467203	0	0	0	0	0
-1.333	55.863462190470855	0	0	0	0	0
-1.3325	55.97947556584872	0	0	0	0	0
-1.3319999999999999	56.0954355814988	0	0	0	0	0
-1.3315	56.21110887296252	0	0	0	0	0
-1.331	56.32687937501936	0	0	0	0	0
-1.3305	56.44274724112019	0	0	0	0	0
-1.33	56.55871262484493	0	0	0	0	0
-1.3295	56.674775679902815	0	0	0	0	0
-1.329	56.79093656013234	0	0	0	0	0
-1.3285	56.90719541950193	0	0	0	0	0
-1.3279999999999998	57.02355241210972	0	0	0	0	0
-1.3275	57.140007692183936	0	0	0	0	0
-1.327	57.25656141408315	0	0	0	0	0
-1.3265	57.37321373229631	0	0	0	0	0
-1.326	57.48996480144314	0	0	0	0	0
-1.3255	57.606814776274284	0	0	0	0	0
-1.325	57.72376381167134	0	0	0	0	0
-1.3245	57.8408120626473	0	0	0	0	0
-1.3239999999999998	57.95795968434674	0	0	0	0	0
-1.3235	58.07520683204574	0	0	0	0	0
-1.323	58.19255366115249	0	0	0	0	0
-1.3225	58.310000327207234	0	0	0	0	0
-1.322	58.42754698588258	0	0	0	0	0
-1.3215	58.54519379298365	0	0	0	0	0
-1.321	58.66294090444823	0	0	0	0	0
-1.3205	58.78078847634721	0	0	0	0	0
-1.3199999999999998	58.89873666488456	0	0	0	0	0
-1.3195	59.016785626397564	0	0	0	0	0
-1.319	59.13493551735718	0	0	0	0	0
-1.3185	59.25318649436803	0	0	0	0	0
-1.318	59.37153871416885	0	0	0	0	0
-1.3175	59.49157106178151	0	0	0	0	0
-1.317	59.61409021486467	0	0	0	0	0
-1.3165	59.73645780596956	0	0	0	0	0
-1.3159999999999998	59.85867399729141	0	0	0	0	0
-1.3155	59.98073895082454	0	0	0	0	0
-1.315	60.10265282836302	0	0	0	0	0
-1.3145	60.22441579150063	0	0	0	0	0
-1.314	60.34602800163104	0	0	0	0	0
-1.3135	60.467489619948246	0	0	0	0	0
-1.313	60.588800807446475	0	0	0	0	0
-1.3125	60.70996172492059	0	0	0	0	0
-1.3119999999999998	60.83097253296647	0	0	0	0	0
-1.3114999999999999	60.95183339198071	0	0	0	0	0
-1.311	61.072544462161396	0	0	0	0	0
-1.3105	61.193105903508	0	0	0	0	0
-1.31	61.31351787582164	0	0	0	0	0
-1.3094999999999999	61.4337805387054	0	0	0	0	0
-1.309	61.5538940515643	0	0	0	0	0
-1.3085	61.67385857360575	0	0	0	0	0
-1.3079999999999998	61.79367426383982	0	0	0	0	0
-1.3074999999999999	61.91334128107904	0	0	0	0	0
-1.307	62.032859783939024	0	0	0	0	0
-1.3065	62.15222993083857	0	0	0	0	0
-1.306	62.27145187999978	0	0	0	0	0
-1.3054999999999999	62.39052578944833	0	0	0	0	0
-1.305	62.50945181701365	0	0	0	0	0
-1.3045	62.62823012032917	0	0	0	0	0
-1.3039999999999998	62.74686085683257	0	0	0	0	0
-1.3034999999999999	62.86534418376582	0	0	0	0	0
-1.303	62.983680258175596	0	0	0	0	0
-1.3025	63.10186923691336	0	0	0	0	0
-1.302	63.219911276635656	0	0	0	0	0
-1.3014999999999999	63.337806533804226	0	0	0	0	0
-1.301	63.45245458001628	0	0	0	0	0
-1.3005	63.56071553019971	0	0	0	0	0
-1.2999999999999998	63.669650062413666	0	0	0	0	0
-1.2994999999999999	63.779258321048	0	0	0	0	0
-1.299	63.88954045138575	0	0	0	0	0
-1.2985	64.00049659960308	0	0	0	0	0
-1.298	64.11212691276955	0	0	0	0	0
-1.2974999999999999	64.22443153884838	0	0	0	0	0
-1.297	64.33741062669637	0	0	0	0	0
-1.2965	64.45106432606453	0	0	0	0	0
-1.2959999999999998	64.56539278759796	0	0	0	0	0
-1.2954999999999999	64.68039616283612	0	0	0	0	0
-1.295	64.79607460421305	0	0	0	0	0
-1.2945	64.91242826505764	0	0	0	0	0
-1.294	65.02945729959369	0	0	0	0	0
-1.2934999999999999	65.14716186294025	0	0	0	0	0
-1.293	65.26554211111171	0	0	0	0	0
-1.2925	65.38459820101808	0	0	0	0	0
-1.2919999999999998	65.50433029046526	0	0	0	0	0
-1.2914999999999999	65.62473853815501	0	0	0	0	0
-1.291	65.74582310368545	0	0	0	0	0
-1.2905	65.86758414755113	0	0	0	0	0
-1.29	65.9900218311432	0	0	0	0	0
-1.2894999999999999	66.11313631674977	0	0	0	0	0
-1.289	66.23692776755588	0	0	0	0	0
-1.2885	66.38552709532917	0	0	0	0	0
-1.2879999999999998	66.53424437759726	0	0	0	0	0
-1.2874999999999999	66.68018520442808	0	0	0	0	0
-1.287	66.82334976926253	0	0	0	0	0
-1.2865	66.9637382618616	0	0	0	0	0
-1.286	67.1013508683067	0	0	0	0	0
-1.2854999999999999	67.23618777099989	0	0	0	0	0
-1.285	67.36824914866398	0	0	0	0	0
-1.2845	67.49753517634304	0	0	0	0	0
-1.2839999999999998	67.62404602540244	0	0	0	0	0
-1.2835	67.74778186352897	0	0	0	0	0
-1.283	67.8687428547316	0	0	0	0	0
-1.2825	67.98692915934087	0	0	0	0	0
-1.282	68.10234093400975	0	0	0	0	0
-1.2814999999999999	68.21497833171375	0	0	0	0	0
-1.281	68.3248415017507	0	0	0	0	0
-1.2805	68.43193058974158	0	0	0	0	0
-1.28	68.53624573763022	0	0	0	0	0
-1.2795	68.63778708368373	0	0	0	0	0
-1.279	68.7365547624926	0	0	0	0	0
-1.2785	68.83254890497085	0	0	0	0	0
-1.278	68.92576963835631	0	0	0	0	0
-1.2774999999999999	69.01621708621069	0	0	0	0	0
-1.277	69.10389136841977	0	0	0	0	0
-1.2765	69.18879260119364	0	0	0	0	0
-1.276	69.27092089706666	0	0	0	0	0
-1.2755	69.35027636489791	0	0	0	0	0
-1.275	69.42685910987102	0	0	0	0	0
-1.2745	69.5006692334944	0	0	0	0	0
-1.274	69.57170683360155	0	0	0	0	0
-1.2734999999999999	69.63997200435108	0	0	0	0	0
-1.273	69.70546483622664	0	0	0	0	0
-1.2725	69.76818541603734	0	0	0	0	0
-1.272	69.82813382691775	0	0	0	0	0
-1.2715	69.88531014832797	0	0	0	0	0
-1.271	69.93971445605376	0	0	0	0	0
-1.2705	69.99134682220667	0	0	0	0	0
-1.27	70.04020731522407	0	0	0	0	0
-1.2694999999999999	70.0862959998693	0	0	0	0	0
-1.269	70.12961293723173	0	0	0	0	0
-1.2685	70.17015818472689	0	0	0	0	0
-1.268	70.20793179609646	0	0	0	0	0
-1.2675	70.24293382140846	0	0	0	0	0
-1.267	70.27516430705714	0	0	0	0	0
-1.2665	70.3046232957632	0	0	0	0	0
-1.266	70.33131082657377	0	0	0	0	0
-1.2654999999999998	70.35522693486253	0	0	0	0	0
-1.265	70.37637165232964	0	0	0	0	0
-1.2645	70.39474500700192	0	0	0	0	0
-1.264	70.41034702323275	0	0	0	0	0
-1.2635	70.42317772170226	0	0	0	0	0
-1.263	70.43323711941717	0	0	0	0	0
-1.2625	70.44052522971096	0	0	0	0	0
-1.262	70.44504206224383	0	0	0	0	0
-1.2614999999999998	70.44678762300276	0	0	0	0	0
-1.261	70.44576191430146	0	0	0	0	0
-1.2605	70.44196493478032	0	0	0	0	0
-1.26	70.43539667940657	0	0	0	0	0
-1.2595	70.42605713947414	0	0	0	0	0
-1.259	70.41394630260373	0	0	0	0	0
-1.2585	70.39906415274274	0	0	0	0	0
-1.258	70.38141067016521	0	0	0	0	0
-1.2574999999999998	70.36098583147194	0	0	0	0	0
-1.257	70.33778960959032	0	0	0	0	0
-1.2565	70.31182197377431	0	0	0	0	0
-1.256	70.28308288960451	0	0	0	0	0
-1.2555	70.25157231898797	0	0	0	0	0
-1.255	70.21729022015819	0	0	0	0	0
-1.2545	70.1802365476752	0	0	0	0	0
-1.254	70.14041125242524	0	0	0	0	0
-1.2534999999999998	70.09781428162087	0	0	0	0	0
-1.253	70.05244557880094	0	0	0	0	0
-1.2525	70.00430508383036	0	0	0	0	0
-1.252	69.95339273290013	0	0	0	0	0
-1.2515	69.8997084585272	0	0	0	0	0
-1.251	69.8432521895544	0	0	0	0	0
-1.2505	69.78402385115045	0	0	0	0	0
-1.25	69.72202336480964	0	0	0	0	0
-1.2494999999999998	69.65725064835186	0	0	0	0	0
-1.2489999999999999	69.5897056159226	0	0	0	0	0
-1.2485	69.51938817799258	0	0	0	0	0
-1.248	69.44629824135782	0	0	0	0	0
-1.2475	69.37043570913946	0	0	0	0	0
-1.2469999999999999	69.29180048078364	0	0	0	0	0
-1.2465	69.21039245206134	0	0	0	0	0
-1.246	69.12621151506832	0	0	0	0	0
-1.2454999999999998	69.0392575582248	0	0	0	0	0
-1.2449999999999999	68.94953046627562	0	0	0	0	0
-1.2445	68.85703012028972	0	0	0	0	0
-1.244	68.76175639766028	0	0	0	0	0
-1.2435	68.66370917210433	0	0	0	0	0
-1.2429999999999999	68.56288831366278	0	0	0	0	0
-1.2425	68.45929368870019	0	0	0	0	0
-1.242	68.35292515990443	0	0	0	0	0
-1.2414999999999998	68.24378258628673	0	0	0	0	0
-1.2409999999999999	68.13186582318143	0	0	0	0	0
-1.2405	68.01717472224564	0	0	0	0	0
-1.24	67.89970913145923	0	0	0	0	0
-1.2395	67.77946889512455	0	0	0	0	0
-1.2389999999999999	67.6564538538661	0	0	0	0	0
-1.2385	67.53066384463071	0	0	0	0	0
-1.238	67.40209870068684	0	0	0	0	0
-1.2374999999999998	67.27075825162461	0	0	0	0	0
-1.2369999999999999	67.13664232335569	0	0	0	0	0
-1.2365	66.99975073811272	0	0	0	0	0
-1.236	66.86008331444941	0	0	0	0	0
-1.2355	66.71763986724014	0	0	0	0	0
-1.2349999999999999	66.57242020767961	0	0	0	0	0
-1.2345	66.42442414328299	0	0	0	0	0
-1.234	66.27365147788521	0	0	0	0	0
-1.2334999999999998	66.12010201164084	0	0	0	0	0
-1.2329999999999999	65.96377554102405	0	0	0	0	0
-1.2325	65.80467185882804	0	0	0	0	0
-1.232	65.64279075416488	0	0	0	0	0
-1.2315	65.4781320124653	0	0	0	0	0
-1.2309999999999999	65.3106954154782	0	0	0	0	0
-1.2305	65.14048074127075	0	0	0	0	0
-1.23	64.96748776422768	0	0	0	0	0
-1.2294999999999998	64.79171625505106	0	0	0	0	0
-1.2289999999999999	64.61316598076037	0	0	0	0	0
-1.2285	64.4318367046917	0	0	0	0	0
-1.228	64.24772818649767	0	0	0	0	0
-1.2275	64.06084018214707	0	0	0	0	0
-1.2269999999999999	63.87117244392454	0	0	0	0	0
-1.2265	63.67872472043044	0	0	0	0	0
-1.226	63.4834967565801	0	0	0	0	0
-1.2254999999999998	63.285488293603734	0	0	0	0	0
-1.2249999999999999	63.08469906904631	0	0	0	0	0
-1.2245	62.881128816766676	0	0	0	0	0
-1.224	62.67477726693766	0	0	0	0	0
-1.2235	62.46564414604549	0	0	0	0	0
-1.2229999999999999	62.25372917688942	0	0	0	0	0
-1.2225	62.03903207858169	0	0	0	0	0
-1.222	61.821552566546686	0	0	0	0	0
-1.2214999999999998	61.60129035252069	0	0	0	0	0
-1.2209999999999999	61.37824514455192	0	0	0	0	0
-1.2205	61.15241664699951	0	0	0	0	0
-1.22	60.923804560533476	0	0	0	0	0
-1.2195	60.692408582134334	0	0	0	0	0
-1.2189999999999999	60.458228405092456	0	0	0	0	0
-1.2185	60.22126371900815	0	0	0	0	0
-1.218	59.98151420979061	0	0	0	0	0
-1.2175	59.738979559657935	0	0	0	0	0
-1.217	59.493659447136615	0	0	0	0	0
-1.2165	59.24555354706091	0	0	0	0	0
-1.216	58.99466153057299	0	0	0	0	0
-1.2155	58.740983065121675	0	0	0	0	0
-1.2149999999999999	58.48451781446254	0	0	0	0	0
-1.2145	58.22526543865757	0	0	0	0	0
-1.214	57.96322559407421	0	0	0	0	0
-1.2135	57.69839793338529	0	0	0	0	0
-1.213	57.430782105568426	0	0	0	0	0
-1.2125	57.16037775590552	0	0	0	0	0
-1.212	56.88718452598268	0	0	0	0	0
-1.2115	56.61120205368906	0	0	0	0	0
-1.2109999999999999	56.33242997321685	0	0	0	0	0
-1.2105	56.050867915060856	0	0	0	0	0
-1.21	55.76651550601763	0	0	0	0	0
-1.2095	55.47937236918523	0	0	0	0	0
-1.209	55.18943812396273	0	0	0	0	0
-1.2085	54.89671238604948	0	0	0	0	0
-1.208	54.60119476744521	0	0	0	0	0
-1.2075	54.30288487644863	0	0	0	0	0
-1.2069999999999999	54.00178231765745	0	0	0	0	0
-1.2065	53.69788669196808	0	0	0	0	0
-1.206	53.391197596574465	0	0	0	0	0
-1.2055	53.08171462496795	0	0	0	0	0
-1.205	52.76943736693669	0	0	0	0	0
-1.2045	52.454365408564975	0	0	0	0	0
-1.204	52.136498332233174	0	0	0	0	0
-1.2035	51.81583571661638	0	0	0	0	0
-1.2029999999999998	51.49237713668427	0	0	0	0	0
-1.2025	51.16612216370098	0	0	0	0	0
-1.202	50.83707036522367	0	0	0	0	0
-1.2015	50.50522130510253	0	0	0	0	0
-1.201	50.17057454348	0	0	0	0	0
-1.2005	49.83312963679014	0	0	0	0	0
-1.2	49.49288613775859	0	0	0	0	0